2mm
[0.125, 0.125, 0.125, 0.125, 0.125, 0.125, 0.1875, 0.1875, 15.6875, 15.6875, 31.6875, 31.6875, 3999.6875, 3999.6875, 1000119.625]
3mm
[0.125, 0.125, 0.125, 0.125, 0.125, 0.125, 0.125, 0.125, 0.125, 0.1875, 0.1875, 0.1875, 15.6875, 15.6875, 15.6875, 31.6875, 31.6875, 31.6875, 3999.6875, 3999.6875, 3999.6875, 970164.5, 1996255.9375]
adi
[0.0625, 0.125, 0.125, 0.125, 0.125, 0.125, 0.125, 0.125, 0.125, 0.125, 0.125, 0.125, 0.125, 0.125, 0.1875, 0.1875, 0.1875, 0.1875, 0.25, 0.25, 0.25, 0.25, 0.25, 0.25, 0.25, 0.25, 0.3125, 0.3125, 0.3125, 0.3125, 0.375, 0.4375, 0.4375, 0.4375, 64.125, 64.125, 128.0, 128.0, 191.875, 255.75, 255.8125, 255.8125, 255.8125, 319.5625, 383.4375, 383.5, 383.5, 383.5, 383.5, 62128.5, 124083.4375, 124143.875, 127096.3125, 130276.0625, 191953.9375, 256971.4375, 321921.8125, 325570.25, 387091.75, 390786.6875, 452381.0625, 517406.375, 582394.1875]
atax
[0.0625, 0.125, 0.125, 0.125, 0.125, 0.125, 0.1875, 0.1875, 0.25, 0.25, 0.3125, 60.8125, 60.875, 124.625, 188.3125]
bicg
[0.0625, 0.125, 0.1875, 0.1875, 0.25, 0.25, 0.25, 0.25, 0.375, 0.4375, 0.4375, 63.9375, 127.4375]
cholesky
[0.125, 0.125, 0.125, 0.125, 0.125, 0.125, 0.125, 0.125, 0.125, 0.1875, 0.25, 0.25, 0.6875, 63.75, 63.75, 63.75, 63.75, 63.75, 63.75, 63.75, 63.75, 63.75, 63.75, 63.75, 63.75, 63.75, 63.75, 63.75, 63.75, 63.75, 63.75, 63.75, 63.75, 63.75, 63.75, 63.75, 63.75, 63.75, 63.75, 63.75, 63.75, 63.75, 63.75, 63.75, 63.75, 63.75, 63.75, 63.75, 63.75, 63.75, 63.75, 63.75, 63.75, 63.75, 63.75, 63.75, 63.75, 63.75, 63.75, 63.75, 63.75, 63.75, 63.75, 63.75, 63.75, 63.75, 63.75, 63.75, 63.75, 63.75, 63.75, 63.75, 63.75, 63.75, 63.75, 63.75, 63.75, 63.75, 63.75, 63.75, 63.75, 63.75, 63.75, 63.75, 63.75, 63.75, 63.75, 63.75, 63.75, 63.75, 63.75, 63.75, 63.75, 63.75, 63.75, 63.75, 63.75, 63.75, 63.75, 63.75, 63.75, 63.75, 63.75, 63.75, 63.75, 63.75, 63.75, 63.75, 63.75, 63.75, 63.75, 63.75, 63.75, 63.75, 63.75, 63.75, 63.75, 63.75, 63.75, 63.75, 63.75, 63.8125, 63.8125, 63.8125, 63.8125, 63.8125, 63.8125, 63.8125, 63.8125, 63.8125, 63.8125, 63.8125, 63.8125, 63.8125, 63.8125, 63.8125, 63.8125, 63.8125, 63.8125, 63.8125, 63.8125, 63.8125, 63.8125, 63.8125, 63.8125, 63.8125, 63.8125, 63.8125, 63.8125, 63.8125, 63.8125, 63.8125, 63.8125, 63.8125, 63.8125, 63.8125, 63.8125, 63.8125, 63.8125, 63.8125, 63.8125, 63.8125, 63.8125, 63.8125, 63.8125, 64.1875, 237.5625, 406.6875, 32825.75]
correlation
[0.125, 0.125, 0.125, 0.125, 0.125, 0.125, 0.125, 0.125, 0.125, 0.125, 0.125, 0.125, 0.125, 0.125, 0.125, 0.125, 0.125, 0.125, 0.125, 0.125, 0.125, 0.125, 0.125, 0.125, 0.125, 0.125, 0.125, 0.125, 0.1875, 0.1875, 64.125, 128.125, 128.125, 128.125, 128.125, 128.125, 128.125, 128.125, 65024.125, 65088.0, 65088.0, 65088.0, 65088.0, 65088.0, 65088.0, 65088.0]
covariance
[0.125, 0.125, 0.125, 0.125, 0.125, 0.125, 0.125, 0.125, 0.125, 0.125, 0.1875, 0.1875, 0.1875, 0.1875, 64.125, 128.125, 128.125, 128.125, 65088.125, 65152.0, 65152.0, 65152.0]
deriche
[0.0625, 0.125, 0.125, 0.125, 0.125, 0.125, 0.1875, 0.1875, 0.1875, 0.1875, 0.1875, 0.25, 0.25, 0.25, 0.25, 0.25, 64.0625, 128.0625, 128.0625, 128.0625, 65536.25, 131072.25, 131072.25, 136168.5625, 142467.625, 187608.1875, 187608.1875, 250266.9375, 250266.9375, 316458.3125]
doitgen
[0.125, 0.125, 0.125, 0.125, 0.125, 0.1875, 3.6875, 7.6875, 9.4375, 9.4375, 231.6875, 233.6875, 457.6875]
durbin
[0.125, 0.125, 0.1875, 0.1875, 0.1875, 0.1875, 0.25, 0.25, 0.25, 51.375, 51.375, 51.375, 67.0625, 104.1875, 117.375, 166.0, 166.0625, 199.9375, 253.4375]
fdtd_2d
[0.125, 0.125, 0.125, 0.125, 0.125, 0.125, 0.125, 0.1875, 0.1875, 0.1875, 0.25, 0.25, 0.25, 0.25, 0.25, 0.25, 0.3125, 0.375, 63.8125, 63.9375, 59713.75, 62474.125, 121546.125, 127927.375, 150144.6875, 183487.0625, 237047.5, 237062.1875, 298665.0, 305470.4375, 370878.5, 370942.5]
floyd_warshall
[0.125, 0.125, 0.1875, 0.1875, 0.25, 0.25, 0.3125, 63.8125, 63.8125, 65407.75, 65471.3125, 65534.3125, 130879.3125, 196287.3125]
gemm
[0.125, 0.125, 0.125, 0.125, 0.1875, 15.6875, 31.6875, 3999.6875]
gemver
[0.125, 0.125, 0.125, 0.125, 0.125, 0.125, 0.125, 0.125, 0.1875, 0.25, 0.25, 0.25, 0.25, 0.25, 0.3125, 0.375, 0.375, 63.75, 63.75, 127.6875, 127.6875, 127.6875, 175.3125, 59318.125, 122957.8125, 185677.25]
gesummv
[0.125, 0.125, 0.125, 0.125, 0.125, 0.1875, 0.1875, 0.1875, 0.25, 0.25, 0.25, 0.3125, 0.375, 63.875]
gramschmidt
[0.0625, 0.0625, 0.0625, 0.125, 0.125, 0.125, 0.1875, 0.1875, 0.1875, 0.1875, 64.1875, 128.1875, 176.1875, 192.1875, 65184.125]
heat_3d
[0.125, 0.125, 0.125, 0.125, 0.1875, 0.1875, 0.1875, 0.1875, 0.1875, 0.1875, 0.1875, 0.1875, 0.1875, 0.25, 0.25, 0.25, 0.3125, 0.375, 0.4375, 0.5, 0.5625, 0.5625, 0.5625, 0.5625, 0.5625, 0.5625, 16.0, 16.0, 31.375, 31.375, 46.8125, 46.8125, 4078.625, 4078.6875, 8095.0, 12111.375, 12111.375, 12111.4375, 16127.3125, 16127.375, 987105.0, 1036286.625, 2006236.25, 2056445.9375, 3028139.125, 3080636.9375, 4050258.375, 4100795.8125, 5071125.9375, 5129019.5, 6153211.0, 7173386.125, 8197577.625, 9217736.875, 10241928.375, 11266104.0]
jacobi_1d
[0.125, 0.125, 0.125, 0.125, 0.125, 0.125, 0.1875, 0.1875, 0.25, 0.25, 60.6875, 63.6875, 124.0625, 127.125, 187.5625, 190.625]
jacobi_2d
[0.125, 0.125, 0.1875, 0.1875, 0.1875, 0.1875, 0.25, 0.3125, 0.375, 0.375, 0.375, 0.375, 0.375, 0.375, 63.8125, 63.8125, 127.25, 127.25, 190.75, 190.75, 62175.3125, 65407.125, 127336.1875, 130623.5, 192549.9375, 254566.5, 257843.5625, 261119.25, 322923.5625, 326463.3125, 391743.5625, 456959.9375]
lu
[0.125, 0.125, 0.125, 0.125, 0.125, 0.125, 0.1875, 0.1875, 0.5, 0.75, 0.75, 0.75, 63.5, 63.5, 63.875, 63.875, 63.875, 63.875, 63.875, 63.875, 63.9375, 125.0, 125.0, 125.0, 125.0, 125.0, 125.0, 125.5, 125.5, 125.5, 125.5, 125.5, 125.5, 125.5, 125.5, 126.0, 126.0, 126.0, 126.0, 126.0, 126.0, 126.0, 126.0, 126.5, 126.5, 126.5, 126.5, 126.5, 126.5, 126.5, 126.5, 126.875, 126.875, 126.875, 127.0, 127.0, 127.0, 127.0, 127.0, 127.25, 127.25, 127.375, 127.375, 127.375, 127.75, 127.75, 127.875, 127.875, 127.875, 130.75, 133.6875, 136.6875, 136.6875, 136.6875, 162.8125, 192.9375, 227.0625, 227.5, 265.625, 328.125, 328.375, 370.5, 416.625, 466.75, 520.875, 579.0, 641.125, 707.25, 777.375, 851.5, 929.625, 1011.75, 1097.875, 1188.0, 1282.125, 1380.25, 1482.375, 1588.5, 1698.625, 1812.75, 1930.875, 2053.0, 2179.125, 29130.5, 58483.5, 87808.5, 87837.1875, 91140.125]
ludcmp
[0.0625, 0.0625, 0.0625, 0.0625, 0.0625, 0.0625, 0.125, 0.125, 0.125, 0.1875, 0.1875, 0.1875, 0.1875, 0.1875, 0.1875, 0.5, 0.625, 0.875, 1.125, 1.125, 1.125, 1.125, 63.4375, 64.0, 64.0, 64.0, 64.0, 64.0, 64.0, 64.0, 64.0, 64.0, 64.0, 64.0625, 125.0, 125.0, 125.0, 125.0, 125.0, 125.0, 125.0, 125.0, 125.0, 125.5, 125.5, 125.5, 125.5, 125.5, 125.5, 125.5, 125.5, 125.5, 126.0, 126.0, 126.0, 126.0, 126.0, 126.0, 126.0, 126.125, 126.125, 126.5, 126.5, 126.5, 126.5, 126.5, 126.5, 126.625, 126.625, 126.875, 126.875, 127.0, 127.0, 127.0, 127.0, 127.0, 127.125, 127.125, 127.25, 127.25, 127.25, 127.375, 127.375, 127.375, 127.375, 127.5, 127.5, 127.5, 127.5, 127.5, 127.5, 127.5, 127.5, 127.5, 127.5, 127.5, 127.5, 127.5, 127.5, 127.5, 127.5, 127.5, 127.5, 127.5, 127.5, 127.5, 127.5, 127.5, 127.5, 127.5, 127.5, 127.5, 127.5, 127.5, 127.5, 127.5, 127.5, 127.5, 284.375, 58599.4375, 58635.1875, 62132.75, 62142.375, 95889.5, 95889.5, 95889.5, 95889.5, 95889.5, 95893.5, 95923.875, 95948.1875, 95948.1875, 95948.1875, 95948.25, 95948.25, 95948.25, 95948.25, 95948.3125, 95948.3125, 95948.3125, 95948.375, 95948.375, 95970.0625, 96007.6875, 96007.6875, 96007.75, 96007.8125, 96007.8125, 96007.9375, 96067.25, 96067.3125, 96067.375, 96067.4375, 96088.0, 96127.0, 96127.0625, 96127.125, 96165.3125, 96186.9375, 96187.0, 96223.625, 96246.875, 96247.0, 96306.9375, 96307.0, 96339.75, 96367.25, 96391.0625, 96427.5625, 96452.625, 96488.0625, 96536.5625, 96548.75, 96609.3125, 96626.0, 96670.3125, 96731.125, 96754.9375, 96792.375, 96853.5625, 96914.8125, 96952.0, 96989.125, 97038.0625, 97099.75, 97161.5625, 97223.5, 97285.625, 97347.8125, 97410.125, 97464.375, 97510.75, 97560.3125, 97614.625, 97672.25, 97735.1875, 97803.3125, 97876.8125, 102491.3125, 11260772.875]
mvt
[0.125, 0.125, 0.125, 0.125, 0.1875, 0.1875, 0.25, 63.6875, 63.75, 127.6875, 65663.6875]
nussinov
[0.125, 0.125, 0.125, 0.125, 0.125, 0.125, 0.125, 0.125, 0.125, 0.125, 0.125, 0.125, 0.125, 0.125, 0.125, 0.125, 0.125, 0.1875, 0.1875, 0.1875, 0.1875, 0.25, 0.25, 0.25, 0.25, 0.25, 0.25, 0.25, 0.6875, 1.1875, 1.6875, 2.0625, 2.4375, 2.4375, 2.4375, 64.5, 64.5, 64.5625, 64.5625, 64.5625, 64.5625, 64.5625, 64.5625, 124.875, 124.875, 124.875, 125.6875, 125.6875, 125.6875, 125.6875, 126.125, 126.125, 126.125, 126.125, 126.6875, 126.6875, 126.6875, 126.6875, 126.6875, 126.6875, 126.6875, 126.6875, 126.8125, 126.8125, 127.25, 127.25, 127.25, 127.25, 127.375, 127.375, 127.625, 127.625, 127.625, 127.9375, 127.9375, 128.3125, 128.3125, 128.75, 129.1875, 129.1875, 129.1875, 129.75, 130.0, 130.5625, 130.5625, 130.5625, 131.25, 131.875, 132.5625, 132.9375, 133.9375, 134.75, 135.75, 135.75, 136.625, 138.1875, 138.1875, 139.1875, 140.125, 142.0625, 143.0625, 144.0625, 146.0625, 147.0625, 149.0625, 150.125, 151.125, 152.125, 153.1875, 156.9375, 157.9375, 159.125, 160.125, 162.125, 162.125, 163.125, 163.125, 164.375, 165.375, 167.625, 169.75, 170.75, 172.0625, 172.0625, 174.0625, 175.0625, 180.375, 181.75, 183.375, 184.75, 186.75, 192.0, 193.5, 195.5, 196.6875, 203.8125, 205.375, 207.375, 209.0, 213.0, 218.9375, 220.5625, 222.5625, 226.1875, 227.9375, 231.125, 231.125, 233.0625, 234.875, 242.875, 245.25, 247.125, 249.125, 253.0625, 255.0, 259.0, 259.375, 263.0, 264.9375, 266.9375, 276.1875, 278.1875, 290.5625, 292.625, 305.0625, 307.1875, 309.4375, 316.5625, 316.625, 323.75, 326.0, 338.0625, 340.375, 342.75, 349.1875, 351.5625, 355.5625, 363.5625, 366.0625, 374.75, 378.75, 381.3125, 384.5625, 389.3125, 391.9375, 398.25, 404.6875, 407.3125, 415.3125, 420.8125, 426.4375, 426.5, 429.1875, 436.375, 439.125, 451.125, 454.0, 460.3125, 470.6875, 473.625, 481.6875, 484.625, 497.375, 513.375, 516.4375, 548.25, 551.375, 554.5, 554.5625, 557.75, 572.125, 575.4375, 600.9375, 604.25, 612.25, 612.8125, 616.1875, 636.9375, 640.4375, 661.25, 662.75, 669.125, 672.6875, 680.625, 684.25, 693.75, 703.3125, 703.375, 707.0625, 721.4375, 725.1875, 744.25, 758.625, 762.375, 780.0, 783.875, 787.8125, 814.875, 821.25, 825.25, 857.125, 861.125, 870.6875, 874.8125, 889.125, 889.1875, 902.0, 906.125, 912.4375, 934.8125, 939.0, 947.0625, 956.625, 960.875, 1031.25, 1046.9375, 1051.3125, 1055.6875, 1060.1875, 1064.75, 1074.4375, 1074.5, 1079.0625, 1120.5625, 1130.0625, 1134.75, 1166.625, 1171.375, 1196.9375, 1201.75, 1224.0625, 1233.625, 1238.4375, 1260.625, 1265.5625, 1288.0, 1310.25, 1315.1875, 1320.25, 1320.25, 1342.75, 1347.8125, 1370.0625, 1408.3125, 1413.5, 1445.3125, 1450.5625, 1455.875, 1507.0, 1512.375, 1534.5625, 1540.0, 1555.9375, 1571.9375, 1603.875, 1609.3125, 1609.375, 1628.625, 1634.125, 1672.25, 1677.875, 1716.0625, 1721.75, 1760.0, 1765.75, 1794.5625, 1800.3125, 1825.875, 1975.75, 1981.625, 1987.5, 1993.5, 1993.5625, 1999.625, 2012.4375, 2018.5, 2107.6875, 2113.875, 2126.625, 2132.8125, 2139.0625, 2183.75, 2260.3125, 2266.6875, 2273.125, 2273.1875, 2349.875, 2356.3125, 2388.125, 2394.6875, 2445.625, 2452.1875, 2503.125, 2509.8125, 2573.6875, 2580.375, 2612.1875, 2663.375, 2670.125, 2676.9375, 2708.875, 2760.0, 2760.0625, 2767.0, 2868.875, 2875.875, 2882.875, 2934.1875, 2941.25, 3011.375, 3018.5, 3107.625, 3114.875, 3122.125, 3211.3125, 3218.6875, 3238.0625, 3295.25, 3302.625, 3310.125, 3463.25, 3795.1875, 3802.6875, 3810.25, 3817.9375, 3855.9375, 3863.625, 3871.4375, 3879.25, 3943.0, 3981.6875, 3989.5625, 4014.75, 4078.625, 4086.5625, 4214.0, 32173.125, 32181.125, 32189.25, 32197.375, 32205.5625, 32213.875, 32222.1875, 32230.5625, 32239.0625, 32247.5625, 32256.125, 32264.75, 32273.5, 32282.25, 32291.0625, 32300.0, 32308.9375, 32317.9375, 32327.0625, 32336.1875, 32345.375, 32354.625, 32364.0, 32373.375, 32382.875, 32392.375, 32401.9375, 32411.5625, 32421.25, 32431.0625, 32440.875, 32450.75, 32460.6875, 32470.6875, 32480.8125, 32490.9375, 32501.125, 32511.375, 32521.75, 32532.125, 32542.5625, 32553.0625, 32563.625, 32564.3125, 32564.4375, 32575.0625, 32585.75, 32596.5, 32607.375, 32618.25, 32629.1875, 32640.1875, 32640.3125, 32642.25, 32653.3125, 32664.4375, 32675.625, 32686.9375, 32698.25, 32709.625, 32721.0625, 32721.1875, 32732.6875, 32744.25, 32755.875, 32767.625, 32779.375, 32791.1875, 32803.0625, 32815.0, 32815.125, 32827.125, 32839.25, 32851.375, 32863.5625, 32875.8125, 32888.125, 32900.5, 32900.625, 32913.0625, 32925.625, 32938.1875, 32950.8125, 32963.5, 32976.25, 32989.0625, 32989.1875, 33002.0625, 33015.0, 33028.0625, 33041.125, 33054.25, 33067.4375, 33080.6875, 33080.8125, 33094.125, 33107.5, 33120.9375, 33134.4375, 33148.0, 33161.625, 33161.8125, 33175.5, 33189.25, 33203.0625, 33216.9375, 33230.875, 33244.875, 33258.9375, 33259.125, 33273.1875, 33287.375, 33301.6875, 33316.0, 33330.3125, 33344.75, 33359.3125, 33373.8125, 33388.4375, 33403.125, 33417.875, 33432.6875, 33447.5625, 33462.5, 33477.5, 33492.5625, 33507.6875, 33522.875, 33538.125, 33589.25, 33604.5625, 33619.9375, 33635.375, 33650.875, 33666.4375, 33682.0625, 33697.75, 33713.4375, 33729.25, 63814.75, 63875.75, 63940.125, 64004.5, 96528.25]
seidel_2d
[0.125, 0.125, 0.125, 0.125, 0.125, 0.125, 0.1875, 0.1875, 0.25, 0.25, 0.3125, 0.3125, 0.375, 0.4375, 63.875, 127.3125, 190.6875, 254.0625, 65406.5625, 130559.0625, 195775.5, 260991.9375, 326271.6875, 391551.5]
symm
[0.125, 0.125, 0.125, 0.125, 0.1875, 0.1875, 0.1875, 0.4375, 0.6875, 63.875, 127.5, 191.125, 476.9375, 763.0, 65386.0625, 130019.1875]
syr2d
[0.125, 0.125, 0.125, 0.125, 0.1875, 0.25, 0.3125, 0.3125, 0.375, 63.875, 127.8125, 191.875, 65202.0, 130148.125, 195094.3125]
syrk
[0.125, 0.125, 0.125, 0.125, 0.1875, 0.25, 15.75, 4079.8125, 4095.25, 8175.3125, 12271.3125]
trisolv
[0.125, 0.125, 0.125, 0.125, 0.125, 0.125, 0.25, 0.3125, 0.3125, 0.5625, 0.8125, 63.875]
trmm
[0.125, 0.125, 0.125, 0.125, 64.0625, 128.0, 65087.625]
