2mm
[0.0625, 0.0625, 0.125, 0.125, 0.125, 0.125, 0.1875, 0.1875, 15.6875, 15.6875, 31.6875, 31.6875, 3999.6875, 3999.6875, 738113.75]
3mm
[0.0625, 0.0625, 0.0625, 0.125, 0.125, 0.125, 0.125, 0.125, 0.125, 0.1875, 0.1875, 0.1875, 15.6875, 15.6875, 15.6875, 31.6875, 31.6875, 31.6875, 3999.6875, 3999.6875, 3999.6875, 558382.9375, 1472161.3125]
adi
[0.0625, 0.0625, 0.0625, 0.0625, 0.0625, 0.0625, 0.0625, 0.0625, 0.0625, 0.125, 0.125, 0.125, 0.125, 0.125, 0.125, 0.125, 0.125, 0.125, 0.125, 0.1875, 0.1875, 0.1875, 0.1875, 0.25, 0.25, 0.25, 0.25, 0.25, 0.25, 0.3125, 0.3125, 0.375, 0.4375, 0.4375, 63.5625, 64.0625, 126.6875, 127.9375, 190.125, 253.5625, 253.625, 253.625, 255.6875, 318.125, 382.0, 382.0625, 382.125, 382.125, 382.125, 45797.25, 91425.6875, 91470.1875, 110410.375, 130234.0, 174938.4375, 240009.4375, 304583.5625, 325513.75, 369312.3125, 390730.375, 435195.0, 500288.25, 565184.5]
atax
[0.0625, 0.0625, 0.0625, 0.0625, 0.125, 0.125, 0.125, 0.1875, 0.25, 0.25, 0.25, 44.8125, 44.875, 108.5625, 172.3125]
bicg
[0.0625, 0.125, 0.125, 0.125, 0.1875, 0.25, 0.25, 0.25, 0.3125, 0.375, 0.375, 63.875, 127.375]
cholesky
[0.0625, 0.0625, 0.0625, 0.0625, 0.0625, 0.125, 0.125, 0.125, 0.125, 0.1875, 0.25, 0.25, 0.4375, 63.6875, 63.6875, 63.6875, 63.6875, 63.6875, 63.6875, 63.6875, 63.6875, 63.6875, 63.6875, 63.6875, 63.6875, 63.6875, 63.6875, 63.6875, 63.6875, 63.6875, 63.6875, 63.6875, 63.6875, 63.6875, 63.6875, 63.6875, 63.6875, 63.6875, 63.6875, 63.6875, 63.6875, 63.6875, 63.6875, 63.6875, 63.6875, 63.6875, 63.6875, 63.6875, 63.6875, 63.6875, 63.6875, 63.6875, 63.6875, 63.6875, 63.6875, 63.6875, 63.6875, 63.6875, 63.6875, 63.6875, 63.6875, 63.6875, 63.6875, 63.6875, 63.6875, 63.6875, 63.6875, 63.6875, 63.6875, 63.6875, 63.6875, 63.6875, 63.6875, 63.6875, 63.6875, 63.6875, 63.6875, 63.6875, 63.6875, 63.6875, 63.6875, 63.6875, 63.6875, 63.6875, 63.6875, 63.6875, 63.6875, 63.6875, 63.6875, 63.6875, 63.6875, 63.6875, 63.6875, 63.6875, 63.6875, 63.6875, 63.6875, 63.6875, 63.6875, 63.6875, 63.6875, 63.6875, 63.6875, 63.6875, 63.6875, 63.6875, 63.6875, 63.6875, 63.6875, 63.6875, 63.6875, 63.6875, 63.6875, 63.6875, 63.6875, 63.6875, 63.6875, 63.6875, 63.6875, 63.6875, 63.6875, 63.6875, 63.6875, 63.6875, 63.6875, 63.6875, 63.6875, 63.6875, 63.6875, 63.6875, 63.6875, 63.6875, 63.6875, 63.6875, 63.6875, 63.6875, 63.6875, 63.6875, 63.6875, 63.6875, 63.6875, 63.6875, 63.6875, 63.6875, 63.6875, 63.6875, 63.6875, 63.6875, 63.6875, 63.6875, 63.6875, 63.6875, 63.6875, 63.6875, 63.6875, 63.6875, 63.6875, 63.6875, 63.6875, 63.6875, 63.6875, 63.6875, 63.6875, 63.6875, 63.6875, 63.8125, 157.0, 257.6875, 32806.4375]
correlation
[0.0625, 0.0625, 0.0625, 0.0625, 0.0625, 0.0625, 0.0625, 0.0625, 0.0625, 0.0625, 0.0625, 0.0625, 0.0625, 0.0625, 0.0625, 0.0625, 0.0625, 0.0625, 0.0625, 0.0625, 0.0625, 0.0625, 0.125, 0.125, 0.125, 0.125, 0.125, 0.125, 0.125, 0.125, 64.125, 128.125, 128.125, 128.125, 128.125, 128.125, 128.125, 128.125, 65024.125, 65088.0, 65088.0, 65088.0, 65088.0, 65088.0, 65088.0, 65088.0]
covariance
[0.0625, 0.0625, 0.0625, 0.0625, 0.0625, 0.0625, 0.0625, 0.125, 0.125, 0.125, 0.125, 0.125, 0.125, 0.125, 64.125, 128.125, 128.125, 128.125, 65088.125, 65152.0, 65152.0, 65152.0]
deriche
[0.0625, 0.0625, 0.0625, 0.0625, 0.125, 0.125, 0.125, 0.125, 0.125, 0.125, 0.1875, 0.1875, 0.1875, 0.1875, 0.1875, 0.1875, 0.25, 0.25, 64.0625, 128.0625, 128.0625, 128.0625, 46379.5, 61417.4375, 131072.25, 147800.8125, 147800.8125, 198976.875, 198976.875, 259980.75]
doitgen
[0.0625, 0.0625, 0.0625, 0.125, 0.125, 0.1875, 3.6875, 7.6875, 9.4375, 9.4375, 229.6875, 233.6875, 457.6875]
durbin
[0.0625, 0.125, 0.125, 0.1875, 0.1875, 0.1875, 0.25, 0.25, 0.25, 33.6875, 33.6875, 33.6875, 55.4375, 87.6875, 103.625, 136.8125, 136.875, 184.3125, 240.875]
fdtd_2d
[0.0625, 0.0625, 0.0625, 0.0625, 0.125, 0.125, 0.125, 0.125, 0.125, 0.125, 0.125, 0.1875, 0.25, 0.25, 0.25, 0.25, 0.3125, 0.375, 0.375, 63.875, 30922.4375, 47411.1875, 74501.5625, 112772.0625, 134233.875, 173898.0625, 215827.3125, 215857.8125, 264595.5625, 302995.375, 365173.5, 365237.875]
floyd_warshall
[0.0625, 0.125, 0.125, 0.1875, 0.1875, 0.25, 0.25, 63.75, 63.8125, 65407.75, 65471.25, 65534.25, 130879.25, 196287.25]
gemm
[0.0625, 0.0625, 0.0625, 0.125, 0.1875, 15.6875, 31.6875, 3999.6875]
gemver
[0.0625, 0.0625, 0.0625, 0.0625, 0.0625, 0.125, 0.125, 0.125, 0.125, 0.125, 0.1875, 0.1875, 0.1875, 0.25, 0.3125, 0.375, 0.375, 0.375, 63.6875, 63.75, 63.875, 127.375, 127.375, 28870.125, 83604.1875, 132593.3125]
gesummv
[0.0625, 0.0625, 0.0625, 0.0625, 0.0625, 0.125, 0.125, 0.125, 0.1875, 0.25, 0.25, 0.3125, 0.375, 63.875]
gramschmidt
[0.0625, 0.0625, 0.0625, 0.125, 0.125, 0.125, 0.1875, 0.1875, 0.1875, 0.1875, 52.4375, 104.75, 157.9375, 183.625, 65143.3125]
heat_3d
[0.0625, 0.0625, 0.0625, 0.0625, 0.0625, 0.0625, 0.125, 0.125, 0.125, 0.125, 0.125, 0.125, 0.1875, 0.1875, 0.1875, 0.1875, 0.25, 0.3125, 0.375, 0.4375, 0.5, 0.5, 0.5, 0.5, 0.5, 0.5, 15.9375, 15.9375, 31.375, 31.375, 46.75, 46.8125, 4078.5625, 4078.625, 8094.9375, 12111.3125, 12111.3125, 12111.375, 16127.25, 16127.3125, 731070.9375, 1036286.5625, 1744801.0625, 2056445.875, 2765649.125, 3080636.875, 3787836.875, 4100795.75, 4791687.9375, 5129019.4375, 6153210.8125, 7173386.0625, 8197577.5, 9217736.8125, 10241928.25, 11266103.9375]
jacobi_1d
[0.0625, 0.0625, 0.125, 0.125, 0.125, 0.125, 0.1875, 0.1875, 0.25, 0.25, 44.6875, 63.625, 107.875, 127.125, 171.4375, 190.5625]
jacobi_2d
[0.0625, 0.125, 0.125, 0.125, 0.125, 0.125, 0.1875, 0.25, 0.3125, 0.3125, 0.3125, 0.3125, 0.375, 0.375, 63.75, 63.8125, 127.1875, 127.1875, 190.625, 190.6875, 45855.5, 65407.0625, 110734.875, 130623.5, 175946.0625, 221642.5, 241309.6875, 261119.1875, 305383.3125, 326463.3125, 391743.5, 456959.9375]
lu
[0.0625, 0.0625, 0.0625, 0.125, 0.125, 0.125, 0.1875, 0.1875, 0.3125, 0.375, 0.375, 0.375, 63.5, 63.5, 63.6875, 63.6875, 63.6875, 63.6875, 63.6875, 63.6875, 63.6875, 124.875, 124.875, 124.875, 124.875, 125.0, 125.0, 125.375, 125.375, 125.375, 125.375, 125.375, 125.375, 125.5, 125.5, 125.875, 125.875, 125.875, 125.875, 125.875, 125.875, 126.0, 126.0, 126.375, 126.375, 126.375, 126.375, 126.375, 126.375, 126.5, 126.5, 126.75, 126.75, 126.75, 126.875, 126.875, 126.875, 126.875, 126.875, 127.125, 127.125, 127.25, 127.25, 127.25, 127.75, 127.75, 127.875, 127.875, 127.875, 130.75, 133.625, 136.625, 136.625, 136.625, 162.75, 192.875, 227.0, 227.5, 265.625, 328.125, 328.3125, 370.4375, 416.5625, 466.6875, 520.8125, 578.9375, 641.0625, 707.1875, 777.3125, 851.4375, 929.5625, 1011.6875, 1097.8125, 1187.9375, 1282.0625, 1380.1875, 1482.3125, 1588.4375, 1698.5625, 1812.6875, 1930.8125, 2052.9375, 2179.0625, 22183.625, 44529.4375, 66897.9375, 66933.75, 77209.8125]
ludcmp
[0.0625, 0.0625, 0.0625, 0.0625, 0.0625, 0.0625, 0.125, 0.125, 0.125, 0.125, 0.125, 0.125, 0.125, 0.125, 0.125, 0.25, 0.3125, 0.4375, 0.5, 0.5, 0.5, 0.5, 63.4375, 63.75, 63.75, 63.75, 63.75, 63.75, 63.75, 63.75, 63.75, 63.75, 63.75, 63.75, 125.0, 125.0, 125.0, 125.0, 125.0, 125.0, 125.0, 125.0, 125.0, 125.5, 125.5, 125.5, 125.5, 125.5, 125.5, 125.5, 125.5, 125.5, 126.0, 126.0, 126.0, 126.0, 126.0, 126.0, 126.0, 126.0625, 126.0625, 126.5, 126.5, 126.5, 126.5, 126.5, 126.5, 126.5625, 126.5625, 126.875, 126.875, 127.0, 127.0, 127.0, 127.0, 127.0, 127.0625, 127.0625, 127.25, 127.25, 127.25, 127.375, 127.375, 127.375, 127.375, 127.5, 127.5, 127.5, 127.5, 127.5, 127.5, 127.5, 127.5, 127.5, 127.5, 127.5, 127.5, 127.5, 127.5, 127.5, 127.5, 127.5, 127.5, 127.5, 127.5, 127.5, 127.5, 127.5, 127.5, 127.5, 127.5, 127.5, 127.5, 127.5, 127.5, 127.5, 127.5, 127.5, 172.25, 45018.6875, 45061.125, 55210.0, 55235.25, 87139.625, 87140.8125, 87141.9375, 87142.9375, 87143.875, 87157.4375, 87161.4375, 87170.4375, 87195.0625, 87199.4375, 87212.875, 87233.875, 87247.3125, 87269.0625, 87273.6875, 87308.75, 87336.4375, 87347.5625, 87382.125, 87414.75, 87422.5, 87459.0, 87496.4375, 87532.0, 87565.25, 87601.25, 87639.375, 87673.875, 87714.875, 87760.9375, 87798.375, 87839.8125, 87880.5, 87928.0625, 87983.3125, 88032.25, 88077.5625, 88136.1875, 88195.5, 88242.8125, 88313.5, 88357.6875, 88434.8125, 88496.5, 88560.875, 88635.125, 88705.5, 88775.375, 88851.75, 88935.875, 89019.375, 89105.25, 89190.125, 89277.625, 89370.5, 89478.0625, 89581.0, 89675.0, 89726.1875, 89805.625, 89901.0, 90019.125, 90144.6875, 90283.0625, 90427.0, 90536.3125, 90642.5, 90763.3125, 90870.5, 90990.8125, 91105.875, 91227.6875, 91348.375, 91469.25, 91593.9375, 98107.25, 10483005.0]
mvt
[0.0625, 0.0625, 0.125, 0.125, 0.1875, 0.1875, 0.25, 63.6875, 63.75, 127.6875, 65663.6875]
nussinov
[0.0625, 0.0625, 0.0625, 0.0625, 0.0625, 0.0625, 0.0625, 0.0625, 0.125, 0.125, 0.125, 0.125, 0.125, 0.125, 0.125, 0.125, 0.125, 0.125, 0.125, 0.125, 0.125, 0.1875, 0.1875, 0.1875, 0.1875, 0.1875, 0.25, 0.25, 0.4375, 0.625, 0.8125, 0.9375, 1.0625, 1.0625, 1.0625, 63.9375, 63.9375, 63.9375, 63.9375, 63.9375, 63.9375, 63.9375, 63.9375, 124.8125, 124.8125, 124.8125, 125.625, 125.625, 125.625, 125.625, 126.0, 126.0, 126.0, 126.0, 126.5625, 126.5625, 126.5625, 126.5625, 126.5625, 126.5625, 126.5625, 126.5625, 126.75, 126.75, 127.1875, 127.1875, 127.1875, 127.1875, 127.3125, 127.3125, 127.5625, 127.5625, 127.5625, 127.875, 127.875, 128.25, 128.25, 128.6875, 129.125, 129.125, 129.125, 129.6875, 129.9375, 130.5625, 130.5625, 130.5625, 131.25, 131.8125, 132.5625, 132.875, 133.875, 134.6875, 135.6875, 135.6875, 136.5625, 138.125, 138.125, 139.125, 140.0, 142.0, 143.0, 144.0, 146.0, 147.0, 148.9375, 150.0, 151.0, 152.0, 153.0625, 156.8125, 157.8125, 159.0, 160.0, 161.9375, 161.9375, 162.9375, 162.9375, 164.1875, 165.1875, 167.4375, 169.5625, 170.5625, 171.875, 171.875, 173.875, 174.875, 180.3125, 181.625, 183.1875, 184.625, 186.625, 191.875, 193.3125, 195.3125, 196.5625, 203.6875, 205.1875, 207.1875, 208.8125, 212.8125, 218.75, 220.375, 222.375, 226.0, 227.75, 230.875, 230.875, 232.875, 234.6875, 242.6875, 245.0625, 246.875, 248.875, 252.875, 254.8125, 258.75, 259.1875, 262.75, 264.6875, 266.6875, 275.9375, 277.9375, 290.3125, 292.4375, 304.8125, 306.9375, 309.1875, 316.3125, 316.375, 323.5, 325.8125, 337.75, 340.125, 342.5, 348.875, 351.3125, 355.25, 363.25, 365.75, 374.5, 378.5, 381.0625, 384.25, 389.0, 391.625, 397.9375, 404.375, 407.0, 414.9375, 420.5, 426.0625, 426.125, 428.8125, 436.0, 438.75, 450.75, 453.625, 459.9375, 470.3125, 473.1875, 481.25, 484.1875, 496.9375, 512.875, 515.9375, 547.75, 550.8125, 554.0, 554.0, 557.25, 571.625, 574.9375, 600.375, 603.75, 611.6875, 612.4375, 615.8125, 636.5625, 640.0625, 660.875, 662.375, 668.75, 672.25, 680.25, 683.8125, 693.3125, 702.875, 702.9375, 706.625, 720.9375, 724.6875, 743.75, 758.125, 761.875, 779.4375, 783.3125, 787.25, 814.3125, 820.6875, 824.625, 856.4375, 860.5, 870.0625, 874.125, 888.5, 888.5625, 901.3125, 905.4375, 911.8125, 934.0625, 938.3125, 946.3125, 955.875, 960.1875, 1030.375, 1046.125, 1050.4375, 1054.875, 1059.3125, 1063.875, 1073.5625, 1073.625, 1078.25, 1119.625, 1129.125, 1133.75, 1165.6875, 1170.375, 1195.875, 1200.6875, 1223.0, 1232.5, 1237.375, 1259.5625, 1264.4375, 1286.875, 1309.0625, 1314.0625, 1319.0625, 1319.125, 1341.5625, 1346.6875, 1368.875, 1407.0625, 1412.25, 1444.0625, 1449.25, 1454.5625, 1505.625, 1511.0, 1533.1875, 1538.5625, 1554.5, 1570.4375, 1602.3125, 1607.8125, 1607.875, 1627.125, 1632.625, 1670.75, 1676.3125, 1714.5, 1720.125, 1758.375, 1764.0625, 1792.875, 1798.625, 1824.1875, 1973.875, 1979.6875, 1985.5625, 1991.5625, 1991.625, 1997.6875, 2010.4375, 2016.5, 2105.625, 2111.75, 2124.5, 2130.6875, 2137.0, 2181.5625, 2258.0625, 2264.4375, 2270.8125, 2270.875, 2347.5, 2353.9375, 2385.6875, 2392.1875, 2443.0625, 2449.625, 2500.5625, 2507.1875, 2571.0, 2577.6875, 2609.4375, 2660.5625, 2667.3125, 2674.1875, 2706.0625, 2757.0625, 2757.1875, 2764.0625, 2865.8125, 2872.75, 2879.8125, 2931.0, 2938.125, 3008.125, 3015.25, 3104.25, 3111.4375, 3118.6875, 3207.8125, 3215.125, 3234.5, 3291.5625, 3299.0, 3306.4375, 3459.375, 3790.75, 3798.25, 3805.875, 3813.5, 3851.4375, 3859.125, 3866.9375, 3874.75, 3938.375, 3977.0, 3984.875, 4010.0, 4073.75, 4081.6875, 4208.9375, 32160.5625, 32168.5625, 32176.625, 32184.75, 32192.9375, 32201.1875, 32209.5625, 32217.9375, 32226.375, 32234.875, 32243.4375, 32252.0625, 32260.75, 32269.5, 32278.375, 32287.25, 32296.1875, 32305.1875, 32314.25, 32323.375, 32332.5625, 32341.8125, 32351.125, 32360.5, 32369.9375, 32379.4375, 32389.0, 32398.625, 32408.3125, 32418.0625, 32427.875, 32437.75, 32447.6875, 32457.6875, 32467.75, 32477.875, 32488.0625, 32498.3125, 32508.625, 32519.0, 32529.4375, 32539.9375, 32550.5, 32551.4375, 32551.625, 32562.25, 32572.9375, 32583.6875, 32594.4375, 32605.3125, 32616.25, 32627.25, 32627.4375, 32630.1875, 32641.25, 32652.375, 32663.5625, 32674.8125, 32686.125, 32697.5, 32708.9375, 32709.125, 32720.625, 32732.125, 32743.75, 32755.4375, 32767.1875, 32779.0, 32790.875, 32802.8125, 32803.0, 32814.9375, 32827.0, 32839.125, 32851.3125, 32863.5625, 32875.875, 32888.1875, 32888.375, 32900.8125, 32913.3125, 32925.875, 32938.5, 32951.125, 32963.875, 32976.6875, 32976.875, 32989.75, 33002.6875, 33015.625, 33028.6875, 33041.8125, 33055.0, 33068.1875, 33068.4375, 33081.75, 33095.0625, 33108.5, 33122.0, 33135.5, 33149.125, 33149.375, 33163.0, 33176.75, 33190.5625, 33204.375, 33218.3125, 33232.3125, 33246.3125, 33246.5625, 33260.625, 33274.8125, 33289.0625, 33303.3125, 33317.6875, 33332.125, 33346.5625, 33361.125, 33375.6875, 33390.375, 33405.125, 33419.875, 33434.75, 33449.625, 33464.625, 33479.625, 33494.75, 33509.875, 33525.125, 33574.75, 33590.0, 33605.375, 33620.75, 33636.25, 33651.75, 33667.375, 33683.0625, 33698.75, 33714.5625, 63790.8125, 63856.0, 63924.375, 63993.1875, 96504.4375]
seidel_2d
[0.0625, 0.0625, 0.0625, 0.125, 0.125, 0.125, 0.125, 0.1875, 0.1875, 0.25, 0.25, 0.3125, 0.375, 0.4375, 63.875, 127.25, 190.625, 254.0, 65406.5, 130559.0625, 195775.4375, 260991.875, 326271.625, 391551.4375]
symm
[0.125, 0.125, 0.125, 0.125, 0.1875, 0.1875, 0.1875, 0.3125, 0.4375, 63.6875, 127.375, 191.125, 306.875, 422.75, 65187.5625, 129953.0]
syr2d
[0.0625, 0.0625, 0.0625, 0.125, 0.1875, 0.25, 0.3125, 0.3125, 0.375, 63.875, 127.8125, 191.875, 65197.625, 130139.375, 195081.25]
syrk
[0.0625, 0.0625, 0.0625, 0.125, 0.1875, 0.25, 15.75, 4079.75, 4095.25, 8175.25, 12271.25]
trisolv
[0.0625, 0.0625, 0.0625, 0.0625, 0.125, 0.125, 0.1875, 0.25, 0.25, 0.375, 0.5, 63.8125]
trmm
[0.0625, 0.0625, 0.125, 0.125, 64.0625, 128.0, 65082.25]
