2mm
[0.0625, 0.125, 0.125, 0.125, 0.125, 0.125, 0.1875, 0.1875, 15.6875, 15.6875, 31.6875, 31.6875, 3999.6875, 3999.6875, 842916.0625]
3mm
[0.0625, 0.0625, 0.125, 0.125, 0.125, 0.125, 0.125, 0.125, 0.125, 0.1875, 0.1875, 0.1875, 15.6875, 15.6875, 15.6875, 31.6875, 31.6875, 31.6875, 3999.6875, 3999.6875, 3999.6875, 723095.5625, 1681799.125]
adi
[0.0625, 0.0625, 0.0625, 0.0625, 0.0625, 0.0625, 0.0625, 0.0625, 0.125, 0.125, 0.125, 0.125, 0.125, 0.125, 0.125, 0.125, 0.125, 0.1875, 0.1875, 0.1875, 0.25, 0.25, 0.25, 0.25, 0.25, 0.25, 0.25, 0.25, 0.25, 0.3125, 0.375, 0.4375, 0.4375, 0.4375, 63.5625, 64.125, 126.75, 128.0, 190.1875, 253.625, 253.6875, 253.6875, 255.75, 318.1875, 382.0625, 382.125, 382.1875, 382.1875, 382.1875, 52316.9375, 104503.6875, 104554.5625, 117068.6875, 130247.375, 181738.1875, 246791.25, 311516.375, 325535.1875, 376421.0625, 390751.75, 442059.8125, 507136.4375, 572071.6875]
atax
[0.0625, 0.0625, 0.125, 0.125, 0.125, 0.125, 0.1875, 0.1875, 0.25, 0.25, 0.3125, 51.1875, 51.25, 115.0, 178.75]
bicg
[0.0625, 0.125, 0.125, 0.1875, 0.1875, 0.25, 0.25, 0.25, 0.3125, 0.375, 0.375, 63.875, 127.375]
cholesky
[0.125, 0.125, 0.125, 0.125, 0.125, 0.125, 0.125, 0.125, 0.125, 0.1875, 0.25, 0.25, 0.4375, 63.6875, 63.6875, 63.6875, 63.6875, 63.6875, 63.6875, 63.6875, 63.6875, 63.6875, 63.6875, 63.6875, 63.6875, 63.6875, 63.6875, 63.6875, 63.6875, 63.6875, 63.6875, 63.6875, 63.6875, 63.6875, 63.6875, 63.6875, 63.6875, 63.6875, 63.6875, 63.6875, 63.6875, 63.6875, 63.6875, 63.6875, 63.6875, 63.6875, 63.6875, 63.6875, 63.6875, 63.6875, 63.6875, 63.6875, 63.6875, 63.6875, 63.6875, 63.6875, 63.6875, 63.6875, 63.6875, 63.6875, 63.6875, 63.6875, 63.6875, 63.6875, 63.6875, 63.6875, 63.6875, 63.6875, 63.6875, 63.6875, 63.6875, 63.6875, 63.6875, 63.6875, 63.6875, 63.6875, 63.6875, 63.6875, 63.6875, 63.6875, 63.6875, 63.6875, 63.6875, 63.6875, 63.6875, 63.6875, 63.6875, 63.6875, 63.6875, 63.6875, 63.6875, 63.6875, 63.6875, 63.6875, 63.6875, 63.6875, 63.6875, 63.6875, 63.6875, 63.6875, 63.6875, 63.6875, 63.6875, 63.6875, 63.6875, 63.6875, 63.6875, 63.6875, 63.6875, 63.6875, 63.6875, 63.6875, 63.6875, 63.6875, 63.6875, 63.6875, 63.6875, 63.6875, 63.6875, 63.6875, 63.6875, 63.6875, 63.6875, 63.6875, 63.6875, 63.6875, 63.6875, 63.6875, 63.6875, 63.6875, 63.6875, 63.6875, 63.6875, 63.6875, 63.6875, 63.6875, 63.6875, 63.6875, 63.6875, 63.6875, 63.6875, 63.6875, 63.6875, 63.6875, 63.6875, 63.6875, 63.6875, 63.6875, 63.6875, 63.6875, 63.6875, 63.6875, 63.6875, 63.6875, 63.6875, 63.6875, 63.6875, 63.6875, 63.6875, 63.6875, 63.6875, 63.6875, 63.6875, 63.6875, 63.6875, 63.875, 174.0, 286.8125, 32810.75]
correlation
[0.125, 0.125, 0.125, 0.125, 0.125, 0.125, 0.125, 0.125, 0.125, 0.125, 0.125, 0.125, 0.125, 0.125, 0.125, 0.125, 0.125, 0.125, 0.125, 0.125, 0.125, 0.125, 0.125, 0.125, 0.125, 0.125, 0.125, 0.125, 0.1875, 0.1875, 64.125, 128.125, 128.125, 128.125, 128.125, 128.125, 128.125, 128.125, 65024.125, 65088.0, 65088.0, 65088.0, 65088.0, 65088.0, 65088.0, 65088.0]
covariance
[0.125, 0.125, 0.125, 0.125, 0.125, 0.125, 0.125, 0.125, 0.125, 0.125, 0.1875, 0.1875, 0.1875, 0.1875, 64.125, 128.125, 128.125, 128.125, 65088.125, 65152.0, 65152.0, 65152.0]
deriche
[0.0625, 0.0625, 0.125, 0.125, 0.125, 0.125, 0.125, 0.125, 0.1875, 0.1875, 0.1875, 0.1875, 0.1875, 0.1875, 0.1875, 0.25, 0.25, 0.25, 64.125, 128.0625, 39392.0, 52428.5625, 64527.9375, 121124.625, 131072.25, 163723.75, 163723.75, 218776.0625, 218776.0625, 286933.5]
doitgen
[0.125, 0.125, 0.125, 0.125, 0.125, 0.1875, 3.6875, 7.6875, 9.4375, 9.4375, 229.6875, 233.6875, 457.6875]
durbin
[0.125, 0.125, 0.1875, 0.1875, 0.1875, 0.1875, 0.25, 0.25, 0.25, 38.75, 38.75, 38.75, 59.25, 93.6875, 108.375, 144.5625, 144.625, 189.9375, 245.75]
fdtd_2d
[0.0625, 0.0625, 0.125, 0.125, 0.125, 0.125, 0.125, 0.125, 0.125, 0.1875, 0.25, 0.25, 0.25, 0.25, 0.25, 0.25, 0.3125, 0.375, 63.75, 63.875, 42438.9375, 53436.375, 93319.375, 118834.1875, 142593.6875, 177852.25, 227725.3125, 227755.8125, 278223.3125, 305470.375, 370878.4375, 370942.4375]
floyd_warshall
[0.0625, 0.125, 0.125, 0.1875, 0.1875, 0.25, 0.25, 63.75, 63.8125, 65407.75, 65471.25, 65534.25, 130879.25, 196287.25]
gemm
[0.125, 0.125, 0.125, 0.125, 0.1875, 15.6875, 31.6875, 3999.6875]
gemver
[0.0625, 0.0625, 0.125, 0.125, 0.125, 0.125, 0.125, 0.125, 0.1875, 0.25, 0.25, 0.25, 0.25, 0.25, 0.3125, 0.375, 0.375, 63.75, 63.75, 127.6875, 127.6875, 127.6875, 175.3125, 41049.3125, 99345.625, 153826.875]
gesummv
[0.0625, 0.125, 0.125, 0.125, 0.125, 0.125, 0.125, 0.1875, 0.1875, 0.25, 0.25, 0.3125, 0.375, 63.875]
gramschmidt
[0.0625, 0.0625, 0.0625, 0.125, 0.125, 0.125, 0.1875, 0.1875, 0.1875, 0.1875, 59.875, 119.625, 169.4375, 189.0, 65162.3125]
heat_3d
[0.0625, 0.0625, 0.0625, 0.125, 0.125, 0.125, 0.125, 0.125, 0.125, 0.125, 0.125, 0.125, 0.1875, 0.1875, 0.1875, 0.25, 0.25, 0.3125, 0.375, 0.4375, 0.5, 0.5, 0.5, 0.5, 0.5, 0.5625, 15.9375, 16.0, 31.375, 31.375, 46.8125, 46.8125, 4078.625, 4078.625, 8094.9375, 12111.3125, 12111.3125, 12111.375, 16127.25, 16127.3125, 833484.5625, 1036286.625, 1849375.125, 2056445.875, 2870645.125, 3080636.9375, 3892805.4375, 4100795.75, 4903463.125, 5129019.5, 6153210.9375, 7173386.125, 8197577.5625, 9217736.8125, 10241928.3125, 11266103.9375]
jacobi_1d
[0.0625, 0.125, 0.125, 0.125, 0.125, 0.125, 0.1875, 0.1875, 0.25, 0.25, 51.0625, 63.6875, 114.375, 127.125, 177.875, 190.625]
jacobi_2d
[0.0625, 0.125, 0.125, 0.125, 0.125, 0.125, 0.1875, 0.25, 0.3125, 0.3125, 0.3125, 0.3125, 0.375, 0.375, 63.8125, 63.8125, 127.1875, 127.1875, 190.6875, 190.6875, 52383.4375, 65407.0625, 117375.4375, 130623.5, 182587.625, 234812.125, 247923.25, 261119.1875, 312399.4375, 326463.3125, 391743.5, 456959.9375]
lu
[0.0625, 0.125, 0.125, 0.125, 0.125, 0.125, 0.1875, 0.1875, 0.3125, 0.4375, 0.4375, 0.4375, 63.5, 63.5, 63.6875, 63.6875, 63.6875, 63.6875, 63.6875, 63.6875, 63.6875, 124.9375, 124.9375, 124.9375, 124.9375, 125.0, 125.0, 125.4375, 125.4375, 125.4375, 125.4375, 125.4375, 125.4375, 125.5, 125.5, 125.9375, 125.9375, 125.9375, 125.9375, 125.9375, 125.9375, 126.0, 126.0, 126.4375, 126.4375, 126.4375, 126.4375, 126.4375, 126.4375, 126.5, 126.5, 126.8125, 126.8125, 126.8125, 126.9375, 126.9375, 126.9375, 126.9375, 126.9375, 127.1875, 127.1875, 127.3125, 127.3125, 127.3125, 127.75, 127.75, 127.875, 127.875, 127.875, 130.75, 133.6875, 136.625, 136.625, 136.625, 162.75, 192.875, 227.0, 227.5, 265.625, 328.125, 328.3125, 370.4375, 416.5625, 466.6875, 520.8125, 578.9375, 641.0625, 707.1875, 777.3125, 851.4375, 929.5625, 1011.6875, 1097.8125, 1187.9375, 1282.0625, 1380.1875, 1482.3125, 1588.4375, 1698.5625, 1812.6875, 1930.8125, 2052.9375, 2179.0625, 25101.375, 50373.25, 75678.5625, 75721.375, 83045.875]
ludcmp
[0.0625, 0.0625, 0.0625, 0.0625, 0.0625, 0.0625, 0.125, 0.125, 0.125, 0.1875, 0.1875, 0.1875, 0.1875, 0.1875, 0.1875, 0.3125, 0.375, 0.5, 0.625, 0.625, 0.625, 0.625, 63.4375, 63.8125, 63.8125, 63.8125, 63.8125, 63.8125, 63.8125, 63.8125, 63.8125, 63.8125, 63.8125, 63.8125, 125.0, 125.0, 125.0, 125.0, 125.0, 125.0, 125.0, 125.0, 125.0, 125.5, 125.5, 125.5, 125.5, 125.5, 125.5, 125.5, 125.5, 125.5, 126.0, 126.0, 126.0, 126.0, 126.0, 126.0, 126.0, 126.0625, 126.0625, 126.5, 126.5, 126.5, 126.5, 126.5, 126.5, 126.5625, 126.5625, 126.875, 126.875, 127.0, 127.0, 127.0, 127.0, 127.0, 127.0625, 127.0625, 127.25, 127.25, 127.25, 127.375, 127.375, 127.375, 127.375, 127.5, 127.5, 127.5, 127.5, 127.5, 127.5, 127.5, 127.5, 127.5, 127.5, 127.5, 127.5, 127.5, 127.5, 127.5, 127.5, 127.5, 127.5, 127.5, 127.5, 127.5, 127.5, 127.5, 127.5, 127.5, 127.5, 127.5, 127.5, 127.5, 127.5, 127.5, 127.5, 127.5, 190.375, 49253.6875, 49293.5625, 58138.125, 58160.8125, 90349.1875, 90349.6875, 90350.3125, 90350.3125, 90350.3125, 90350.375, 90350.9375, 90351.0, 90377.25, 90395.0, 90396.5625, 90397.1875, 90404.6875, 90440.9375, 90442.9375, 90443.5625, 90487.25, 90489.4375, 90490.125, 90534.3125, 90536.6875, 90578.75, 90582.9375, 90607.4375, 90629.8125, 90652.6875, 90676.9375, 90714.4375, 90724.4375, 90770.0, 90771.875, 90818.6875, 90860.625, 90866.75, 90913.9375, 90960.5625, 90985.1875, 91009.875, 91057.8125, 91105.5, 91152.875, 91188.5625, 91243.0625, 91279.75, 91325.3125, 91388.4375, 91425.5625, 91489.375, 91543.8125, 91593.75, 91643.5625, 91696.125, 91775.875, 91842.25, 91893.0, 91959.125, 92043.375, 92094.8125, 92186.5625, 92247.25, 92336.0625, 92401.0625, 92499.5, 92562.8125, 92659.625, 92743.3125, 92819.3125, 92921.625, 93017.875, 93109.4375, 93195.0, 93293.5625, 93400.8125, 93508.625, 93616.875, 98805.0, 10932781.6875]
mvt
[0.0625, 0.125, 0.125, 0.125, 0.1875, 0.1875, 0.25, 63.6875, 63.75, 127.6875, 65663.6875]
nussinov
[0.0625, 0.0625, 0.0625, 0.125, 0.125, 0.125, 0.125, 0.125, 0.125, 0.125, 0.125, 0.125, 0.125, 0.125, 0.125, 0.125, 0.125, 0.125, 0.125, 0.125, 0.1875, 0.1875, 0.1875, 0.1875, 0.25, 0.25, 0.25, 0.25, 0.4375, 0.6875, 0.9375, 1.125, 1.3125, 1.3125, 1.3125, 64.0625, 64.0625, 64.0625, 64.0625, 64.0625, 64.0625, 64.0625, 64.0625, 124.8125, 124.8125, 124.8125, 125.625, 125.625, 125.625, 125.625, 126.0625, 126.0625, 126.0625, 126.0625, 126.625, 126.625, 126.625, 126.625, 126.625, 126.625, 126.625, 126.625, 126.75, 126.75, 127.1875, 127.1875, 127.1875, 127.1875, 127.375, 127.375, 127.5625, 127.5625, 127.5625, 127.875, 127.875, 128.25, 128.25, 128.6875, 129.1875, 129.1875, 129.1875, 129.6875, 129.9375, 130.5625, 130.5625, 130.5625, 131.25, 131.8125, 132.5625, 132.875, 133.875, 134.6875, 135.6875, 135.6875, 136.5625, 138.125, 138.125, 139.125, 140.0625, 142.0625, 143.0625, 144.0625, 146.0, 147.0, 149.0, 150.0, 151.0, 152.0, 153.125, 156.875, 157.875, 159.0625, 160.0, 162.0, 162.0, 163.0, 163.0, 164.25, 165.25, 167.4375, 169.625, 170.625, 171.9375, 171.9375, 173.9375, 174.9375, 180.3125, 181.6875, 183.25, 184.6875, 186.6875, 191.875, 193.375, 195.375, 196.625, 203.6875, 205.25, 207.25, 208.875, 212.8125, 218.8125, 220.4375, 222.4375, 226.0625, 227.8125, 230.9375, 231.0, 233.0, 234.75, 242.75, 245.125, 246.9375, 248.9375, 252.9375, 254.875, 258.875, 259.25, 262.8125, 264.8125, 266.8125, 276.0, 278.0625, 290.375, 292.5, 304.875, 307.0625, 309.25, 316.4375, 316.4375, 323.625, 325.875, 337.875, 340.1875, 342.5625, 348.9375, 351.375, 355.375, 363.375, 365.875, 374.625, 378.625, 381.125, 384.375, 389.125, 391.75, 398.0625, 404.5, 407.125, 415.125, 420.625, 426.25, 426.25, 429.0, 436.125, 438.9375, 450.9375, 453.75, 460.125, 470.5, 473.375, 481.375, 484.375, 497.125, 513.0625, 516.125, 547.9375, 551.0625, 554.1875, 554.1875, 557.4375, 571.8125, 575.125, 600.5625, 603.9375, 611.875, 612.5625, 615.9375, 636.75, 640.1875, 661.0, 662.5, 668.9375, 672.4375, 680.375, 684.0, 693.5, 703.0625, 703.125, 706.8125, 721.125, 724.875, 743.9375, 758.3125, 762.125, 779.6875, 783.5, 787.4375, 814.5625, 820.875, 824.875, 856.6875, 860.75, 870.3125, 874.4375, 888.75, 888.8125, 901.5625, 905.75, 912.0625, 934.375, 938.625, 946.625, 956.1875, 960.5, 1030.75, 1046.5, 1050.8125, 1055.25, 1059.6875, 1064.1875, 1073.9375, 1073.9375, 1078.5625, 1119.9375, 1129.5, 1134.125, 1166.0625, 1170.75, 1196.3125, 1201.125, 1223.4375, 1232.9375, 1237.8125, 1260.0, 1264.875, 1287.375, 1309.5625, 1314.5, 1319.5625, 1319.625, 1342.0625, 1347.125, 1369.375, 1407.625, 1412.75, 1444.5625, 1449.8125, 1455.0625, 1506.1875, 1511.5625, 1533.75, 1539.125, 1555.0625, 1571.0625, 1602.9375, 1608.4375, 1608.5, 1627.6875, 1633.25, 1671.375, 1677.0, 1715.125, 1720.8125, 1759.0625, 1764.75, 1793.5625, 1799.3125, 1824.875, 1974.625, 1980.5, 1986.375, 1992.375, 1992.4375, 1998.4375, 2011.25, 2017.375, 2106.4375, 2112.625, 2125.375, 2131.5625, 2137.875, 2182.4375, 2259.0, 2265.375, 2271.75, 2271.875, 2348.4375, 2354.9375, 2386.6875, 2393.25, 2444.125, 2450.6875, 2501.625, 2508.25, 2572.125, 2578.8125, 2610.5625, 2661.6875, 2668.5, 2675.3125, 2707.25, 2758.3125, 2758.375, 2765.25, 2867.0625, 2874.0625, 2881.0625, 2932.3125, 2939.375, 3009.4375, 3016.625, 3105.6875, 3112.875, 3120.125, 3209.25, 3216.625, 3236.0, 3293.125, 3300.5, 3307.9375, 3460.9375, 3792.5625, 3800.125, 3807.6875, 3815.3125, 3853.3125, 3861.0625, 3868.8125, 3876.625, 3940.3125, 3978.9375, 3986.8125, 4012.0, 4075.8125, 4083.75, 4211.0625, 32168.1875, 32176.1875, 32184.3125, 32192.4375, 32200.625, 32208.875, 32217.1875, 32225.625, 32234.0625, 32242.5625, 32251.125, 32259.75, 32268.5, 32277.25, 32286.0625, 32294.9375, 32303.875, 32312.875, 32322.0, 32331.125, 32340.3125, 32349.5625, 32358.875, 32368.25, 32377.6875, 32387.1875, 32396.8125, 32406.4375, 32416.125, 32425.875, 32435.6875, 32445.5625, 32455.5, 32465.5, 32475.5625, 32485.6875, 32495.875, 32506.125, 32516.4375, 32526.875, 32537.3125, 32547.8125, 32558.375, 32559.1875, 32559.375, 32570.0, 32580.6875, 32591.4375, 32602.25, 32613.125, 32624.0625, 32635.0625, 32635.1875, 32637.6875, 32648.75, 32659.875, 32671.0625, 32682.3125, 32693.625, 32705.0, 32716.4375, 32716.625, 32728.125, 32739.6875, 32751.3125, 32763.0, 32774.75, 32786.5625, 32798.4375, 32810.375, 32810.5, 32822.5, 32834.5625, 32846.6875, 32858.875, 32871.125, 32883.4375, 32895.8125, 32895.9375, 32908.375, 32920.875, 32933.4375, 32946.0625, 32958.75, 32971.5, 32984.3125, 32984.5, 32997.3125, 33010.25, 33023.25, 33036.3125, 33049.4375, 33062.625, 33075.875, 33076.0625, 33089.3125, 33102.6875, 33116.125, 33129.625, 33143.1875, 33156.75, 33157.0, 33170.625, 33184.375, 33198.1875, 33212.0625, 33225.9375, 33239.9375, 33254.0, 33254.1875, 33268.3125, 33282.5, 33296.6875, 33311.0, 33325.375, 33339.8125, 33354.25, 33368.8125, 33383.4375, 33398.125, 33412.8125, 33427.625, 33442.5, 33457.375, 33472.375, 33487.4375, 33502.5, 33517.6875, 33532.9375, 33581.8125, 33597.125, 33612.5, 33627.875, 33643.375, 33658.9375, 33674.5, 33690.1875, 33705.875, 33721.6875, 63803.0625, 63865.75, 63932.25, 63999.1875, 96516.8125]
seidel_2d
[0.0625, 0.0625, 0.125, 0.125, 0.125, 0.125, 0.125, 0.1875, 0.1875, 0.25, 0.25, 0.3125, 0.375, 0.4375, 63.875, 127.25, 190.625, 254.0, 65406.5625, 130559.0625, 195775.5, 260991.875, 326271.625, 391551.4375]
symm
[0.125, 0.125, 0.125, 0.125, 0.1875, 0.1875, 0.1875, 0.3125, 0.4375, 63.75, 127.4375, 191.125, 333.0, 475.0625, 65218.625, 129963.375]
syr2d
[0.0625, 0.0625, 0.0625, 0.125, 0.1875, 0.25, 0.3125, 0.3125, 0.375, 63.875, 127.8125, 191.875, 65198.875, 130141.875, 195085.0625]
syrk
[0.125, 0.125, 0.125, 0.125, 0.1875, 0.25, 15.75, 4079.8125, 4095.25, 8175.3125, 12271.3125]
trisolv
[0.125, 0.125, 0.125, 0.125, 0.125, 0.125, 0.25, 0.3125, 0.3125, 0.4375, 0.5625, 63.8125]
trmm
[0.125, 0.125, 0.125, 0.125, 64.0625, 128.0, 65084.6875]
