2mm
[0.0625, 0.0625, 0.125, 0.125, 0.125, 0.125, 0.125, 0.1875, 0.1875, 15.6875, 15.6875, 31.6875, 31.6875, 3999.6875, 423706.6875]
3mm
[0.0625, 0.0625, 0.0625, 0.0625, 0.125, 0.125, 0.125, 0.125, 0.125, 0.125, 0.1875, 0.1875, 0.1875, 15.6875, 15.6875, 15.6875, 31.6875, 31.6875, 31.6875, 3999.6875, 3999.6875, 64245.0, 843247.6875]
adi
[0.0625, 0.0625, 0.0625, 0.0625, 0.0625, 0.0625, 0.0625, 0.0625, 0.0625, 0.0625, 0.0625, 0.0625, 0.0625, 0.125, 0.125, 0.125, 0.125, 0.125, 0.125, 0.125, 0.125, 0.125, 0.125, 0.1875, 0.1875, 0.25, 0.25, 0.25, 0.25, 0.25, 0.25, 0.25, 0.25, 0.25, 0.25, 63.5625, 64.0625, 126.6875, 127.9375, 127.9375, 127.9375, 191.8125, 254.1875, 255.8125, 255.8125, 255.8125, 255.8125, 309.0, 363.3125, 26217.3125, 52281.5625, 52306.8125, 90382.4375, 130071.0, 154507.0, 219668.8125, 283778.375, 325233.1875, 347970.9375, 390450.5, 414554.875, 479747.5, 544554.0]
atax
[0.0625, 0.0625, 0.0625, 0.0625, 0.0625, 0.125, 0.125, 0.1875, 0.1875, 0.25, 0.25, 25.625, 25.625, 89.375, 153.125]
bicg
[0.0625, 0.0625, 0.125, 0.125, 0.1875, 0.1875, 0.1875, 0.25, 0.3125, 0.375, 0.375, 63.875, 127.375]
cholesky
[0.0625, 0.0625, 0.0625, 0.0625, 0.0625, 0.125, 0.125, 0.125, 0.125, 0.1875, 0.25, 0.25, 0.375, 63.625, 63.625, 63.625, 63.625, 63.625, 63.625, 63.625, 63.625, 63.625, 63.625, 63.625, 63.625, 63.625, 63.625, 63.625, 63.625, 63.625, 63.625, 63.625, 63.625, 63.625, 63.625, 63.625, 63.625, 63.625, 63.625, 63.625, 63.625, 63.625, 63.625, 63.625, 63.625, 63.625, 63.625, 63.625, 63.625, 63.625, 63.625, 63.625, 63.625, 63.625, 63.625, 63.625, 63.625, 63.625, 63.625, 63.625, 63.625, 63.625, 63.625, 63.625, 63.625, 63.625, 63.625, 63.625, 63.625, 63.625, 63.625, 63.625, 63.625, 63.625, 63.625, 63.625, 63.625, 63.625, 63.625, 63.625, 63.625, 63.625, 63.625, 63.625, 63.625, 63.625, 63.625, 63.625, 63.625, 63.625, 63.625, 63.625, 63.625, 63.625, 63.625, 63.625, 63.625, 63.625, 63.625, 63.625, 63.625, 63.625, 63.625, 63.625, 63.625, 63.625, 63.625, 63.625, 63.625, 63.625, 63.625, 63.625, 63.625, 63.625, 63.625, 63.625, 63.625, 63.625, 63.625, 63.625, 63.625, 63.625, 63.625, 63.625, 63.625, 63.625, 63.625, 63.625, 63.625, 63.625, 63.625, 63.625, 63.625, 63.625, 63.625, 63.625, 63.625, 63.625, 63.625, 63.625, 63.625, 63.625, 63.625, 63.625, 63.625, 63.625, 63.625, 63.625, 63.625, 63.625, 63.625, 63.625, 63.625, 63.625, 63.625, 63.625, 63.625, 63.625, 63.625, 63.625, 63.625, 63.625, 63.625, 63.625, 63.625, 63.75, 139.625, 197.1875, 32802.125]
correlation
[0.0625, 0.0625, 0.0625, 0.0625, 0.0625, 0.0625, 0.0625, 0.0625, 0.0625, 0.0625, 0.0625, 0.0625, 0.0625, 0.0625, 0.0625, 0.0625, 0.0625, 0.0625, 0.0625, 0.0625, 0.0625, 0.0625, 0.125, 0.125, 0.125, 0.125, 0.125, 0.125, 0.125, 0.125, 64.125, 128.125, 128.125, 128.125, 128.125, 128.125, 128.125, 128.125, 65024.125, 65088.0, 65088.0, 65088.0, 65088.0, 65088.0, 65088.0, 65088.0]
covariance
[0.0625, 0.0625, 0.0625, 0.0625, 0.0625, 0.0625, 0.0625, 0.125, 0.125, 0.125, 0.125, 0.125, 0.125, 0.125, 64.125, 128.125, 128.125, 128.125, 65088.125, 65152.0, 65152.0, 65152.0]
deriche
[0.0625, 0.0625, 0.0625, 0.0625, 0.0625, 0.0625, 0.0625, 0.0625, 0.0625, 0.125, 0.125, 0.125, 0.125, 0.125, 0.1875, 0.1875, 0.1875, 0.1875, 0.25, 0.25, 0.25, 0.25, 128.0625, 22624.875, 65536.25, 91849.8125, 91849.8125, 85834.375, 144421.0, 178202.75]
doitgen
[0.0625, 0.0625, 0.0625, 0.125, 0.125, 0.1875, 3.6875, 7.6875, 9.375, 9.375, 229.6875, 233.625, 457.625]
durbin
[0.0625, 0.0625, 0.0625, 0.0625, 0.125, 0.1875, 0.1875, 0.1875, 0.1875, 25.0, 25.0625, 25.0625, 48.1875, 73.0625, 93.1875, 118.6875, 118.8125, 165.25, 229.875]
fdtd_2d
[0.0625, 0.0625, 0.0625, 0.0625, 0.0625, 0.0625, 0.0625, 0.0625, 0.125, 0.125, 0.125, 0.125, 0.125, 0.1875, 0.1875, 0.25, 0.25, 0.25, 0.375, 63.75, 63.9375, 35331.0, 43690.3125, 100594.9375, 130943.3125, 154237.875, 174289.75, 174327.125, 202846.4375, 266899.9375, 302218.5, 302283.625]
floyd_warshall
[0.0625, 0.0625, 0.125, 0.125, 0.1875, 0.25, 0.25, 63.75, 63.75, 65407.75, 65471.25, 65534.25, 130879.25, 196287.25]
gemm
[0.0625, 0.0625, 0.0625, 0.125, 0.1875, 15.6875, 31.6875, 3999.6875]
gemver
[0.0625, 0.0625, 0.0625, 0.0625, 0.0625, 0.0625, 0.125, 0.125, 0.125, 0.125, 0.125, 0.125, 0.1875, 0.25, 0.25, 0.25, 0.25, 0.375, 0.375, 0.375, 63.875, 127.375, 127.375, 127.375, 127.375, 57908.125]
gesummv
[0.0625, 0.0625, 0.0625, 0.0625, 0.0625, 0.125, 0.125, 0.125, 0.1875, 0.25, 0.25, 0.3125, 0.375, 63.875]
gramschmidt
[0.0625, 0.0625, 0.0625, 0.0625, 0.125, 0.125, 0.125, 0.125, 0.125, 0.125, 30.0, 59.875, 115.875, 157.25, 65096.8125]
heat_3d
[0.0625, 0.0625, 0.0625, 0.0625, 0.0625, 0.0625, 0.0625, 0.0625, 0.0625, 0.125, 0.125, 0.125, 0.125, 0.125, 0.1875, 0.1875, 0.25, 0.25, 0.25, 0.25, 0.25, 0.3125, 0.375, 0.4375, 0.5, 0.5, 0.5625, 15.9375, 16.0, 31.375, 31.375, 46.75, 46.8125, 4078.5625, 4078.625, 4078.625, 8095.0, 12111.3125, 12111.375, 16127.25, 423830.0625, 1036286.5, 1431078.75, 2056445.8125, 2450661.1875, 3080636.8125, 3472931.0625, 4100795.6875, 4456362.3125, 5129019.3125, 6149194.5625, 7173386.0, 8193545.3125, 9217736.75, 10241912.4375, 11266103.875]
jacobi_1d
[0.0625, 0.0625, 0.0625, 0.0625, 0.125, 0.125, 0.125, 0.1875, 0.1875, 0.25, 25.5625, 63.625, 88.5, 127.0625, 152.125, 190.5625]
jacobi_2d
[0.0625, 0.0625, 0.0625, 0.0625, 0.125, 0.125, 0.125, 0.125, 0.125, 0.1875, 0.25, 0.3125, 0.3125, 0.375, 0.375, 63.75, 63.8125, 127.1875, 127.1875, 190.625, 26271.75, 65407.0625, 90813.3125, 130623.4375, 156021.375, 182133.75, 221469.0625, 261119.125, 284335.0, 326463.25, 391679.6875, 456959.9375]
lu
[0.0625, 0.0625, 0.0625, 0.125, 0.125, 0.125, 0.125, 0.1875, 0.1875, 0.1875, 0.1875, 0.1875, 0.5625, 0.5625, 63.5, 63.5, 63.5, 63.5, 63.5, 63.5, 63.5, 63.5, 124.75, 124.75, 124.875, 124.9375, 124.9375, 125.0, 125.125, 125.125, 125.25, 125.25, 125.375, 125.4375, 125.4375, 125.5, 125.625, 125.625, 125.75, 125.75, 125.875, 125.9375, 125.9375, 126.0, 126.125, 126.125, 126.25, 126.25, 126.375, 126.4375, 126.4375, 126.5, 126.625, 126.625, 126.625, 126.75, 126.75, 126.875, 126.875, 126.875, 127.125, 127.125, 127.125, 127.125, 127.3125, 127.4375, 127.4375, 127.4375, 127.4375, 127.4375, 127.4375, 127.4375, 127.4375, 127.5625, 127.5625, 127.5625, 127.5625, 127.5625, 127.5625, 127.5625, 127.5625, 127.5625, 127.5625, 127.5625, 127.5625, 127.5625, 127.5625, 127.5625, 127.5625, 127.5625, 127.5625, 127.5625, 127.5625, 127.5625, 127.5625, 127.625, 127.625, 127.625, 127.625, 127.625, 127.625, 127.625, 127.625, 13781.4375, 27588.25, 41337.625, 41391.5625, 60255.9375]
ludcmp
[0.0625, 0.0625, 0.0625, 0.0625, 0.0625, 0.0625, 0.0625, 0.125, 0.125, 0.125, 0.125, 0.125, 0.125, 0.125, 0.125, 0.125, 0.25, 0.3125, 0.3125, 0.3125, 0.3125, 0.3125, 0.75, 63.4375, 63.4375, 63.4375, 63.4375, 63.4375, 63.4375, 63.4375, 63.4375, 63.4375, 63.4375, 63.4375, 63.4375, 124.75, 124.75, 124.75, 124.75, 124.875, 124.875, 124.9375, 124.9375, 125.0, 125.125, 125.125, 125.25, 125.375, 125.375, 125.4375, 125.4375, 125.4375, 125.5, 125.625, 125.625, 125.75, 125.875, 125.9375, 125.9375, 126.0, 126.0, 126.125, 126.25, 126.25, 126.375, 126.4375, 126.4375, 126.5, 126.5, 126.625, 126.75, 126.75, 126.75, 126.875, 127.0, 127.0, 127.0, 127.0, 127.125, 127.125, 127.125, 127.125, 127.25, 127.25, 127.25, 127.25, 127.375, 127.375, 127.375, 127.375, 127.375, 127.375, 127.375, 127.4375, 127.4375, 127.4375, 127.4375, 127.4375, 127.4375, 127.4375, 127.4375, 127.4375, 127.4375, 127.4375, 127.4375, 127.4375, 127.4375, 127.4375, 127.4375, 127.4375, 127.4375, 127.4375, 127.4375, 127.4375, 127.4375, 127.4375, 127.4375, 127.4375, 146.25, 27784.1875, 27835.5625, 46589.3125, 46625.0, 78775.8125, 78776.5, 78777.25, 78778.125, 78779.0625, 78787.5, 78800.5, 78814.375, 78833.625, 78845.5625, 78863.6875, 78888.9375, 78908.1875, 78933.9375, 78959.8125, 78983.5, 79018.1875, 79046.75, 79082.9375, 79121.875, 79156.125, 79196.0, 79240.875, 79288.3125, 79332.5, 79382.5625, 79433.9375, 79491.8125, 79550.1875, 79610.375, 79675.8125, 79745.8125, 79816.75, 79891.6875, 79974.4375, 80057.5, 80149.5, 80241.5, 80340.0625, 80440.9375, 80543.375, 80653.75, 80766.8125, 80883.25, 81001.125, 81126.1875, 81248.8125, 81382.75, 81517.1875, 81658.9375, 81798.4375, 81948.0, 82093.1875, 82252.25, 82404.75, 82565.3125, 82724.1875, 82892.75, 83044.9375, 83192.4375, 83337.5, 83474.0625, 83600.8125, 83735.5625, 83864.6875, 83995.3125, 84124.6875, 84259.4375, 84395.3125, 84538.375, 84681.8125, 84822.625, 84978.4375, 85129.6875, 85278.125, 98044.8125, 7854362.75]
mvt
[0.0625, 0.0625, 0.125, 0.125, 0.125, 0.1875, 0.1875, 0.25, 63.6875, 63.75, 61234.8125]
nussinov
[0.0625, 0.0625, 0.0625, 0.0625, 0.0625, 0.0625, 0.0625, 0.0625, 0.0625, 0.0625, 0.0625, 0.0625, 0.0625, 0.0625, 0.0625, 0.125, 0.125, 0.125, 0.125, 0.125, 0.125, 0.1875, 0.1875, 0.1875, 0.1875, 0.1875, 0.25, 0.25, 0.375, 0.5, 0.625, 0.6875, 0.75, 0.75, 0.8125, 63.875, 63.875, 63.875, 63.875, 63.875, 63.875, 63.875, 63.875, 124.6875, 124.75, 124.75, 125.5625, 125.5625, 125.5625, 125.5625, 125.9375, 125.9375, 125.9375, 125.9375, 126.5, 126.5, 126.5, 126.5, 126.5, 126.5, 126.5, 126.5, 126.6875, 126.6875, 127.125, 127.125, 127.125, 127.125, 127.3125, 127.3125, 127.5, 127.5, 127.5, 127.8125, 127.8125, 128.1875, 128.1875, 128.625, 129.125, 129.125, 129.125, 129.625, 129.875, 130.5, 130.5, 130.5, 131.1875, 131.75, 132.5, 132.8125, 133.8125, 134.625, 135.625, 135.625, 136.5, 138.0, 138.0, 139.0, 139.9375, 141.875, 142.875, 143.875, 145.875, 146.875, 148.8125, 149.8125, 150.8125, 151.8125, 152.9375, 156.75, 157.6875, 158.875, 159.875, 161.875, 161.875, 162.875, 162.875, 164.0625, 165.0625, 167.3125, 169.4375, 170.4375, 171.75, 171.75, 173.75, 174.75, 180.125, 181.5, 183.0625, 184.5, 186.4375, 191.6875, 193.125, 195.125, 196.375, 203.5, 205.0625, 207.0, 208.625, 212.625, 218.5, 220.1875, 222.1875, 225.75, 227.5, 230.625, 230.6875, 232.625, 234.4375, 242.5, 244.8125, 246.6875, 248.6875, 252.5625, 254.5, 258.5, 258.9375, 262.5, 264.4375, 266.4375, 275.625, 277.6875, 290.0, 292.0625, 304.4375, 306.5625, 308.75, 315.9375, 315.9375, 323.0625, 325.375, 337.3125, 339.6875, 342.0, 348.375, 350.8125, 354.8125, 362.75, 365.25, 374.0, 377.9375, 380.5, 383.75, 388.4375, 391.0625, 397.375, 403.8125, 406.4375, 414.375, 419.9375, 425.5, 425.5625, 428.25, 435.375, 438.1875, 450.125, 452.9375, 459.3125, 469.625, 472.5, 480.5, 483.5, 496.1875, 512.125, 515.125, 546.875, 549.9375, 553.125, 553.1875, 556.4375, 570.75, 574.0, 599.4375, 602.8125, 610.75, 611.8125, 615.1875, 635.875, 639.375, 660.125, 661.625, 668.0, 671.5, 679.4375, 683.0625, 692.5, 702.0625, 702.125, 705.8125, 720.125, 723.875, 742.875, 757.1875, 761.0, 778.5, 782.375, 786.25, 813.3125, 819.625, 823.5625, 855.3125, 859.3125, 868.875, 873.0, 887.3125, 887.375, 900.0625, 904.25, 910.5625, 932.8125, 937.0625, 945.0, 954.5625, 958.875, 1028.875, 1044.5625, 1048.9375, 1053.3125, 1057.75, 1062.3125, 1072.0, 1072.0625, 1076.6875, 1117.9375, 1127.4375, 1132.0625, 1163.875, 1168.5625, 1194.0625, 1198.8125, 1221.0625, 1230.5625, 1235.375, 1257.5625, 1262.4375, 1284.8125, 1307.0, 1311.9375, 1316.9375, 1317.0, 1339.375, 1344.5, 1366.625, 1404.75, 1409.875, 1441.625, 1446.8125, 1452.125, 1503.0625, 1508.375, 1530.5625, 1535.9375, 1551.8125, 1567.6875, 1599.5625, 1605.0, 1605.125, 1624.25, 1629.75, 1667.8125, 1673.375, 1711.4375, 1717.0625, 1755.1875, 1760.875, 1789.5625, 1795.3125, 1820.8125, 1970.0625, 1975.9375, 1981.8125, 1987.75, 1987.875, 1993.875, 2006.6875, 2012.75, 2101.5625, 2107.6875, 2120.4375, 2126.625, 2132.875, 2177.3125, 2253.625, 2259.9375, 2266.3125, 2266.4375, 2342.8125, 2349.25, 2380.9375, 2387.4375, 2438.125, 2444.6875, 2495.4375, 2502.0625, 2565.6875, 2572.375, 2604.0, 2655.0, 2661.75, 2668.5625, 2700.3125, 2751.1875, 2751.3125, 2758.1875, 2859.625, 2866.5625, 2873.5625, 2924.625, 2931.6875, 3001.4375, 3008.625, 3097.3125, 3104.5, 3111.75, 3200.5, 3207.8125, 3227.1875, 3284.0, 3291.4375, 3298.875, 3451.1875, 3781.375, 3788.8125, 3796.4375, 3804.0625, 3841.875, 3849.5625, 3857.3125, 3865.125, 3928.5, 3966.9375, 3974.875, 3999.8125, 4063.3125, 4071.3125, 4197.9375, 32105.375, 32113.375, 32121.4375, 32129.5625, 32137.75, 32146.0, 32154.3125, 32162.625, 32171.0625, 32179.5625, 32188.125, 32196.75, 32205.4375, 32214.1875, 32223.0, 32231.875, 32240.75, 32249.75, 32258.8125, 32267.9375, 32277.125, 32286.375, 32295.625, 32305.0, 32314.4375, 32323.9375, 32333.5, 32343.0625, 32352.75, 32362.5, 32372.3125, 32382.125, 32392.0625, 32402.0625, 32412.125, 32422.25, 32432.375, 32442.625, 32452.9375, 32463.25, 32473.6875, 32484.1875, 32494.6875, 32495.9375, 32496.1875, 32506.75, 32517.4375, 32528.1875, 32538.9375, 32549.8125, 32560.6875, 32571.6875, 32571.9375, 32575.6875, 32586.75, 32597.875, 32609.0, 32620.25, 32631.5, 32642.875, 32654.3125, 32654.5, 32666.0, 32677.5, 32689.125, 32700.75, 32712.5, 32724.25, 32736.125, 32748.0625, 32748.3125, 32760.25, 32772.3125, 32784.375, 32796.5, 32808.75, 32821.0, 32833.375, 32833.625, 32846.0625, 32858.5, 32871.0, 32883.625, 32896.25, 32909.0, 32921.75, 32922.0, 32934.875, 32947.75, 32960.75, 32973.75, 32986.8125, 33000.0, 33013.1875, 33013.5, 33026.75, 33040.0625, 33053.5, 33066.9375, 33080.4375, 33094.0, 33094.3125, 33107.9375, 33121.6875, 33135.4375, 33149.25, 33163.1875, 33177.125, 33191.125, 33191.4375, 33205.5, 33219.625, 33233.875, 33248.125, 33262.4375, 33276.8125, 33291.25, 33305.8125, 33320.375, 33335.0, 33349.6875, 33364.4375, 33379.25, 33394.125, 33409.0625, 33424.0625, 33439.125, 33454.3125, 33469.5, 33531.5, 33546.6875, 33562.0, 33577.3125, 33592.75, 33608.1875, 33623.6875, 33639.3125, 33654.9375, 33670.6875, 63694.375, 63778.25, 63867.1875, 63956.4375, 96411.125]
seidel_2d
[0.0625, 0.0625, 0.0625, 0.0625, 0.0625, 0.125, 0.125, 0.125, 0.125, 0.1875, 0.25, 0.3125, 0.375, 0.4375, 63.8125, 127.25, 190.5625, 253.9375, 65406.5, 130559.0625, 195775.4375, 260991.8125, 326271.5625, 391551.375]
symm
[0.0625, 0.0625, 0.125, 0.125, 0.1875, 0.1875, 0.1875, 0.25, 0.3125, 63.625, 127.375, 191.125, 272.9375, 354.8125, 65147.0625, 129939.5]
syr2d
[0.0625, 0.0625, 0.0625, 0.125, 0.1875, 0.25, 0.25, 0.25, 0.3125, 63.8125, 127.8125, 191.875, 65195.0, 130134.125, 195073.375]
syrk
[0.0625, 0.0625, 0.0625, 0.125, 0.1875, 0.25, 15.75, 4079.75, 4095.25, 8175.25, 12271.25]
trisolv
[0.0625, 0.0625, 0.0625, 0.0625, 0.125, 0.125, 0.1875, 0.25, 0.25, 0.375, 0.4375, 63.75]
trmm
[0.0625, 0.0625, 0.125, 0.125, 64.0625, 127.9375, 65069.9375]
