2mm
[0.0625, 0.0625, 0.125, 0.125, 0.125, 0.125, 0.1875, 0.1875, 0.25, 15.6875, 15.75, 31.6875, 31.75, 3999.6875, 528509.0625]
3mm
[0.0625, 0.0625, 0.0625, 0.0625, 0.125, 0.125, 0.125, 0.125, 0.125, 0.125, 0.1875, 0.1875, 0.1875, 15.6875, 15.6875, 15.6875, 31.6875, 31.6875, 31.6875, 3999.6875, 3999.6875, 228957.6875, 1052885.5625]
adi
[0.0625, 0.0625, 0.0625, 0.0625, 0.0625, 0.0625, 0.0625, 0.0625, 0.0625, 0.0625, 0.0625, 0.125, 0.125, 0.125, 0.125, 0.125, 0.125, 0.125, 0.125, 0.125, 0.125, 0.125, 0.1875, 0.1875, 0.1875, 0.25, 0.25, 0.25, 0.25, 0.25, 0.25, 0.25, 0.25, 0.25, 30.25, 63.5625, 93.5625, 126.6875, 157.0625, 187.5, 187.5, 220.9375, 254.25, 289.3125, 322.875, 322.875, 322.875, 347.5, 382.0625, 32758.375, 65323.875, 65355.5625, 97056.1875, 130184.0625, 161317.875, 226454.8125, 290707.5, 325272.5625, 355081.9375, 390490.125, 421435.875, 486595.3125, 551435.6875]
atax
[0.0625, 0.0625, 0.0625, 0.0625, 0.125, 0.125, 0.125, 0.1875, 0.1875, 0.25, 0.25, 32.0, 32.0625, 95.75, 159.5]
bicg
[0.0625, 0.0625, 0.125, 0.125, 0.1875, 0.1875, 0.1875, 0.25, 0.3125, 0.375, 0.375, 63.875, 127.375]
cholesky
[0.0625, 0.0625, 0.0625, 0.0625, 0.0625, 0.125, 0.125, 0.125, 0.125, 0.1875, 0.25, 0.25, 0.375, 63.625, 63.625, 63.625, 63.625, 63.625, 63.625, 63.625, 63.625, 63.625, 63.625, 63.625, 63.625, 63.625, 63.625, 63.625, 63.625, 63.625, 63.625, 63.625, 63.625, 63.625, 63.625, 63.625, 63.625, 63.625, 63.625, 63.625, 63.625, 63.625, 63.625, 63.625, 63.625, 63.625, 63.625, 63.625, 63.625, 63.625, 63.625, 63.625, 63.625, 63.625, 63.625, 63.625, 63.625, 63.625, 63.625, 63.625, 63.625, 63.625, 63.625, 63.625, 63.625, 63.625, 63.625, 63.625, 63.625, 63.625, 63.625, 63.625, 63.625, 63.625, 63.625, 63.625, 63.625, 63.625, 63.625, 63.625, 63.625, 63.625, 63.625, 63.625, 63.625, 63.625, 63.625, 63.625, 63.625, 63.625, 63.625, 63.625, 63.625, 63.625, 63.625, 63.625, 63.625, 63.625, 63.625, 63.625, 63.625, 63.625, 63.625, 63.625, 63.625, 63.625, 63.625, 63.625, 63.625, 63.625, 63.625, 63.625, 63.625, 63.625, 63.625, 63.625, 63.625, 63.625, 63.625, 63.625, 63.625, 63.625, 63.625, 63.625, 63.625, 63.625, 63.625, 63.625, 63.625, 63.625, 63.625, 63.625, 63.625, 63.625, 63.625, 63.625, 63.625, 63.625, 63.625, 63.625, 63.625, 63.625, 63.625, 63.625, 63.625, 63.625, 63.625, 63.625, 63.625, 63.625, 63.625, 63.625, 63.625, 63.625, 63.625, 63.625, 63.625, 63.625, 63.625, 63.625, 63.625, 63.625, 63.625, 63.625, 63.625, 63.75, 147.625, 243.8125, 32804.125]
correlation
[0.0625, 0.0625, 0.0625, 0.0625, 0.0625, 0.0625, 0.0625, 0.0625, 0.0625, 0.0625, 0.0625, 0.0625, 0.0625, 0.0625, 0.0625, 0.0625, 0.0625, 0.0625, 0.0625, 0.0625, 0.0625, 0.0625, 0.125, 0.125, 0.125, 0.125, 0.125, 0.125, 0.125, 0.125, 64.125, 128.125, 128.125, 128.125, 128.125, 128.125, 128.125, 128.125, 65024.125, 65088.0, 65088.0, 65088.0, 65088.0, 65088.0, 65088.0, 65088.0]
covariance
[0.0625, 0.0625, 0.0625, 0.0625, 0.0625, 0.0625, 0.0625, 0.125, 0.125, 0.125, 0.125, 0.125, 0.125, 0.125, 64.125, 128.125, 128.125, 128.125, 65088.125, 65152.0, 65152.0, 65152.0]
deriche
[0.0625, 0.0625, 0.0625, 0.0625, 0.0625, 0.0625, 0.125, 0.125, 0.125, 0.125, 0.125, 0.125, 0.1875, 0.1875, 0.1875, 0.1875, 0.1875, 0.1875, 0.25, 0.25, 0.25, 0.25, 10082.6875, 35555.75, 65536.25, 131072.25, 131072.25, 131632.0625, 153103.4375, 212682.75]
doitgen
[0.0625, 0.0625, 0.0625, 0.125, 0.125, 0.1875, 3.6875, 7.6875, 9.375, 9.375, 229.6875, 233.6875, 457.6875]
durbin
[0.0625, 0.125, 0.125, 0.1875, 0.1875, 0.1875, 0.1875, 0.25, 0.25, 27.5625, 27.625, 27.625, 50.875, 77.125, 96.0, 124.625, 124.75, 172.25, 235.1875]
fdtd_2d
[0.0625, 0.0625, 0.0625, 0.0625, 0.0625, 0.0625, 0.0625, 0.125, 0.125, 0.125, 0.125, 0.1875, 0.25, 0.25, 0.25, 0.25, 0.25, 0.25, 0.375, 63.75, 7889.375, 43690.3125, 43690.3125, 109162.3125, 130943.375, 160791.25, 190552.875, 190594.5625, 228575.25, 283174.625, 327340.375, 327405.3125]
floyd_warshall
[0.0625, 0.0625, 0.125, 0.125, 0.1875, 0.25, 0.25, 63.75, 63.75, 65407.75, 65471.25, 65534.25, 130879.25, 196287.25]
gemm
[0.0625, 0.0625, 0.0625, 0.125, 0.1875, 15.6875, 31.6875, 3999.6875]
gemver
[0.0625, 0.0625, 0.0625, 0.0625, 0.0625, 0.0625, 0.125, 0.125, 0.125, 0.125, 0.1875, 0.1875, 0.1875, 0.25, 0.25, 0.25, 0.25, 0.375, 63.6875, 63.75, 63.875, 127.375, 127.375, 4511.6875, 447.375, 90126.125]
gesummv
[0.0625, 0.0625, 0.0625, 0.0625, 0.0625, 0.125, 0.125, 0.125, 0.1875, 0.25, 0.25, 0.3125, 0.375, 63.875]
gramschmidt
[0.0625, 0.0625, 0.0625, 0.0625, 0.125, 0.125, 0.125, 0.125, 0.125, 0.125, 37.4375, 74.8125, 130.6875, 166.5625, 65112.625]
heat_3d
[0.0625, 0.0625, 0.0625, 0.0625, 0.0625, 0.0625, 0.0625, 0.0625, 0.125, 0.125, 0.125, 0.125, 0.125, 0.1875, 0.1875, 0.1875, 0.25, 0.25, 0.3125, 0.3125, 0.3125, 0.375, 0.4375, 0.4375, 0.5, 0.5, 7.8125, 15.9375, 23.25, 31.375, 38.75, 46.8125, 1956.1875, 4078.625, 5989.5625, 7899.5625, 10015.5625, 12111.3125, 14042.1875, 16127.25, 526243.6875, 1036286.5625, 1535652.875, 2056445.8125, 2555657.1875, 3080636.875, 3577899.625, 4100795.6875, 4568137.5625, 5129019.4375, 6149194.625, 7173386.0625, 8193545.375, 9217736.8125, 10241912.5, 11266103.9375]
jacobi_1d
[0.0625, 0.0625, 0.0625, 0.0625, 0.125, 0.125, 0.125, 0.1875, 0.1875, 0.25, 31.9375, 63.625, 94.9375, 127.0625, 158.5625, 190.5625]
jacobi_2d
[0.0625, 0.0625, 0.0625, 0.0625, 0.125, 0.125, 0.1875, 0.1875, 0.1875, 0.25, 0.3125, 0.3125, 0.375, 0.375, 30.375, 63.75, 94.0625, 127.1875, 157.8125, 190.625, 32799.6875, 65407.0625, 97453.875, 130623.4375, 162662.9375, 195303.375, 228082.625, 261119.125, 291351.125, 326463.25, 391679.6875, 456959.9375]
lu
[0.0625, 0.0625, 0.0625, 0.125, 0.125, 0.125, 0.125, 0.1875, 0.25, 0.25, 0.25, 0.25, 36.125, 36.125, 63.5625, 63.5625, 63.5625, 63.5625, 63.5625, 63.5625, 63.5625, 92.4375, 124.8125, 124.8125, 124.875, 125.0, 125.0, 125.3125, 125.3125, 125.3125, 125.3125, 125.3125, 125.375, 125.5, 125.5, 125.8125, 125.8125, 125.8125, 125.8125, 125.8125, 125.875, 126.0, 126.0, 126.3125, 126.3125, 126.3125, 126.3125, 126.3125, 126.375, 126.5, 126.5, 126.6875, 126.6875, 126.6875, 126.8125, 126.8125, 126.8125, 126.875, 126.875, 127.0625, 127.125, 127.1875, 127.1875, 127.1875, 127.75, 127.75, 127.875, 127.875, 127.875, 130.6875, 133.0625, 134.5, 134.5, 134.5625, 147.625, 162.75, 179.875, 180.1875, 199.375, 231.1875, 231.25, 252.625, 276.0, 301.5, 329.0625, 358.6875, 390.375, 424.1875, 460.0625, 498.3125, 538.1875, 580.4375, 624.8125, 671.375, 719.75, 770.5625, 823.5625, 878.6875, 935.6875, 995.125, 1056.6875, 1120.3125, 1186.1875, 16150.5, 32317.5, 48487.3125, 48537.5625, 65018.0]
ludcmp
[0.0625, 0.0625, 0.0625, 0.0625, 0.0625, 0.0625, 0.125, 0.125, 0.125, 0.125, 0.125, 0.125, 0.125, 0.125, 0.125, 0.1875, 0.25, 0.3125, 0.375, 0.375, 0.375, 0.375, 23.3125, 63.625, 63.625, 63.625, 63.625, 63.625, 63.625, 63.625, 63.625, 63.625, 63.625, 63.625, 73.8125, 124.75, 124.75, 124.8125, 124.8125, 124.875, 124.875, 125.0, 125.0, 125.0625, 125.1875, 125.1875, 125.3125, 125.375, 125.375, 125.5, 125.5, 125.5, 125.5625, 125.6875, 125.6875, 125.8125, 125.875, 126.0, 126.0, 126.0, 126.0, 126.125, 126.25, 126.25, 126.375, 126.5, 126.5, 126.5, 126.5, 126.625, 126.75, 126.75, 126.75, 126.875, 127.0, 127.0, 127.0, 127.0, 127.125, 127.125, 127.125, 127.125, 127.25, 127.25, 127.25, 127.25, 127.375, 127.375, 127.375, 127.375, 127.375, 127.375, 127.375, 127.4375, 127.4375, 127.4375, 127.4375, 127.4375, 127.4375, 127.4375, 127.4375, 127.4375, 127.4375, 127.4375, 127.4375, 127.4375, 127.4375, 127.4375, 127.4375, 127.4375, 127.4375, 127.4375, 127.4375, 127.4375, 127.4375, 127.4375, 127.4375, 127.4375, 152.375, 33341.1875, 33387.3125, 48985.25, 49020.875, 81939.75, 81941.5, 81943.5, 81945.5, 81947.875, 81967.8125, 81992.6875, 82023.6875, 82054.5625, 82089.6875, 82126.4375, 82167.25, 82210.6875, 82262.3125, 82311.875, 82365.125, 82423.125, 82488.0625, 82550.375, 82617.3125, 82691.8125, 82755.875, 82826.8125, 82892.75, 82966.0, 83041.8125, 83113.5625, 83189.25, 83262.8125, 83336.8125, 83411.5625, 83485.9375, 83563.625, 83645.375, 83722.1875, 83805.625, 83884.3125, 83970.75, 84048.875, 84138.4375, 84223.3125, 84314.0, 84401.25, 84492.6875, 84579.0, 84673.6875, 84765.3125, 84859.25, 84953.75, 85045.8125, 85141.625, 85242.625, 85335.9375, 85436.0625, 85536.625, 85636.625, 85734.0625, 85833.5, 85943.875, 86050.5625, 86152.75, 86264.1875, 86381.375, 86488.375, 86595.5625, 86715.1875, 86833.375, 86944.5625, 87059.5, 87179.5625, 87300.0, 87420.3125, 87535.6875, 87664.25, 87795.3125, 98061.9375, 8963597.1875]
mvt
[0.0625, 0.0625, 0.125, 0.125, 0.125, 0.1875, 0.1875, 0.25, 63.6875, 63.75, 65663.6875]
nussinov
[0.0625, 0.0625, 0.0625, 0.0625, 0.0625, 0.0625, 0.0625, 0.0625, 0.0625, 0.0625, 0.125, 0.125, 0.125, 0.125, 0.125, 0.125, 0.125, 0.125, 0.125, 0.125, 0.125, 0.1875, 0.1875, 0.1875, 0.1875, 0.1875, 0.25, 0.25, 0.375, 0.5, 0.625, 0.75, 0.875, 0.875, 0.875, 63.875, 63.875, 63.9375, 63.9375, 63.9375, 63.9375, 63.9375, 63.9375, 124.75, 124.75, 124.75, 125.5625, 125.5625, 125.5625, 125.625, 126.0, 126.0, 126.0, 126.0, 126.5625, 126.5625, 126.5625, 126.5625, 126.5625, 126.5625, 126.5625, 126.5625, 126.6875, 126.6875, 127.125, 127.125, 127.125, 127.125, 127.3125, 127.3125, 127.5625, 127.5625, 127.5625, 127.875, 127.875, 128.1875, 128.1875, 128.625, 129.125, 129.125, 129.125, 129.6875, 129.875, 130.5, 130.5, 130.5, 131.1875, 131.75, 132.5, 132.8125, 133.8125, 134.625, 135.625, 135.625, 136.5, 138.0625, 138.0625, 139.0625, 140.0, 141.9375, 142.9375, 143.9375, 145.875, 146.875, 148.875, 149.875, 150.875, 151.875, 153.0, 156.75, 157.75, 158.9375, 159.9375, 161.9375, 161.9375, 162.9375, 162.9375, 164.125, 165.125, 167.375, 169.5, 170.5, 171.8125, 171.8125, 173.8125, 174.8125, 180.1875, 181.5625, 183.125, 184.5, 186.5, 191.75, 193.25, 195.1875, 196.4375, 203.5625, 205.0625, 207.0625, 208.6875, 212.6875, 218.625, 220.25, 222.25, 225.875, 227.5625, 230.75, 230.75, 232.75, 234.5625, 242.5, 244.875, 246.75, 248.75, 252.6875, 254.625, 258.625, 259.0, 262.625, 264.5625, 266.5625, 275.75, 277.75, 290.125, 292.25, 304.5625, 306.6875, 308.9375, 316.0625, 316.125, 323.25, 325.5625, 337.5, 339.875, 342.25, 348.625, 351.0, 355.0, 363.0, 365.4375, 374.1875, 378.1875, 380.75, 383.9375, 388.75, 391.25, 397.625, 404.0, 406.6875, 414.625, 420.125, 425.6875, 425.75, 428.5, 435.625, 438.4375, 450.375, 453.25, 459.5625, 469.9375, 472.8125, 480.875, 483.8125, 496.5, 512.5, 515.5, 547.25, 550.375, 553.5, 553.5625, 556.75, 571.125, 574.375, 599.8125, 603.125, 611.125, 612.0625, 615.4375, 636.1875, 639.6875, 660.4375, 661.9375, 668.3125, 671.875, 679.8125, 683.375, 692.875, 702.4375, 702.5, 706.125, 720.5, 724.1875, 743.25, 757.5625, 761.3125, 778.875, 782.75, 786.6875, 813.75, 820.0625, 824.0, 855.8125, 859.8125, 869.375, 873.5, 887.8125, 887.875, 900.625, 904.75, 911.0625, 933.375, 937.5625, 945.5625, 955.125, 959.375, 1029.5625, 1045.25, 1049.5625, 1054.0, 1058.4375, 1063.0, 1072.6875, 1072.75, 1077.3125, 1118.6875, 1128.1875, 1132.8125, 1164.625, 1169.3125, 1194.8125, 1199.625, 1221.875, 1231.375, 1236.25, 1258.375, 1263.3125, 1285.75, 1307.875, 1312.875, 1317.875, 1317.9375, 1340.375, 1345.4375, 1367.5625, 1405.75, 1410.875, 1442.6875, 1447.875, 1453.1875, 1504.1875, 1509.5, 1531.625, 1537.0625, 1553.0, 1568.9375, 1600.75, 1606.1875, 1606.3125, 1625.5, 1631.0, 1669.0, 1674.625, 1712.75, 1718.375, 1756.5625, 1762.25, 1791.0, 1796.75, 1822.25, 1971.75, 1977.5625, 1983.4375, 1989.4375, 1989.5, 1995.5625, 2008.3125, 2014.375, 2103.375, 2109.5, 2122.1875, 2128.375, 2134.6875, 2179.1875, 2255.5625, 2261.875, 2268.25, 2268.375, 2344.8125, 2351.3125, 2383.0, 2389.5, 2440.3125, 2446.875, 2497.75, 2504.375, 2568.0, 2574.6875, 2606.4375, 2657.4375, 2664.1875, 2671.0, 2702.8125, 2753.8125, 2753.9375, 2760.8125, 2862.375, 2869.3125, 2876.375, 2927.5, 2934.5625, 3004.375, 3011.5625, 3100.375, 3107.625, 3114.8125, 3203.75, 3211.125, 3230.4375, 3287.4375, 3294.8125, 3302.25, 3454.875, 3785.625, 3793.125, 3800.6875, 3808.375, 3846.1875, 3853.9375, 3861.6875, 3869.4375, 3933.0, 3971.5, 3979.375, 4004.4375, 4068.0625, 4076.0625, 4203.0, 32122.0, 32129.9375, 32138.0, 32146.0625, 32154.25, 32162.4375, 32170.6875, 32179.0625, 32187.4375, 32195.9375, 32204.4375, 32213.0625, 32221.6875, 32230.4375, 32239.1875, 32248.0, 32256.875, 32265.875, 32274.875, 32283.9375, 32293.125, 32302.3125, 32311.5625, 32320.875, 32330.3125, 32339.75, 32349.25, 32358.8125, 32368.4375, 32378.125, 32387.875, 32397.75, 32407.625, 32417.5625, 32427.5625, 32437.625, 32447.75, 32457.9375, 32468.1875, 32478.5, 32488.875, 32499.3125, 32509.8125, 32511.8125, 32512.125, 32522.6875, 32533.3125, 32544.0, 32554.75, 32565.5625, 32576.4375, 32587.375, 32587.75, 32593.75, 32604.75, 32615.8125, 32626.9375, 32638.125, 32649.375, 32660.6875, 32672.0, 32672.375, 32683.8125, 32695.3125, 32706.875, 32718.5, 32730.1875, 32741.875, 32753.6875, 32765.5625, 32765.9375, 32777.875, 32789.875, 32801.875, 32814.0, 32826.1875, 32838.4375, 32850.6875, 32851.125, 32863.4375, 32875.875, 32888.375, 32900.875, 32913.5, 32926.1875, 32938.875, 32939.3125, 32952.125, 32964.9375, 32977.875, 32990.8125, 33003.875, 33016.9375, 33030.125, 33030.5625, 33043.75, 33057.0625, 33070.375, 33083.8125, 33097.25, 33110.75, 33111.25, 33124.8125, 33138.5, 33152.1875, 33165.9375, 33179.8125, 33193.6875, 33207.625, 33208.125, 33222.125, 33236.25, 33250.375, 33264.5625, 33278.8125, 33293.1875, 33307.5625, 33322.0, 33336.5, 33351.0625, 33365.6875, 33380.375, 33395.125, 33409.9375, 33424.8125, 33439.75, 33454.75, 33469.8125, 33484.9375, 33540.0, 33555.25, 33570.5, 33585.8125, 33601.1875, 33616.6875, 33632.1875, 33647.75, 33663.4375, 33679.125, 63724.8125, 63800.9375, 63884.625, 63968.0, 96437.8125]
seidel_2d
[0.0625, 0.0625, 0.0625, 0.0625, 0.0625, 0.125, 0.125, 0.125, 0.1875, 0.1875, 0.25, 0.3125, 0.375, 0.4375, 63.8125, 127.25, 190.5625, 253.9375, 65406.5, 130559.0625, 195775.4375, 260991.8125, 326271.5625, 391551.375]
symm
[0.0625, 0.0625, 0.125, 0.125, 0.1875, 0.1875, 0.1875, 0.25, 0.3125, 63.625, 127.375, 191.125, 280.75, 370.4375, 65156.375, 129942.625]
syr2d
[0.0625, 0.0625, 0.0625, 0.125, 0.1875, 0.25, 0.25, 0.3125, 0.3125, 63.8125, 127.8125, 191.875, 65195.75, 130135.625, 195075.625]
syrk
[0.0625, 0.0625, 0.0625, 0.125, 0.1875, 0.25, 15.75, 4079.75, 4095.25, 8175.25, 12271.25]
trisolv
[0.0625, 0.0625, 0.0625, 0.0625, 0.125, 0.125, 0.1875, 0.25, 0.25, 0.375, 0.4375, 63.8125]
trmm
[0.0625, 0.0625, 0.125, 0.125, 64.0625, 128.0, 65075.25]
