2mm
[0.125, 0.125, 0.125, 0.125, 0.125, 0.125, 0.1875, 0.1875, 15.6875, 15.6875, 31.6875, 31.6875, 3999.6875, 3999.6875, 1042040.5625]
3mm
[0.125, 0.125, 0.125, 0.125, 0.125, 0.125, 0.125, 0.125, 0.125, 0.1875, 0.1875, 0.1875, 15.6875, 15.6875, 15.6875, 31.6875, 31.6875, 31.6875, 3999.6875, 3999.6875, 3999.6875, 1036049.5625, 2080111.0625]
adi
[0.125, 0.125, 0.125, 0.125, 0.125, 0.125, 0.125, 0.125, 0.125, 0.125, 0.125, 0.125, 0.125, 0.1875, 0.1875, 0.1875, 0.1875, 0.1875, 0.25, 0.25, 0.25, 0.25, 0.25, 0.25, 0.25, 0.25, 0.3125, 0.3125, 0.3125, 0.3125, 0.375, 0.4375, 0.4375, 0.4375, 64.125, 64.125, 128.0, 128.0, 191.875, 255.75, 255.8125, 255.8125, 255.8125, 319.5625, 383.4375, 383.5, 383.5, 383.5, 383.5, 64732.0, 129314.1875, 129377.1875, 129761.0625, 130292.4375, 194691.75, 259673.8125, 324693.125, 325587.8125, 389934.6875, 390804.1875, 455130.0625, 520145.75, 585145.0625]
atax
[0.0625, 0.125, 0.125, 0.125, 0.125, 0.125, 0.1875, 0.1875, 0.25, 0.25, 0.3125, 63.375, 63.4375, 127.1875, 190.875]
bicg
[0.0625, 0.125, 0.1875, 0.1875, 0.25, 0.25, 0.25, 0.25, 0.375, 0.4375, 0.4375, 63.9375, 127.4375]
cholesky
[0.125, 0.125, 0.125, 0.125, 0.125, 0.125, 0.125, 0.125, 0.125, 0.1875, 0.25, 0.25, 1.4375, 63.8125, 63.8125, 63.8125, 63.8125, 63.8125, 63.8125, 63.8125, 63.8125, 63.8125, 63.8125, 63.8125, 63.8125, 63.8125, 63.8125, 63.8125, 63.8125, 63.8125, 63.8125, 63.8125, 63.8125, 63.8125, 63.8125, 63.8125, 63.8125, 63.8125, 63.8125, 63.8125, 63.8125, 63.8125, 63.8125, 63.8125, 63.8125, 63.8125, 63.8125, 63.8125, 63.8125, 63.8125, 63.8125, 63.8125, 63.8125, 63.8125, 63.8125, 63.8125, 63.8125, 63.8125, 63.8125, 63.8125, 63.8125, 63.875, 63.875, 63.875, 63.875, 63.875, 63.875, 63.875, 63.875, 63.875, 63.875, 63.875, 63.875, 63.875, 63.875, 63.875, 63.875, 63.875, 63.875, 63.875, 63.875, 63.875, 63.875, 63.875, 63.875, 63.875, 63.875, 63.875, 63.875, 63.875, 63.875, 63.875, 63.875, 63.875, 63.875, 63.875, 63.875, 63.875, 63.875, 63.875, 63.875, 63.875, 63.875, 63.875, 63.875, 63.875, 63.875, 63.875, 63.875, 63.875, 63.875, 63.875, 63.875, 63.875, 63.875, 63.875, 63.875, 63.875, 63.875, 63.875, 63.875, 63.9375, 63.9375, 63.9375, 63.9375, 63.9375, 63.9375, 63.9375, 63.9375, 63.9375, 63.9375, 63.9375, 63.9375, 63.9375, 63.9375, 63.9375, 63.9375, 63.9375, 63.9375, 63.9375, 63.9375, 63.9375, 63.9375, 63.9375, 63.9375, 63.9375, 63.9375, 63.9375, 63.9375, 63.9375, 63.9375, 63.9375, 63.9375, 63.9375, 63.9375, 63.9375, 63.9375, 63.9375, 63.9375, 63.9375, 63.9375, 63.9375, 63.9375, 63.9375, 63.9375, 65.125, 365.1875, 662.75, 32854.125]
correlation
[0.125, 0.125, 0.125, 0.125, 0.125, 0.125, 0.125, 0.125, 0.125, 0.125, 0.125, 0.125, 0.125, 0.125, 0.125, 0.125, 0.125, 0.125, 0.125, 0.125, 0.125, 0.125, 0.125, 0.125, 0.125, 0.125, 0.125, 0.125, 0.1875, 0.1875, 64.125, 128.125, 128.125, 128.125, 128.125, 128.125, 128.125, 128.125, 65024.125, 65088.0, 65088.0, 65088.0, 65088.0, 65088.0, 65214.8125, 65589.375]
covariance
[0.125, 0.125, 0.125, 0.125, 0.125, 0.125, 0.125, 0.125, 0.125, 0.125, 0.1875, 0.1875, 0.1875, 0.1875, 64.125, 128.125, 128.125, 128.125, 65088.125, 65152.0, 65152.0, 65152.0]
deriche
[0.125, 0.125, 0.125, 0.1875, 0.1875, 0.1875, 0.1875, 0.1875, 0.1875, 0.1875, 0.1875, 0.25, 0.25, 0.25, 0.25, 0.25, 64.0625, 128.0625, 128.0625, 128.0625, 65536.25, 131072.25, 131072.25, 144789.0625, 145571.0, 193977.375, 193977.375, 258664.5625, 258664.5625, 324331.625]
doitgen
[0.125, 0.125, 0.125, 0.125, 0.1875, 0.1875, 3.75, 7.75, 9.4375, 9.4375, 231.6875, 233.75, 457.75]
durbin
[0.125, 0.125, 0.1875, 0.1875, 0.1875, 0.1875, 0.25, 0.25, 0.25, 58.3125, 58.3125, 58.375, 71.125, 116.3125, 122.6875, 179.6875, 179.75, 209.8125, 266.625]
fdtd_2d
[0.125, 0.125, 0.125, 0.125, 0.125, 0.125, 0.125, 0.1875, 0.1875, 0.1875, 0.25, 0.25, 0.25, 0.25, 0.25, 0.25, 0.3125, 0.375, 63.8125, 63.9375, 64320.375, 64884.25, 129073.25, 130352.1875, 152158.3125, 184989.6875, 239350.3125, 239365.0625, 304116.125, 305470.4375, 370878.5, 370942.5]
floyd_warshall
[0.125, 0.125, 0.1875, 0.1875, 0.25, 0.25, 0.3125, 63.8125, 63.8125, 65407.75, 65471.3125, 65534.3125, 130879.3125, 196287.3125]
gemm
[0.125, 0.125, 0.125, 0.125, 0.1875, 15.75, 31.75, 3999.75]
gemver
[0.125, 0.125, 0.125, 0.125, 0.125, 0.125, 0.125, 0.125, 0.1875, 0.25, 0.25, 0.25, 0.25, 0.25, 0.3125, 0.375, 0.375, 63.75, 63.75, 127.6875, 127.6875, 127.6875, 175.3125, 64189.8125, 129254.375, 194170.6875]
gesummv
[0.125, 0.125, 0.125, 0.125, 0.125, 0.1875, 0.1875, 0.1875, 0.25, 0.25, 0.25, 0.3125, 0.375, 63.875]
gramschmidt
[0.0625, 0.0625, 0.0625, 0.125, 0.125, 0.125, 0.1875, 0.1875, 0.1875, 0.1875, 64.1875, 128.1875, 176.25, 192.1875, 65184.1875]
heat_3d
[0.125, 0.125, 0.1875, 0.1875, 0.1875, 0.1875, 0.1875, 0.1875, 0.1875, 0.1875, 0.1875, 0.1875, 0.25, 0.25, 0.25, 0.25, 0.3125, 0.375, 0.4375, 0.5, 0.5625, 0.5625, 0.5625, 0.5625, 0.5625, 0.5625, 16.0, 16.0, 31.375, 31.375, 46.8125, 46.8125, 4078.6875, 4078.6875, 8095.0625, 12111.4375, 12111.4375, 12111.4375, 16127.375, 16127.375, 1028070.5, 1036286.625, 2048065.875, 2056445.9375, 3070137.5, 3080636.9375, 4092230.4375, 4100795.8125, 5115836.0, 5129019.5, 6153211.0, 7173386.125, 8197577.625, 9217736.875, 10241928.375, 11266104.0]
jacobi_1d
[0.125, 0.125, 0.125, 0.125, 0.125, 0.125, 0.1875, 0.1875, 0.25, 0.25, 63.25, 63.6875, 126.6875, 127.125, 190.125, 190.625]
jacobi_2d
[0.125, 0.125, 0.1875, 0.1875, 0.1875, 0.1875, 0.25, 0.3125, 0.375, 0.375, 0.375, 0.375, 0.375, 0.375, 63.8125, 63.8125, 127.25, 127.25, 190.75, 190.75, 64786.4375, 65407.125, 129992.4375, 130623.5, 195206.5625, 259834.3125, 260489.0, 261119.25, 325730.0, 326463.3125, 391743.5625, 456959.9375]
lu
[0.125, 0.125, 0.125, 0.125, 0.125, 0.125, 0.1875, 0.1875, 1.0, 1.625, 1.625, 1.625, 63.5, 63.5, 64.375, 64.375, 64.4375, 64.4375, 64.4375, 64.4375, 64.4375, 125.125, 125.1875, 125.1875, 125.1875, 125.1875, 125.1875, 125.6875, 125.6875, 125.6875, 125.6875, 125.6875, 125.6875, 125.6875, 125.6875, 126.1875, 126.1875, 126.1875, 126.1875, 126.1875, 126.1875, 126.1875, 126.1875, 126.6875, 126.6875, 126.6875, 126.6875, 126.6875, 126.6875, 126.6875, 126.75, 127.0625, 127.0625, 127.125, 127.1875, 127.25, 127.25, 127.25, 127.25, 127.5, 127.5, 127.625, 127.625, 127.625, 127.75, 127.75, 127.875, 127.875, 127.875, 130.75, 133.6875, 136.6875, 136.6875, 136.6875, 162.8125, 192.9375, 227.0625, 227.5, 265.625, 328.125, 328.375, 370.5, 416.625, 466.75, 520.875, 579.0, 641.125, 707.25, 777.375, 851.5, 929.625, 1011.75, 1097.875, 1188.0, 1282.125, 1380.25, 1482.375, 1588.5, 1698.625, 1812.75, 1930.875, 2053.0, 2179.125, 30955.9375, 62134.3125, 93273.5625, 93306.75, 94791.6875]
ludcmp
[0.0625, 0.0625, 0.0625, 0.0625, 0.0625, 0.0625, 0.125, 0.125, 0.125, 0.1875, 0.1875, 0.1875, 0.1875, 0.1875, 0.1875, 0.9375, 1.25, 1.9375, 2.5, 2.5, 2.5, 2.5, 63.4375, 64.625, 64.625, 64.625, 64.625, 64.625, 64.625, 64.625, 64.625, 64.6875, 64.6875, 64.6875, 125.0625, 125.0625, 125.0625, 125.0625, 125.0625, 125.0625, 125.0625, 125.0625, 125.0625, 125.5625, 125.5625, 125.5625, 125.5625, 125.5625, 125.5625, 125.5625, 125.5625, 125.5625, 126.0, 126.0, 126.0, 126.0, 126.0, 126.0, 126.0, 126.125, 126.125, 126.5, 126.5, 126.5, 126.5, 126.5, 126.5, 126.625, 126.625, 126.875, 126.875, 127.0, 127.0, 127.0, 127.0, 127.0, 127.125, 127.125, 127.25, 127.25, 127.25, 127.375, 127.375, 127.375, 127.375, 127.5, 127.5, 127.5, 127.5, 127.5, 127.5, 127.5, 127.5, 127.5, 127.5, 127.5, 127.5, 127.5, 127.5, 127.5, 127.5, 127.5, 127.5, 127.5, 127.5, 127.5, 127.5, 127.5, 127.5, 127.5, 127.5, 127.5, 127.5, 127.5, 127.5, 127.5, 127.5, 127.5, 566.75, 62196.875, 62231.0625, 63783.875, 63788.875, 97597.9375, 97597.9375, 97597.9375, 97597.9375, 97597.9375, 97597.9375, 97597.9375, 97597.9375, 97597.9375, 97597.9375, 97597.9375, 97597.9375, 97597.9375, 97597.9375, 97597.9375, 97597.9375, 97597.9375, 97598.0, 97598.0, 97598.0, 97598.0625, 97598.0625, 97598.125, 97598.25, 97598.5625, 97645.75, 97660.75, 97660.75, 97660.8125, 97660.8125, 97660.875, 97660.9375, 97666.3125, 97723.6875, 97723.75, 97723.8125, 97723.875, 97735.75, 97786.8125, 97786.875, 97787.0, 97821.5625, 97850.0625, 97850.1875, 97879.875, 97913.4375, 97913.5625, 97961.4375, 98041.4375, 98042.75, 98043.875, 98044.9375, 98046.0625, 98047.1875, 98048.25, 98049.3125, 98050.5, 98051.5625, 98052.6875, 98053.75, 98054.8125, 98055.9375, 98056.9375, 98058.0625, 98059.125, 98060.1875, 98061.25, 98062.375, 98063.4375, 98064.5625, 98065.6875, 98066.75, 98067.875, 98069.0, 98070.125, 104628.8125, 11281504.25]
mvt
[0.125, 0.125, 0.125, 0.125, 0.1875, 0.1875, 0.25, 63.6875, 63.75, 127.6875, 65663.6875]
nussinov
[0.125, 0.125, 0.125, 0.125, 0.125, 0.125, 0.125, 0.125, 0.125, 0.125, 0.125, 0.125, 0.125, 0.125, 0.125, 0.125, 0.125, 0.1875, 0.1875, 0.1875, 0.1875, 0.25, 0.25, 0.25, 0.25, 0.25, 0.25, 0.25, 1.375, 2.625, 3.8125, 4.75, 5.6875, 5.6875, 5.6875, 65.8125, 65.8125, 65.875, 65.875, 65.875, 65.875, 65.875, 65.9375, 124.875, 124.875, 124.875, 125.6875, 125.6875, 125.6875, 125.6875, 126.125, 126.125, 126.125, 126.125, 126.6875, 126.6875, 126.6875, 126.6875, 126.6875, 126.6875, 126.6875, 126.6875, 126.8125, 126.8125, 127.25, 127.25, 127.25, 127.25, 127.375, 127.375, 127.625, 127.625, 127.625, 127.9375, 127.9375, 128.3125, 128.3125, 128.75, 129.1875, 129.1875, 129.1875, 129.75, 130.0, 130.5625, 130.5625, 130.5625, 131.25, 131.875, 132.625, 133.0, 134.0, 134.75, 135.75, 135.75, 136.625, 138.1875, 138.1875, 139.1875, 140.125, 142.125, 143.125, 144.125, 146.125, 147.125, 149.0625, 150.125, 151.125, 152.125, 153.25, 157.0, 158.0, 159.1875, 160.1875, 162.1875, 162.1875, 163.1875, 163.1875, 164.4375, 165.4375, 167.625, 169.8125, 170.8125, 172.125, 172.125, 174.125, 175.125, 180.5, 181.875, 183.4375, 184.875, 186.8125, 192.0625, 193.5, 195.5, 196.75, 203.875, 205.4375, 207.4375, 209.0625, 213.0625, 219.0, 220.6875, 222.6875, 226.3125, 228.0, 231.1875, 231.1875, 233.1875, 235.0, 243.0, 245.375, 247.1875, 249.1875, 253.1875, 255.125, 259.125, 259.5, 263.0625, 265.0625, 267.0625, 276.3125, 278.3125, 290.6875, 292.75, 305.1875, 307.3125, 309.5625, 316.75, 316.8125, 323.875, 326.1875, 338.1875, 340.5625, 342.9375, 349.3125, 351.6875, 355.6875, 363.75, 366.125, 374.9375, 378.9375, 381.4375, 384.6875, 389.4375, 392.0625, 398.375, 404.75, 407.4375, 415.4375, 421.0, 426.5625, 426.5625, 429.3125, 436.4375, 439.25, 451.25, 454.125, 460.4375, 470.8125, 473.75, 481.75, 484.75, 497.5625, 513.5625, 516.5625, 548.375, 551.5, 554.6875, 554.75, 557.9375, 572.3125, 575.625, 601.125, 604.4375, 612.4375, 612.9375, 616.375, 637.125, 640.5625, 661.4375, 662.9375, 669.3125, 672.875, 680.8125, 684.375, 693.875, 703.5, 703.5625, 707.1875, 721.5625, 725.3125, 744.375, 758.75, 762.5, 780.125, 784.0, 787.9375, 815.0625, 821.375, 825.375, 857.25, 861.3125, 870.875, 875.0, 889.3125, 889.375, 902.1875, 906.3125, 912.6875, 935.0625, 939.25, 947.25, 956.875, 961.1875, 1031.5, 1047.25, 1051.5625, 1056.0, 1060.375, 1064.9375, 1074.625, 1074.6875, 1079.3125, 1120.75, 1130.25, 1134.9375, 1166.875, 1171.5625, 1197.1875, 1201.9375, 1224.3125, 1233.8125, 1238.6875, 1260.9375, 1265.8125, 1288.3125, 1310.5, 1315.5, 1320.5, 1320.5625, 1343.0625, 1348.125, 1370.3125, 1408.6875, 1413.8125, 1445.6875, 1450.875, 1456.125, 1507.3125, 1512.625, 1534.875, 1540.3125, 1556.25, 1572.25, 1604.1875, 1609.625, 1609.6875, 1628.9375, 1634.5, 1672.625, 1678.25, 1716.5, 1722.125, 1760.4375, 1766.1875, 1795.0, 1800.75, 1826.375, 1976.25, 1982.0625, 1988.0, 1993.9375, 1994.0, 2000.0625, 2012.875, 2019.0, 2108.1875, 2114.3125, 2127.125, 2133.3125, 2139.625, 2184.25, 2260.9375, 2267.25, 2273.625, 2273.6875, 2350.4375, 2356.875, 2388.6875, 2395.25, 2446.1875, 2452.75, 2503.75, 2510.375, 2574.25, 2581.0, 2612.8125, 2664.0, 2670.8125, 2677.625, 2709.5625, 2760.6875, 2760.75, 2767.625, 2869.5625, 2876.5625, 2883.5625, 2934.875, 2941.9375, 3012.0625, 3019.1875, 3108.375, 3115.5625, 3122.875, 3212.125, 3219.4375, 3238.875, 3296.0625, 3303.4375, 3310.9375, 3464.125, 3796.125, 3803.625, 3811.25, 3818.875, 3856.875, 3864.625, 3872.4375, 3880.25, 3944.0625, 3982.6875, 3990.625, 4015.75, 4079.625, 4087.5625, 4215.0625, 32174.4375, 32182.4375, 32190.5, 32198.625, 32206.8125, 32215.0625, 32223.375, 32231.75, 32240.1875, 32248.6875, 32257.25, 32265.875, 32274.5625, 32283.3125, 32292.125, 32301.0, 32309.9375, 32318.9375, 32328.0, 32337.125, 32346.3125, 32355.5625, 32364.875, 32374.25, 32383.6875, 32393.1875, 32402.75, 32412.375, 32422.0625, 32431.8125, 32441.625, 32451.5, 32461.4375, 32471.4375, 32481.5, 32491.625, 32501.8125, 32512.0625, 32522.375, 32532.75, 32543.1875, 32553.6875, 32564.25, 32565.1875, 32565.375, 32576.0, 32586.6875, 32597.375, 32608.1875, 32619.0625, 32630.0, 32641.0, 32641.1875, 32644.9375, 32655.9375, 32667.0625, 32678.1875, 32689.4375, 32700.6875, 32712.0625, 32723.4375, 32723.6875, 32735.1875, 32746.6875, 32758.25, 32769.9375, 32781.625, 32793.4375, 32805.25, 32817.125, 32817.4375, 32829.375, 32841.375, 32853.5, 32865.625, 32877.8125, 32890.125, 32902.4375, 32902.75, 32915.125, 32927.5625, 32940.125, 32952.6875, 32965.3125, 32978.0625, 32990.8125, 32991.125, 33003.9375, 33016.8125, 33029.8125, 33042.8125, 33055.875, 33069.0625, 33082.25, 33082.5625, 33095.8125, 33109.125, 33122.5625, 33136.0, 33149.5, 33163.125, 33163.375, 33177.0625, 33190.75, 33204.5, 33218.3125, 33232.25, 33246.1875, 33260.1875, 33260.5, 33274.5625, 33288.75, 33302.9375, 33317.1875, 33331.5625, 33345.9375, 33360.375, 33374.9375, 33389.5, 33404.1875, 33418.875, 33433.625, 33448.5, 33463.375, 33478.375, 33493.375, 33508.5, 33523.625, 33538.875, 33591.125, 33606.4375, 33621.8125, 33637.25, 33652.75, 33668.3125, 33683.9375, 33699.625, 33715.3125, 33731.125, 63817.375, 63877.875, 63941.75, 64005.6875, 96530.8125]
seidel_2d
[0.125, 0.125, 0.125, 0.125, 0.125, 0.125, 0.1875, 0.1875, 0.25, 0.25, 0.3125, 0.3125, 0.375, 0.4375, 63.875, 127.3125, 190.6875, 254.0625, 65406.5625, 130559.0625, 195775.5, 260991.9375, 326271.6875, 391551.5]
symm
[0.125, 0.125, 0.125, 0.125, 0.1875, 0.1875, 0.1875, 0.8125, 1.4375, 64.3125, 127.625, 191.125, 853.5625, 1516.0625, 65777.8125, 130149.375]
syr2d
[0.125, 0.125, 0.125, 0.125, 0.1875, 0.25, 0.3125, 0.3125, 0.375, 63.875, 127.8125, 191.875, 65203.875, 130151.8125, 195099.9375]
syrk
[0.125, 0.125, 0.125, 0.125, 0.1875, 0.25, 15.75, 4079.8125, 4095.25, 8175.3125, 12271.3125]
trisolv
[0.125, 0.125, 0.125, 0.125, 0.125, 0.125, 0.25, 0.3125, 0.3125, 0.9375, 1.5625, 64.0625]
trmm
[0.125, 0.125, 0.125, 0.125, 64.0625, 128.0, 65088.25]
