2mm
[0.125, 0.125, 0.125, 0.125, 0.125, 0.125, 0.1875, 0.1875, 15.6875, 15.6875, 31.6875, 31.6875, 3999.6875, 3999.6875, 947718.4375]
3mm
[0.0625, 0.125, 0.125, 0.125, 0.125, 0.125, 0.125, 0.125, 0.125, 0.1875, 0.1875, 0.1875, 15.6875, 15.6875, 15.6875, 31.6875, 31.6875, 31.6875, 3999.6875, 3999.6875, 3999.6875, 887808.1875, 1891437.0]
adi
[0.0625, 0.0625, 0.125, 0.125, 0.125, 0.125, 0.125, 0.125, 0.125, 0.125, 0.125, 0.125, 0.125, 0.125, 0.125, 0.125, 0.125, 0.1875, 0.25, 0.25, 0.25, 0.25, 0.25, 0.25, 0.25, 0.25, 0.25, 0.25, 0.25, 0.3125, 0.375, 0.4375, 0.4375, 0.4375, 64.125, 64.125, 128.0, 128.0, 191.875, 255.75, 255.8125, 255.8125, 255.8125, 319.5625, 383.375, 383.4375, 383.4375, 383.4375, 383.4375, 58858.0, 117562.25, 117619.5, 123754.9375, 130264.1875, 188565.75, 253577.875, 318447.8125, 325556.5, 383530.25, 390772.9375, 448940.5, 513982.6875, 578953.375]
atax
[0.0625, 0.125, 0.125, 0.125, 0.125, 0.125, 0.1875, 0.1875, 0.25, 0.25, 0.3125, 57.625, 57.6875, 121.375, 185.125]
bicg
[0.0625, 0.125, 0.1875, 0.1875, 0.25, 0.25, 0.25, 0.25, 0.375, 0.4375, 0.4375, 63.9375, 127.4375]
cholesky
[0.125, 0.125, 0.125, 0.125, 0.125, 0.125, 0.125, 0.125, 0.125, 0.1875, 0.25, 0.25, 0.5625, 63.6875, 63.6875, 63.6875, 63.6875, 63.6875, 63.6875, 63.6875, 63.6875, 63.6875, 63.6875, 63.6875, 63.6875, 63.6875, 63.6875, 63.6875, 63.6875, 63.6875, 63.6875, 63.6875, 63.6875, 63.6875, 63.6875, 63.6875, 63.6875, 63.6875, 63.6875, 63.6875, 63.6875, 63.6875, 63.6875, 63.6875, 63.6875, 63.6875, 63.6875, 63.6875, 63.6875, 63.6875, 63.6875, 63.6875, 63.6875, 63.6875, 63.6875, 63.6875, 63.6875, 63.6875, 63.6875, 63.6875, 63.6875, 63.6875, 63.6875, 63.6875, 63.6875, 63.6875, 63.6875, 63.6875, 63.6875, 63.6875, 63.6875, 63.6875, 63.6875, 63.6875, 63.6875, 63.6875, 63.6875, 63.6875, 63.6875, 63.6875, 63.6875, 63.6875, 63.6875, 63.6875, 63.6875, 63.6875, 63.6875, 63.6875, 63.6875, 63.6875, 63.6875, 63.6875, 63.6875, 63.6875, 63.6875, 63.6875, 63.6875, 63.6875, 63.6875, 63.6875, 63.6875, 63.6875, 63.6875, 63.6875, 63.6875, 63.6875, 63.6875, 63.6875, 63.6875, 63.6875, 63.6875, 63.6875, 63.6875, 63.6875, 63.6875, 63.6875, 63.6875, 63.6875, 63.6875, 63.6875, 63.6875, 63.6875, 63.6875, 63.6875, 63.6875, 63.6875, 63.6875, 63.6875, 63.6875, 63.6875, 63.6875, 63.6875, 63.6875, 63.6875, 63.6875, 63.6875, 63.6875, 63.6875, 63.6875, 63.6875, 63.6875, 63.75, 63.75, 63.75, 63.75, 63.75, 63.75, 63.75, 63.75, 63.75, 63.75, 63.75, 63.75, 63.75, 63.75, 63.75, 63.75, 63.75, 63.75, 63.75, 63.75, 63.75, 63.75, 63.75, 63.75, 64.0, 203.375, 347.5, 32817.6875]
correlation
[0.125, 0.125, 0.125, 0.125, 0.125, 0.125, 0.125, 0.125, 0.125, 0.125, 0.125, 0.125, 0.125, 0.125, 0.125, 0.125, 0.125, 0.125, 0.125, 0.125, 0.125, 0.125, 0.125, 0.125, 0.125, 0.125, 0.125, 0.125, 0.1875, 0.1875, 64.125, 128.125, 128.125, 128.125, 128.125, 128.125, 128.125, 128.125, 65024.125, 65088.0, 65088.0, 65088.0, 65088.0, 65088.0, 65088.0, 65088.0]
covariance
[0.125, 0.125, 0.125, 0.125, 0.125, 0.125, 0.125, 0.125, 0.125, 0.125, 0.1875, 0.1875, 0.1875, 0.1875, 64.125, 128.125, 128.125, 128.125, 65088.125, 65152.0, 65152.0, 65152.0]
deriche
[0.0625, 0.125, 0.125, 0.125, 0.125, 0.125, 0.125, 0.1875, 0.1875, 0.1875, 0.1875, 0.25, 0.25, 0.25, 0.25, 0.25, 64.0625, 128.0625, 128.0625, 128.0625, 65536.25, 131072.25, 131072.25, 131072.25, 138588.375, 179646.75, 179646.75, 239770.0, 239770.0, 306616.6875]
doitgen
[0.125, 0.125, 0.125, 0.125, 0.125, 0.1875, 3.6875, 7.6875, 9.4375, 9.4375, 231.625, 233.6875, 457.6875]
durbin
[0.125, 0.125, 0.1875, 0.1875, 0.1875, 0.1875, 0.25, 0.25, 0.25, 46.125, 46.125, 46.125, 64.0625, 99.6875, 113.4375, 156.125, 156.1875, 193.0625, 250.875]
fdtd_2d
[0.0625, 0.125, 0.125, 0.125, 0.125, 0.125, 0.125, 0.125, 0.125, 0.1875, 0.25, 0.25, 0.25, 0.25, 0.25, 0.25, 0.3125, 0.375, 63.75, 63.875, 53955.5, 59461.5625, 112137.25, 124896.3125, 147627.6875, 181608.8125, 234168.9375, 234183.6875, 291851.125, 305470.4375, 370878.5, 370942.5]
floyd_warshall
[0.125, 0.125, 0.1875, 0.1875, 0.25, 0.25, 0.3125, 63.8125, 63.8125, 65407.75, 65471.3125, 65534.3125, 130879.3125, 196287.3125]
gemm
[0.125, 0.125, 0.125, 0.125, 0.1875, 15.6875, 31.6875, 3999.6875]
gemver
[0.0625, 0.125, 0.125, 0.125, 0.125, 0.125, 0.125, 0.125, 0.1875, 0.25, 0.25, 0.25, 0.25, 0.25, 0.3125, 0.375, 0.375, 63.75, 63.75, 127.6875, 127.6875, 127.6875, 175.3125, 53228.5, 115087.125, 175060.4375]
gesummv
[0.125, 0.125, 0.125, 0.125, 0.125, 0.1875, 0.1875, 0.1875, 0.25, 0.25, 0.25, 0.3125, 0.375, 63.875]
gramschmidt
[0.0625, 0.0625, 0.0625, 0.125, 0.125, 0.125, 0.1875, 0.1875, 0.1875, 0.1875, 64.1875, 128.1875, 176.1875, 192.125, 65180.8125]
heat_3d
[0.0625, 0.125, 0.125, 0.125, 0.125, 0.125, 0.1875, 0.1875, 0.1875, 0.1875, 0.1875, 0.1875, 0.1875, 0.1875, 0.25, 0.25, 0.3125, 0.375, 0.4375, 0.5, 0.5625, 0.5625, 0.5625, 0.5625, 0.5625, 0.5625, 16.0, 16.0, 31.375, 31.375, 46.8125, 46.8125, 4078.625, 4078.625, 8095.0, 12111.375, 12111.375, 12111.375, 16127.3125, 16127.3125, 935898.1875, 1036286.625, 1953949.1875, 2056445.9375, 2975641.125, 3080636.9375, 3997774.0625, 4100795.8125, 5015238.3125, 5129019.5, 6153211.0, 7173386.125, 8197577.625, 9217736.875, 10241928.3125, 11266104.0]
jacobi_1d
[0.125, 0.125, 0.125, 0.125, 0.125, 0.125, 0.1875, 0.1875, 0.25, 0.25, 57.5, 63.6875, 120.8125, 127.125, 184.3125, 190.625]
jacobi_2d
[0.125, 0.125, 0.125, 0.1875, 0.1875, 0.1875, 0.1875, 0.25, 0.3125, 0.3125, 0.3125, 0.375, 0.375, 0.375, 63.8125, 63.8125, 127.1875, 127.25, 190.6875, 190.75, 58911.3125, 65407.125, 124015.9375, 130623.5, 189229.125, 247981.6875, 254536.8125, 261119.25, 319415.5, 326463.3125, 391743.5625, 456959.9375]
lu
[0.125, 0.125, 0.125, 0.125, 0.125, 0.125, 0.1875, 0.1875, 0.375, 0.5625, 0.5625, 0.5625, 63.5, 63.5, 63.8125, 63.8125, 63.8125, 63.8125, 63.8125, 63.8125, 63.8125, 124.9375, 124.9375, 124.9375, 124.9375, 125.0, 125.0, 125.4375, 125.4375, 125.4375, 125.4375, 125.4375, 125.4375, 125.5, 125.5, 125.9375, 125.9375, 125.9375, 125.9375, 125.9375, 125.9375, 126.0, 126.0, 126.4375, 126.4375, 126.4375, 126.4375, 126.4375, 126.4375, 126.5, 126.5, 126.8125, 126.8125, 126.8125, 126.9375, 126.9375, 126.9375, 126.9375, 126.9375, 127.1875, 127.1875, 127.3125, 127.3125, 127.3125, 127.75, 127.75, 127.875, 127.875, 127.875, 130.75, 133.6875, 136.6875, 136.6875, 136.6875, 162.8125, 192.9375, 227.0625, 227.5, 265.625, 328.125, 328.375, 370.5, 416.625, 466.75, 520.875, 579.0, 641.125, 707.25, 777.375, 851.5, 929.625, 1011.75, 1097.875, 1188.0, 1282.125, 1380.25, 1482.375, 1588.5, 1698.625, 1812.75, 1930.875, 2053.0, 2179.125, 27599.5625, 55374.75, 83136.625, 83171.4375, 88033.3125]
ludcmp
[0.0625, 0.0625, 0.0625, 0.0625, 0.0625, 0.0625, 0.125, 0.125, 0.125, 0.1875, 0.1875, 0.1875, 0.1875, 0.1875, 0.1875, 0.375, 0.4375, 0.6875, 0.8125, 0.8125, 0.8125, 0.8125, 63.4375, 63.875, 63.875, 63.875, 63.875, 63.875, 63.875, 63.875, 63.875, 63.875, 63.875, 63.875, 125.0, 125.0, 125.0, 125.0, 125.0, 125.0, 125.0, 125.0, 125.0, 125.5, 125.5, 125.5, 125.5, 125.5, 125.5, 125.5, 125.5, 125.5, 126.0, 126.0, 126.0, 126.0, 126.0, 126.0, 126.0, 126.125, 126.125, 126.5, 126.5, 126.5, 126.5, 126.5, 126.5, 126.625, 126.625, 126.875, 126.875, 127.0, 127.0, 127.0, 127.0, 127.0, 127.125, 127.125, 127.25, 127.25, 127.25, 127.375, 127.375, 127.375, 127.375, 127.5, 127.5, 127.5, 127.5, 127.5, 127.5, 127.5, 127.5, 127.5, 127.5, 127.5, 127.5, 127.5, 127.5, 127.5, 127.5, 127.5, 127.5, 127.5, 127.5, 127.5, 127.5, 127.5, 127.5, 127.5, 127.5, 127.5, 127.5, 127.5, 127.5, 127.5, 127.5, 127.5, 228.625, 55202.1875, 55238.5, 60611.4375, 60624.4375, 93945.0625, 93945.0625, 93945.0625, 93945.0625, 93945.0625, 93945.125, 93945.125, 93945.125, 93945.125, 93945.1875, 93970.375, 93999.6875, 94000.0, 94000.125, 94000.1875, 94000.1875, 94000.25, 94052.3125, 94055.1875, 94055.3125, 94055.4375, 94055.5, 94110.0625, 94110.6875, 94110.75, 94110.875, 94165.9375, 94166.25, 94166.375, 94221.4375, 94221.875, 94231.4375, 94277.5, 94277.625, 94333.125, 94333.5, 94370.25, 94389.5, 94434.875, 94445.625, 94501.25, 94501.875, 94558.125, 94574.8125, 94614.6875, 94671.1875, 94688.3125, 94728.0625, 94784.875, 94841.75, 94869.8125, 94899.0625, 94956.25, 95013.5625, 95071.0625, 95128.625, 95186.375, 95244.1875, 95302.1875, 95360.3125, 95418.5625, 95476.9375, 95535.4375, 95594.0625, 95677.6875, 95758.4375, 95829.625, 95888.9375, 95971.75, 96067.25, 96127.125, 96216.75, 96307.0, 96380.5625, 96488.0, 100904.6875, 11197680.3125]
mvt
[0.125, 0.125, 0.125, 0.125, 0.1875, 0.1875, 0.25, 63.6875, 63.75, 127.6875, 65663.6875]
nussinov
[0.125, 0.125, 0.125, 0.125, 0.125, 0.125, 0.125, 0.125, 0.125, 0.125, 0.125, 0.125, 0.125, 0.125, 0.125, 0.125, 0.125, 0.1875, 0.1875, 0.1875, 0.1875, 0.25, 0.25, 0.25, 0.25, 0.25, 0.25, 0.25, 0.5625, 0.875, 1.1875, 1.4375, 1.6875, 1.6875, 1.6875, 64.25, 64.25, 64.25, 64.25, 64.25, 64.25, 64.3125, 64.3125, 124.8125, 124.8125, 124.8125, 125.625, 125.625, 125.625, 125.625, 126.0625, 126.0625, 126.0625, 126.0625, 126.625, 126.625, 126.625, 126.625, 126.625, 126.625, 126.625, 126.625, 126.8125, 126.8125, 127.25, 127.25, 127.25, 127.25, 127.375, 127.375, 127.625, 127.625, 127.625, 127.875, 127.875, 128.25, 128.25, 128.6875, 129.1875, 129.1875, 129.1875, 129.75, 129.9375, 130.5625, 130.5625, 130.5625, 131.25, 131.8125, 132.5625, 132.9375, 133.9375, 134.6875, 135.6875, 135.75, 136.5625, 138.125, 138.125, 139.125, 140.0625, 142.0625, 143.0625, 144.0625, 146.0625, 147.0625, 149.0, 150.0625, 151.0625, 152.0625, 153.1875, 156.9375, 157.9375, 159.125, 160.125, 162.125, 162.125, 163.125, 163.125, 164.3125, 165.3125, 167.5625, 169.6875, 170.6875, 172.0, 172.0, 174.0, 175.0, 180.375, 181.75, 183.3125, 184.75, 186.75, 192.0, 193.4375, 195.4375, 196.6875, 203.8125, 205.375, 207.375, 208.9375, 212.9375, 218.875, 220.5625, 222.5625, 226.125, 227.875, 231.0, 231.0625, 233.0625, 234.8125, 242.875, 245.1875, 247.0625, 249.0625, 253.0, 254.9375, 258.9375, 259.3125, 262.9375, 264.875, 266.875, 276.125, 278.125, 290.5, 292.625, 304.9375, 307.125, 309.3125, 316.5, 316.5, 323.625, 325.9375, 338.0, 340.3125, 342.625, 349.0625, 351.5, 355.4375, 363.4375, 365.9375, 374.6875, 378.6875, 381.25, 384.4375, 389.25, 391.875, 398.25, 404.625, 407.3125, 415.25, 420.75, 426.375, 426.375, 429.125, 436.25, 439.0625, 451.0625, 453.9375, 460.25, 470.625, 473.5625, 481.5625, 484.5625, 497.25, 513.25, 516.3125, 548.125, 551.25, 554.375, 554.4375, 557.625, 572.0, 575.3125, 600.75, 604.125, 612.125, 612.6875, 616.0625, 636.875, 640.3125, 661.125, 662.625, 669.0625, 672.625, 680.5625, 684.1875, 693.6875, 703.25, 703.3125, 706.9375, 721.3125, 725.0625, 744.1875, 758.5, 762.3125, 779.9375, 783.75, 787.6875, 814.8125, 821.125, 825.125, 856.9375, 861.0, 870.5625, 874.625, 889.0, 889.0625, 901.8125, 906.0, 912.3125, 934.625, 938.875, 946.875, 956.5, 960.75, 1031.0625, 1046.75, 1051.125, 1055.5625, 1060.0, 1064.5625, 1074.3125, 1074.3125, 1078.9375, 1120.3125, 1129.875, 1134.5, 1166.4375, 1171.125, 1196.6875, 1201.5, 1223.8125, 1233.3125, 1238.1875, 1260.4375, 1265.3125, 1287.75, 1310.0, 1314.9375, 1320.0, 1320.0625, 1342.5, 1347.625, 1369.8125, 1408.0625, 1413.25, 1445.0625, 1450.3125, 1455.5625, 1506.75, 1512.0625, 1534.25, 1539.6875, 1555.625, 1571.625, 1603.5, 1609.0, 1609.0625, 1628.25, 1633.8125, 1671.9375, 1677.5625, 1715.75, 1721.4375, 1759.6875, 1765.375, 1794.1875, 1800.0, 1825.5625, 1975.375, 1981.25, 1987.125, 1993.0625, 1993.125, 1999.1875, 2012.0, 2018.125, 2107.25, 2113.4375, 2126.1875, 2132.375, 2138.6875, 2183.25, 2259.9375, 2266.25, 2272.625, 2272.6875, 2349.375, 2355.8125, 2387.625, 2394.125, 2445.0625, 2451.6875, 2502.625, 2509.25, 2573.125, 2579.8125, 2611.625, 2662.8125, 2669.5625, 2676.4375, 2708.375, 2759.4375, 2759.5, 2766.375, 2868.25, 2875.1875, 2882.25, 2933.5, 2940.625, 3010.6875, 3017.8125, 3107.0, 3114.1875, 3121.4375, 3210.5625, 3217.9375, 3237.375, 3294.5, 3301.875, 3309.375, 3462.4375, 3794.25, 3801.75, 3809.375, 3817.0625, 3855.0625, 3862.75, 3870.5, 3878.375, 3942.0625, 3980.6875, 3988.625, 4013.75, 4077.625, 4085.5625, 4213.0, 32172.125, 32180.125, 32188.1875, 32196.375, 32204.5625, 32212.8125, 32221.125, 32229.5625, 32238.0, 32246.5, 32255.125, 32263.75, 32272.4375, 32281.25, 32290.0625, 32298.9375, 32307.875, 32316.875, 32326.0, 32335.125, 32344.3125, 32353.5625, 32362.875, 32372.3125, 32381.75, 32391.25, 32400.8125, 32410.4375, 32420.1875, 32429.9375, 32439.75, 32449.625, 32459.5625, 32469.625, 32479.6875, 32489.8125, 32500.0, 32510.25, 32520.5625, 32530.9375, 32541.375, 32551.9375, 32562.5, 32563.25, 32563.375, 32574.0, 32584.6875, 32595.4375, 32606.25, 32617.125, 32628.0625, 32639.125, 32639.25, 32641.375, 32652.5, 32663.625, 32674.8125, 32686.0625, 32697.375, 32708.75, 32720.1875, 32720.3125, 32731.8125, 32743.4375, 32755.0625, 32766.75, 32778.5, 32790.3125, 32802.1875, 32814.125, 32814.25, 32826.25, 32838.375, 32850.4375, 32862.6875, 32874.9375, 32887.25, 32899.625, 32899.75, 32912.1875, 32924.6875, 32937.25, 32949.875, 32962.5625, 32975.3125, 32988.125, 32988.3125, 33001.1875, 33014.125, 33027.125, 33040.1875, 33053.3125, 33066.4375, 33079.6875, 33079.875, 33093.1875, 33106.5625, 33120.0, 33133.5, 33147.0625, 33160.6875, 33160.8125, 33174.5, 33188.25, 33202.0625, 33215.9375, 33229.875, 33243.875, 33257.9375, 33258.125, 33272.25, 33286.375, 33300.625, 33314.9375, 33329.3125, 33343.75, 33358.25, 33372.8125, 33387.4375, 33402.0625, 33416.8125, 33431.625, 33446.5, 33461.4375, 33476.4375, 33491.4375, 33506.5625, 33521.75, 33537.0, 33587.1875, 33602.4375, 33617.8125, 33633.25, 33648.75, 33664.3125, 33679.875, 33695.5625, 33711.3125, 33727.125, 63811.3125, 63872.9375, 63938.0, 64003.125, 96524.875]
seidel_2d
[0.0625, 0.125, 0.125, 0.125, 0.125, 0.125, 0.1875, 0.1875, 0.25, 0.25, 0.3125, 0.3125, 0.375, 0.4375, 63.875, 127.3125, 190.6875, 254.0625, 65406.5625, 130559.0625, 195775.5, 260991.875, 326271.625, 391551.4375]
symm
[0.125, 0.125, 0.125, 0.125, 0.1875, 0.1875, 0.1875, 0.375, 0.5625, 63.8125, 127.4375, 191.125, 392.25, 593.625, 65288.3125, 129986.625]
syr2d
[0.125, 0.125, 0.125, 0.125, 0.1875, 0.25, 0.3125, 0.3125, 0.375, 63.875, 127.8125, 191.875, 65200.625, 130145.4375, 195090.3125]
syrk
[0.125, 0.125, 0.125, 0.125, 0.1875, 0.25, 15.75, 4079.8125, 4095.25, 8175.3125, 12271.3125]
trisolv
[0.125, 0.125, 0.125, 0.125, 0.125, 0.125, 0.25, 0.3125, 0.3125, 0.5, 0.6875, 63.8125]
trmm
[0.125, 0.125, 0.125, 0.125, 64.0625, 128.0, 65086.6875]
