2mm
[0.0625, 0.0625, 0.125, 0.125, 0.125, 0.125, 0.1875, 0.1875, 15.6875, 15.6875, 31.6875, 31.6875, 3999.6875, 3999.6875, 633311.4375]
3mm
[0.0625, 0.0625, 0.0625, 0.125, 0.125, 0.125, 0.125, 0.125, 0.125, 0.125, 0.1875, 0.1875, 0.1875, 15.6875, 15.6875, 15.6875, 31.6875, 31.6875, 31.6875, 3999.6875, 3999.6875, 393670.3125, 1262523.4375]
adi
[0.0625, 0.0625, 0.0625, 0.0625, 0.0625, 0.0625, 0.0625, 0.0625, 0.0625, 0.0625, 0.125, 0.125, 0.125, 0.125, 0.125, 0.125, 0.125, 0.125, 0.125, 0.125, 0.1875, 0.1875, 0.1875, 0.1875, 0.25, 0.25, 0.25, 0.25, 0.25, 0.25, 0.3125, 0.3125, 0.3125, 0.3125, 63.5625, 63.5625, 126.6875, 126.75, 190.125, 253.5625, 253.625, 253.625, 254.3125, 318.125, 382.0, 382.0625, 382.125, 382.125, 382.125, 39281.1875, 78366.25, 78404.25, 103737.0, 130217.5625, 168138.6875, 233234.5625, 297642.5625, 325485.5625, 362201.25, 390702.5625, 428316.875, 493441.625, 558305.375]
atax
[0.0625, 0.0625, 0.0625, 0.0625, 0.125, 0.125, 0.125, 0.1875, 0.25, 0.25, 0.25, 38.4375, 38.4375, 102.1875, 165.9375]
bicg
[0.0625, 0.0625, 0.125, 0.125, 0.1875, 0.1875, 0.1875, 0.25, 0.3125, 0.375, 0.375, 63.875, 127.375]
cholesky
[0.0625, 0.0625, 0.0625, 0.0625, 0.0625, 0.125, 0.125, 0.125, 0.125, 0.1875, 0.25, 0.25, 0.375, 63.625, 63.625, 63.625, 63.625, 63.625, 63.625, 63.625, 63.625, 63.625, 63.625, 63.625, 63.625, 63.625, 63.625, 63.625, 63.625, 63.625, 63.625, 63.625, 63.625, 63.625, 63.625, 63.625, 63.625, 63.625, 63.625, 63.625, 63.625, 63.625, 63.625, 63.625, 63.625, 63.625, 63.625, 63.625, 63.625, 63.625, 63.625, 63.625, 63.625, 63.625, 63.625, 63.625, 63.625, 63.625, 63.625, 63.625, 63.625, 63.625, 63.625, 63.625, 63.625, 63.625, 63.625, 63.625, 63.625, 63.625, 63.625, 63.625, 63.625, 63.625, 63.625, 63.625, 63.625, 63.625, 63.625, 63.625, 63.625, 63.625, 63.625, 63.625, 63.625, 63.625, 63.625, 63.625, 63.625, 63.625, 63.625, 63.625, 63.625, 63.625, 63.625, 63.625, 63.625, 63.625, 63.625, 63.625, 63.625, 63.625, 63.625, 63.625, 63.625, 63.625, 63.625, 63.625, 63.625, 63.625, 63.625, 63.625, 63.625, 63.625, 63.625, 63.625, 63.625, 63.625, 63.625, 63.625, 63.625, 63.625, 63.625, 63.625, 63.625, 63.625, 63.625, 63.625, 63.625, 63.625, 63.625, 63.625, 63.625, 63.625, 63.625, 63.625, 63.625, 63.625, 63.625, 63.625, 63.625, 63.625, 63.625, 63.625, 63.625, 63.625, 63.625, 63.625, 63.625, 63.625, 63.625, 63.625, 63.625, 63.625, 63.625, 63.625, 63.625, 63.625, 63.625, 63.625, 63.625, 63.625, 63.625, 63.625, 63.625, 63.75, 152.8125, 248.375, 32805.4375]
correlation
[0.0625, 0.0625, 0.0625, 0.0625, 0.0625, 0.0625, 0.0625, 0.0625, 0.0625, 0.0625, 0.0625, 0.0625, 0.0625, 0.0625, 0.0625, 0.0625, 0.0625, 0.0625, 0.0625, 0.0625, 0.0625, 0.0625, 0.125, 0.125, 0.125, 0.125, 0.125, 0.125, 0.125, 0.125, 64.125, 128.125, 128.125, 128.125, 128.125, 128.125, 128.125, 128.125, 65024.125, 65088.0, 65088.0, 65088.0, 65088.0, 65088.0, 65088.0, 65088.0]
covariance
[0.0625, 0.0625, 0.0625, 0.0625, 0.0625, 0.0625, 0.0625, 0.125, 0.125, 0.125, 0.125, 0.125, 0.125, 0.125, 64.125, 128.125, 128.125, 128.125, 65088.125, 65152.0, 65152.0, 65152.0]
deriche
[0.0625, 0.0625, 0.0625, 0.0625, 0.0625, 0.125, 0.125, 0.125, 0.125, 0.125, 0.125, 0.125, 0.1875, 0.1875, 0.1875, 0.1875, 0.25, 0.25, 0.25, 0.25, 128.0625, 128.0625, 28231.0625, 48486.5625, 101768.5625, 132731.1875, 132731.1875, 196608.25, 196608.25, 229167.8125]
doitgen
[0.0625, 0.0625, 0.0625, 0.125, 0.125, 0.1875, 3.6875, 7.6875, 9.4375, 9.4375, 229.6875, 233.6875, 457.6875]
durbin
[0.0625, 0.125, 0.125, 0.1875, 0.1875, 0.1875, 0.25, 0.25, 0.25, 30.1875, 30.1875, 30.1875, 53.375, 81.5625, 99.1875, 130.4375, 130.5625, 178.25, 238.3125]
fdtd_2d
[0.0625, 0.0625, 0.0625, 0.0625, 0.0625, 0.0625, 0.0625, 0.125, 0.125, 0.125, 0.125, 0.1875, 0.25, 0.25, 0.25, 0.25, 0.3125, 0.375, 0.375, 63.875, 19405.9375, 43690.3125, 55683.75, 109162.3125, 130943.4375, 167344.625, 203929.1875, 203959.75, 248959.375, 296405.9375, 347933.0, 347997.5]
floyd_warshall
[0.0625, 0.125, 0.125, 0.1875, 0.1875, 0.25, 0.25, 63.75, 63.75, 65407.75, 65471.25, 65534.25, 130879.25, 196287.25]
gemm
[0.0625, 0.0625, 0.0625, 0.125, 0.1875, 15.6875, 31.6875, 3999.6875]
gemver
[0.0625, 0.0625, 0.0625, 0.0625, 0.0625, 0.125, 0.125, 0.125, 0.125, 0.125, 0.1875, 0.1875, 0.1875, 0.25, 0.3125, 0.375, 0.375, 0.375, 63.6875, 63.75, 63.875, 127.375, 127.375, 16690.875, 67862.75, 111359.75]
gesummv
[0.0625, 0.0625, 0.0625, 0.0625, 0.0625, 0.125, 0.125, 0.125, 0.1875, 0.25, 0.25, 0.3125, 0.375, 63.875]
gramschmidt
[0.0625, 0.0625, 0.0625, 0.125, 0.125, 0.125, 0.1875, 0.1875, 0.1875, 0.1875, 44.9375, 89.75, 145.5625, 175.9375, 65128.625]
heat_3d
[0.0625, 0.0625, 0.0625, 0.0625, 0.0625, 0.0625, 0.0625, 0.125, 0.125, 0.125, 0.125, 0.125, 0.125, 0.1875, 0.1875, 0.1875, 0.25, 0.3125, 0.375, 0.4375, 0.5, 0.5, 0.5, 0.5, 0.5, 0.5, 15.9375, 15.9375, 31.3125, 31.375, 46.75, 46.8125, 4078.5625, 4078.625, 8094.9375, 12111.25, 12111.25, 12111.3125, 16127.125, 16127.25, 628657.3125, 1036286.5625, 1640226.9375, 2056445.875, 2660653.1875, 3080636.875, 3682868.25, 4100795.75, 4679912.75, 5129019.4375, 6153210.8125, 7173386.0625, 8197577.4375, 9217736.8125, 10241928.1875, 11266103.9375]
jacobi_1d
[0.0625, 0.0625, 0.0625, 0.125, 0.125, 0.125, 0.125, 0.1875, 0.1875, 0.25, 38.3125, 63.625, 101.4375, 127.125, 165.0, 190.5625]
jacobi_2d
[0.0625, 0.0625, 0.0625, 0.0625, 0.125, 0.125, 0.1875, 0.25, 0.3125, 0.3125, 0.3125, 0.3125, 0.375, 0.375, 63.75, 63.8125, 127.1875, 127.1875, 190.625, 190.6875, 39327.5625, 65407.0625, 104094.375, 130623.4375, 169304.5, 208472.9375, 234696.125, 261119.125, 298367.1875, 326463.25, 391743.4375, 456959.9375]
lu
[0.0625, 0.0625, 0.0625, 0.125, 0.125, 0.125, 0.1875, 0.1875, 0.25, 0.3125, 0.3125, 0.3125, 63.5, 63.5, 63.625, 63.625, 63.625, 63.625, 63.625, 63.625, 63.625, 124.875, 124.875, 124.875, 124.875, 125.0, 125.0, 125.375, 125.375, 125.375, 125.375, 125.375, 125.375, 125.5, 125.5, 125.875, 125.875, 125.875, 125.875, 125.875, 125.875, 126.0, 126.0, 126.375, 126.375, 126.375, 126.375, 126.375, 126.375, 126.5, 126.5, 126.75, 126.75, 126.75, 126.875, 126.875, 126.875, 126.875, 126.875, 127.125, 127.125, 127.25, 127.25, 127.25, 127.75, 127.75, 127.875, 127.875, 127.875, 130.6875, 133.625, 136.625, 136.625, 136.625, 162.75, 192.875, 227.0, 227.4375, 265.5625, 328.0625, 328.3125, 370.4375, 416.5625, 466.6875, 520.8125, 578.9375, 641.0625, 707.1875, 777.3125, 851.4375, 929.5625, 1011.6875, 1097.8125, 1187.9375, 1282.0625, 1380.1875, 1482.3125, 1588.4375, 1698.5625, 1812.6875, 1930.8125, 2052.9375, 2179.0625, 19122.875, 38387.0, 57687.875, 57737.125, 71065.0]
ludcmp
[0.0625, 0.0625, 0.0625, 0.0625, 0.0625, 0.0625, 0.125, 0.125, 0.125, 0.125, 0.125, 0.125, 0.125, 0.125, 0.125, 0.25, 0.3125, 0.375, 0.4375, 0.4375, 0.4375, 0.4375, 63.4375, 63.6875, 63.6875, 63.6875, 63.6875, 63.6875, 63.6875, 63.6875, 63.6875, 63.6875, 63.6875, 63.6875, 124.9375, 124.9375, 124.9375, 124.9375, 124.9375, 124.9375, 124.9375, 125.0, 125.0, 125.4375, 125.4375, 125.5, 125.5, 125.5, 125.5, 125.5, 125.5, 125.5, 126.0, 126.0, 126.0, 126.0, 126.0, 126.0, 126.0, 126.0, 126.0, 126.5, 126.5, 126.5, 126.5, 126.5, 126.5, 126.5, 126.5, 126.875, 126.875, 127.0, 127.0, 127.0, 127.0, 127.0, 127.0, 127.0, 127.25, 127.25, 127.25, 127.375, 127.375, 127.375, 127.375, 127.5, 127.5, 127.5, 127.5, 127.5, 127.5, 127.5, 127.5, 127.5, 127.5, 127.5, 127.5, 127.5, 127.5, 127.5, 127.5, 127.5, 127.5, 127.5, 127.5, 127.5, 127.5, 127.5, 127.5, 127.5, 127.5, 127.5, 127.5, 127.5, 127.5, 127.5, 127.5, 127.5, 160.5625, 39316.0, 39356.5625, 52130.25, 52166.125, 84317.5625, 84317.75, 84317.9375, 84318.125, 84321.125, 84339.8125, 84351.6875, 84368.0625, 84391.875, 84409.0, 84437.0625, 84456.625, 84488.375, 84516.375, 84546.875, 84579.25, 84612.9375, 84651.25, 84685.9375, 84734.8125, 84779.9375, 84821.5625, 84873.1875, 84921.9375, 84970.0625, 85021.3125, 85075.25, 85131.125, 85197.1875, 85261.875, 85322.3125, 85389.1875, 85457.6875, 85530.3125, 85607.875, 85679.8125, 85764.25, 85845.8125, 85928.25, 86018.6875, 86113.3125, 86209.5625, 86303.75, 86408.1875, 86516.0, 86621.4375, 86731.1875, 86844.75, 86966.125, 87085.9375, 87207.5625, 87341.5, 87437.875, 87534.25, 87644.75, 87745.1875, 87844.6875, 87957.9375, 88072.4375, 88181.125, 88291.6875, 88401.25, 88522.0, 88643.75, 88767.25, 88891.8125, 89017.6875, 89140.875, 89269.1875, 89398.5, 89524.25, 89655.5625, 89721.875, 89805.6875, 89901.625, 98079.9375, 9831825.625]
mvt
[0.0625, 0.0625, 0.125, 0.125, 0.1875, 0.1875, 0.25, 63.6875, 63.75, 127.6875, 65663.6875]
nussinov
[0.0625, 0.0625, 0.0625, 0.0625, 0.0625, 0.0625, 0.0625, 0.0625, 0.0625, 0.125, 0.125, 0.125, 0.125, 0.125, 0.125, 0.125, 0.125, 0.125, 0.125, 0.125, 0.125, 0.1875, 0.1875, 0.1875, 0.1875, 0.1875, 0.25, 0.25, 0.375, 0.5, 0.625, 0.75, 0.875, 0.875, 0.875, 63.9375, 63.9375, 63.9375, 63.9375, 63.9375, 63.9375, 63.9375, 63.9375, 124.75, 124.75, 124.75, 125.625, 125.625, 125.625, 125.625, 126.0, 126.0, 126.0, 126.0, 126.5625, 126.5625, 126.5625, 126.5625, 126.5625, 126.5625, 126.5625, 126.5625, 126.6875, 126.6875, 127.125, 127.125, 127.125, 127.125, 127.3125, 127.3125, 127.5625, 127.5625, 127.5625, 127.875, 127.875, 128.25, 128.25, 128.625, 129.125, 129.125, 129.125, 129.6875, 129.9375, 130.5625, 130.5625, 130.5625, 131.1875, 131.8125, 132.5, 132.875, 133.8125, 134.625, 135.625, 135.6875, 136.5, 138.125, 138.125, 139.125, 140.0, 142.0, 143.0, 144.0, 145.9375, 146.9375, 148.875, 149.9375, 150.9375, 151.9375, 153.0, 156.8125, 157.8125, 158.9375, 159.9375, 161.9375, 161.9375, 162.9375, 162.9375, 164.1875, 165.1875, 167.375, 169.5625, 170.5625, 171.8125, 171.875, 173.875, 174.8125, 180.25, 181.5625, 183.1875, 184.5625, 186.5625, 191.8125, 193.25, 195.25, 196.5, 203.625, 205.1875, 207.1875, 208.75, 212.75, 218.6875, 220.375, 222.3125, 225.9375, 227.625, 230.8125, 230.8125, 232.8125, 234.625, 242.625, 245.0, 246.8125, 248.8125, 252.75, 254.6875, 258.6875, 259.0625, 262.6875, 264.6875, 266.625, 275.8125, 277.875, 290.25, 292.3125, 304.6875, 306.875, 309.0625, 316.25, 316.25, 323.4375, 325.6875, 337.6875, 340.0, 342.375, 348.75, 351.1875, 355.125, 363.1875, 365.625, 374.375, 378.375, 380.875, 384.125, 388.875, 391.5, 397.8125, 404.1875, 406.875, 414.8125, 420.3125, 425.9375, 425.9375, 428.6875, 435.8125, 438.5625, 450.5625, 453.4375, 459.8125, 470.125, 473.0, 481.0625, 484.0625, 496.75, 512.6875, 515.75, 547.5625, 550.625, 553.8125, 553.8125, 557.0625, 571.4375, 574.6875, 600.125, 603.5, 611.4375, 612.25, 615.625, 636.375, 639.875, 660.6875, 662.125, 668.5625, 672.0625, 680.0, 683.625, 693.125, 702.6875, 702.75, 706.375, 720.75, 724.5, 743.5625, 757.875, 761.6875, 779.25, 783.0625, 787.0, 814.0625, 820.375, 824.3125, 856.125, 860.1875, 869.75, 873.8125, 888.1875, 888.25, 901.0, 905.125, 911.5, 933.75, 938.0, 946.0, 955.5625, 959.875, 1030.0625, 1045.75, 1050.0625, 1054.5, 1058.9375, 1063.5, 1073.125, 1073.1875, 1077.8125, 1119.1875, 1128.6875, 1133.375, 1165.1875, 1169.9375, 1195.4375, 1200.25, 1222.5625, 1232.0625, 1236.875, 1259.0625, 1263.9375, 1286.375, 1308.5625, 1313.5, 1318.5, 1318.5625, 1341.0, 1346.125, 1368.3125, 1406.5, 1411.6875, 1443.4375, 1448.6875, 1453.9375, 1505.0, 1510.375, 1532.5, 1537.875, 1553.8125, 1569.75, 1601.625, 1607.125, 1607.1875, 1626.375, 1631.875, 1670.0, 1675.5625, 1713.75, 1719.375, 1757.5625, 1763.25, 1792.0625, 1797.8125, 1823.3125, 1972.9375, 1978.75, 1984.625, 1990.625, 1990.6875, 1996.75, 2009.5, 2015.625, 2104.625, 2110.75, 2123.5, 2129.6875, 2135.9375, 2180.5, 2256.9375, 2263.3125, 2269.6875, 2269.8125, 2346.3125, 2352.8125, 2384.5, 2391.0, 2441.8125, 2448.4375, 2499.3125, 2505.9375, 2569.6875, 2576.375, 2608.125, 2659.1875, 2665.9375, 2672.75, 2704.625, 2755.625, 2755.75, 2762.625, 2864.3125, 2871.25, 2878.3125, 2929.5, 2936.5625, 3006.5, 3013.625, 3102.5625, 3109.75, 3117.0, 3206.0, 3213.375, 3232.75, 3289.75, 3297.125, 3304.625, 3457.375, 3788.5, 3796.0, 3803.625, 3811.25, 3849.1875, 3856.875, 3864.6875, 3872.5, 3936.0625, 3974.625, 3982.5, 4007.625, 4071.3125, 4079.25, 4206.375, 32144.9375, 32152.875, 32160.875, 32168.9375, 32177.0, 32185.1875, 32193.4375, 32201.75, 32210.1875, 32218.6875, 32227.25, 32235.875, 32244.625, 32253.375, 32262.1875, 32271.0625, 32280.0, 32289.0, 32298.0625, 32307.1875, 32316.375, 32325.625, 32334.9375, 32344.3125, 32353.75, 32363.25, 32372.8125, 32382.4375, 32392.125, 32401.875, 32411.6875, 32421.5625, 32431.5, 32441.5, 32451.5625, 32461.6875, 32471.875, 32482.125, 32492.4375, 32502.8125, 32513.25, 32523.75, 32534.3125, 32535.375, 32535.5625, 32546.125, 32556.8125, 32567.5625, 32578.375, 32589.25, 32600.1875, 32611.1875, 32611.375, 32614.5, 32625.5, 32636.5625, 32647.6875, 32658.875, 32670.1875, 32681.5625, 32693.0, 32693.25, 32704.6875, 32716.25, 32727.8125, 32739.5, 32751.25, 32763.0625, 32774.9375, 32786.875, 32787.0625, 32799.0, 32811.0625, 32823.1875, 32835.375, 32847.625, 32859.9375, 32872.25, 32872.4375, 32884.875, 32897.375, 32909.9375, 32922.5625, 32935.1875, 32947.9375, 32960.75, 32960.9375, 32973.8125, 32986.75, 32999.6875, 33012.75, 33025.875, 33039.0625, 33052.25, 33052.5, 33065.75, 33079.125, 33092.5625, 33106.0625, 33119.5625, 33133.1875, 33133.375, 33147.0625, 33160.8125, 33174.5625, 33188.4375, 33202.375, 33216.3125, 33230.375, 33230.625, 33244.6875, 33258.875, 33273.125, 33287.375, 33301.75, 33316.125, 33330.625, 33345.1875, 33359.75, 33374.4375, 33389.125, 33403.9375, 33418.75, 33433.6875, 33448.6875, 33463.6875, 33478.8125, 33493.9375, 33509.1875, 33560.125, 33575.375, 33590.6875, 33606.125, 33621.5625, 33637.0625, 33652.625, 33668.3125, 33684.0, 33699.75, 63764.1875, 63832.5625, 63908.4375, 63984.75, 96476.0625]
seidel_2d
[0.0625, 0.0625, 0.0625, 0.0625, 0.125, 0.125, 0.125, 0.125, 0.1875, 0.1875, 0.25, 0.3125, 0.375, 0.4375, 63.8125, 127.25, 190.625, 253.9375, 65406.5, 130559.0625, 195775.4375, 260991.8125, 326271.5625, 391551.375]
symm
[0.0625, 0.125, 0.125, 0.125, 0.1875, 0.1875, 0.1875, 0.3125, 0.4375, 63.6875, 127.375, 191.125, 291.375, 391.6875, 65169.0625, 129946.8125]
syr2d
[0.0625, 0.0625, 0.0625, 0.125, 0.1875, 0.25, 0.3125, 0.3125, 0.3125, 63.8125, 127.8125, 191.875, 65196.625, 130137.3125, 195078.1875]
syrk
[0.0625, 0.0625, 0.0625, 0.125, 0.1875, 0.25, 15.75, 4079.75, 4095.25, 8175.25, 12271.25]
trisolv
[0.0625, 0.0625, 0.0625, 0.0625, 0.125, 0.125, 0.1875, 0.25, 0.25, 0.375, 0.5, 63.8125]
trmm
[0.0625, 0.0625, 0.125, 0.125, 64.0625, 128.0, 65079.1875]
