1 0
2 1
3 9219
4 10483722
5 2093066
6 11
7 7
8 11
9 7
10 11
11 7
12 11
13 7
14 11
15 7
16 11
17 7
18 11
19 7
20 11
21 7
22 11
23 7
24 11
25 7
26 11
27 7
28 11
29 7
30 11
31 7
32 11
33 7
34 11
35 7
36 11
37 7
38 11
39 7
40 11
41 7
42 11
43 7
44 11
45 7
46 11
47 7
48 11
49 7
50 11
51 7
52 11
53 7
54 11
55 7
56 11
57 7
58 11
59 7
60 11
61 7
62 11
63 7
64 11
65 7
66 11
67 7
68 11
69 7
70 11
71 7
72 11
73 7
74 11
75 7
76 11
77 7
78 11
79 7
80 11
81 7
82 11
83 7
84 11
85 7
86 11
87 7
88 11
89 7
90 11
91 7
92 11
93 7
94 11
95 7
96 11
97 7
98 11
99 7
100 11
101 7
102 11
103 7
104 11
105 7
106 11
107 7
108 11
109 7
110 11
111 7
112 11
113 7
114 11
115 7
116 11
117 7
118 11
119 7
120 11
121 7
122 11
123 7
124 11
125 7
126 11
127 7
128 11
129 7
130 11
131 7
132 11
133 7
134 11
135 7
136 11
137 7
138 11
139 7
140 11
141 7
142 11
143 7
144 11
145 7
146 11
147 7
148 11
149 7
150 11
151 7
152 11
153 7
154 11
155 7
156 11
157 7
158 11
159 7
160 11
161 7
162 11
163 7
164 11
165 7
166 11
167 7
168 11
169 7
170 11
171 7
172 11
173 7
174 11
175 7
176 11
177 7
178 11
179 7
180 11
181 7
182 11
183 7
184 11
185 7
186 11
187 7
188 11
189 7
190 11
191 7
192 11
193 7
194 11
195 7
196 11
197 7
198 11
199 7
200 11
201 7
202 11
203 7
204 11
205 7
206 11
207 7
208 11
209 7
210 11
211 7
212 11
213 7
214 11
215 7
216 11
217 7
218 11
219 7
220 11
221 7
222 11
223 7
224 11
225 7
226 11
227 7
228 11
229 7
230 11
231 7
232 11
233 7
234 11
235 7
236 11
237 7
238 11
239 7
240 11
241 7
242 11
243 7
244 11
245 7
246 11
247 7
248 11
249 7
250 11
251 7
252 11
253 7
254 11
255 7
256 11
257 7
258 11
259 7
260 11
261 7
262 11
263 7
264 11
265 7
266 11
267 7
268 11
269 7
270 11
271 7
272 11
273 7
274 11
275 7
276 11
277 7
278 11
279 7
280 11
281 7
282 11
283 7
284 11
285 7
286 11
287 7
288 11
289 7
290 11
291 7
292 11
293 7
294 11
295 7
296 11
297 7
298 11
299 7
300 11
301 7
302 11
303 7
304 11
305 7
306 11
307 7
308 11
309 7
310 11
311 7
312 11
313 7
314 11
315 7
316 11
317 7
318 11
319 7
320 11
321 7
322 11
323 7
324 11
325 7
326 11
327 7
328 11
329 7
330 11
331 7
332 11
333 7
334 11
335 7
336 11
337 7
338 11
339 7
340 11
341 7
342 11
343 7
344 11
345 7
346 11
347 7
348 11
349 7
350 11
351 7
352 11
353 7
354 11
355 7
356 11
357 7
358 11
359 7
360 11
361 7
362 11
363 7
364 11
365 7
366 11
367 7
368 11
369 7
370 11
371 7
372 11
373 7
374 11
375 7
376 11
377 7
378 11
379 7
380 11
381 7
382 11
383 7
384 11
385 7
386 11
387 7
388 11
389 7
390 11
391 7
392 11
393 7
394 11
395 7
396 11
397 7
398 11
399 7
400 11
401 7
402 11
403 7
404 11
405 7
406 11
407 7
408 11
409 7
410 11
411 7
412 11
413 7
414 11
415 7
416 11
417 7
418 11
419 7
420 11
421 7
422 11
423 7
424 11
425 7
426 11
427 7
428 11
429 7
430 11
431 7
432 11
433 7
434 11
435 7
436 11
437 7
438 11
439 7
440 11
441 7
442 11
443 7
444 11
445 7
446 11
447 7
448 11
449 7
450 11
451 7
452 11
453 7
454 11
455 7
456 11
457 7
458 11
459 7
460 11
461 7
462 11
463 7
464 11
465 7
466 11
467 7
468 11
469 7
470 11
471 7
472 11
473 7
474 11
475 7
476 11
477 7
478 11
479 7
480 11
481 7
482 11
483 7
484 11
485 7
486 11
487 7
488 11
489 7
490 11
491 7
492 11
493 7
494 11
495 7
496 11
497 7
498 11
499 7
500 11
501 7
502 11
503 7
504 11
505 7
506 11
507 7
508 11
509 7
510 11
511 7
512 11
513 7
514 11
515 7
516 11
517 7
518 11
519 7
520 11
521 7
522 11
523 7
524 11
525 7
526 11
527 7
528 11
529 7
530 11
531 7
532 11
533 7
534 11
535 7
536 11
537 7
538 11
539 7
540 11
541 7
542 11
543 7
544 11
545 7
546 11
547 7
548 11
549 7
550 11
551 7
552 11
553 7
554 11
555 7
556 11
557 7
558 11
559 7
560 11
561 7
562 11
563 7
564 11
565 7
566 11
567 7
568 11
569 7
570 11
571 7
572 11
573 7
574 11
575 7
576 11
577 7
578 11
579 7
580 11
581 7
582 11
583 7
584 11
585 7
586 11
587 7
588 11
589 7
590 11
591 7
592 11
593 7
594 11
595 7
596 11
597 7
598 11
599 7
600 11
601 7
602 11
603 7
604 11
605 7
606 11
607 7
608 11
609 7
610 11
611 7
612 11
613 7
614 11
615 7
616 11
617 7
618 11
619 7
620 11
621 7
622 11
623 7
624 11
625 7
626 11
627 7
628 11
629 7
630 11
631 7
632 11
633 7
634 11
635 7
636 11
637 7
638 11
639 7
640 11
641 7
642 11
643 7
644 11
645 7
646 11
647 7
648 11
649 7
650 11
651 7
652 11
653 7
654 11
655 7
656 11
657 7
658 11
659 7
660 11
661 7
662 11
663 7
664 11
665 7
666 11
667 7
668 11
669 7
670 11
671 7
672 11
673 7
674 11
675 7
676 11
677 7
678 11
679 7
680 11
681 7
682 11
683 7
684 11
685 7
686 11
687 7
688 11
689 7
690 11
691 7
692 11
693 7
694 11
695 7
696 11
697 7
698 11
699 7
700 11
701 7
702 11
703 7
704 11
705 7
706 11
707 7
708 11
709 7
710 11
711 7
712 11
713 7
714 11
715 7
716 11
717 7
718 11
719 7
720 11
721 7
722 11
723 7
724 11
725 7
726 11
727 7
728 11
729 7
730 11
731 7
732 11
733 7
734 11
735 7
736 11
737 7
738 11
739 7
740 11
741 7
742 11
743 7
744 11
745 7
746 11
747 7
748 11
749 7
750 11
751 7
752 11
753 7
754 11
755 7
756 11
757 7
758 11
759 7
760 11
761 7
762 11
763 7
764 11
765 7
766 11
767 7
768 11
769 7
770 11
771 7
772 11
773 7
774 11
775 7
776 11
777 7
778 11
779 7
780 11
781 7
782 11
783 7
784 11
785 7
786 11
787 7
788 11
789 7
790 11
791 7
792 11
793 7
794 11
795 7
796 11
797 7
798 11
799 7
800 11
801 7
802 11
803 7
804 11
805 7
806 11
807 7
808 11
809 7
810 11
811 7
812 11
813 7
814 11
815 7
816 11
817 7
818 11
819 7
820 11
821 7
822 11
823 7
824 11
825 7
826 11
827 7
828 11
829 7
830 11
831 7
832 11
833 7
834 11
835 7
836 11
837 7
838 11
839 7
840 11
841 7
842 11
843 7
844 11
845 7
846 11
847 7
848 11
849 7
850 11
851 7
852 11
853 7
854 11
855 7
856 11
857 7
858 11
859 7
860 11
861 7
862 11
863 7
864 11
865 7
866 11
867 7
868 11
869 7
870 11
871 7
872 11
873 7
874 11
875 7
876 11
877 7
878 11
879 7
880 11
881 7
882 11
883 7
884 11
885 7
886 11
887 7
888 11
889 7
890 11
891 7
892 11
893 7
894 11
895 7
896 11
897 7
898 11
899 7
900 11
901 7
902 11
903 7
904 11
905 7
906 11
907 7
908 11
909 7
910 11
911 7
912 11
913 7
914 11
915 7
916 11
917 7
918 11
919 7
920 11
921 7
922 11
923 7
924 11
925 7
926 11
927 7
928 11
929 7
930 11
931 7
932 11
933 7
934 11
935 7
936 11
937 7
938 11
939 7
940 11
941 7
942 11
943 7
944 11
945 7
946 11
947 7
948 11
949 7
950 11
951 7
952 11
953 7
954 11
955 7
956 11
957 7
958 11
959 7
960 11
961 7
962 11
963 7
964 11
965 7
966 11
967 7
968 11
969 7
970 11
971 7
972 11
973 7
974 11
975 7
976 11
977 7
978 11
979 7
980 11
981 7
982 11
983 7
984 11
985 7
986 11
987 7
988 11
989 7
990 11
991 7
992 11
993 7
994 11
995 7
996 11
997 7
998 11
999 7
1000 11
1001 7
1002 11
1003 7
1004 11
1005 7
1006 11
1007 7
1008 11
1009 7
1010 11
1011 7
1012 11
1013 7
1014 11
1015 7
1016 11
1017 7
1018 11
1019 7
1020 11
1021 7
1022 11
1023 7
1024 11
1025 1046539
1026 2149053957
1027 0
