1 0
2 1
3 9216
4 10483721
5 2093063
6 10
7 4
8 10
9 4
10 10
11 4
12 10
13 4
14 10
15 4
16 10
17 4
18 10
19 4
20 10
21 4
22 10
23 4
24 10
25 4
26 10
27 4
28 10
29 4
30 10
31 4
32 10
33 4
34 10
35 4
36 10
37 4
38 10
39 4
40 10
41 4
42 10
43 4
44 10
45 4
46 10
47 4
48 10
49 4
50 10
51 4
52 10
53 4
54 10
55 4
56 10
57 4
58 10
59 4
60 10
61 4
62 10
63 4
64 10
65 4
66 10
67 4
68 10
69 4
70 10
71 4
72 10
73 4
74 10
75 4
76 10
77 4
78 10
79 4
80 10
81 4
82 10
83 4
84 10
85 4
86 10
87 4
88 10
89 4
90 10
91 4
92 10
93 4
94 10
95 4
96 10
97 4
98 10
99 4
100 10
101 4
102 10
103 4
104 10
105 4
106 10
107 4
108 10
109 4
110 10
111 4
112 10
113 4
114 10
115 4
116 10
117 4
118 10
119 4
120 10
121 4
122 10
123 4
124 10
125 4
126 10
127 4
128 10
129 4
130 10
131 4
132 10
133 4
134 10
135 4
136 10
137 4
138 10
139 4
140 10
141 4
142 10
143 4
144 10
145 4
146 10
147 4
148 10
149 4
150 10
151 4
152 10
153 4
154 10
155 4
156 10
157 4
158 10
159 4
160 10
161 4
162 10
163 4
164 10
165 4
166 10
167 4
168 10
169 4
170 10
171 4
172 10
173 4
174 10
175 4
176 10
177 4
178 10
179 4
180 10
181 4
182 10
183 4
184 10
185 4
186 10
187 4
188 10
189 4
190 10
191 4
192 10
193 4
194 10
195 4
196 10
197 4
198 10
199 4
200 10
201 4
202 10
203 4
204 10
205 4
206 10
207 4
208 10
209 4
210 10
211 4
212 10
213 4
214 10
215 4
216 10
217 4
218 10
219 4
220 10
221 4
222 10
223 4
224 10
225 4
226 10
227 4
228 10
229 4
230 10
231 4
232 10
233 4
234 10
235 4
236 10
237 4
238 10
239 4
240 10
241 4
242 10
243 4
244 10
245 4
246 10
247 4
248 10
249 4
250 10
251 4
252 10
253 4
254 10
255 4
256 10
257 4
258 10
259 4
260 10
261 4
262 10
263 4
264 10
265 4
266 10
267 4
268 10
269 4
270 10
271 4
272 10
273 4
274 10
275 4
276 10
277 4
278 10
279 4
280 10
281 4
282 10
283 4
284 10
285 4
286 10
287 4
288 10
289 4
290 10
291 4
292 10
293 4
294 10
295 4
296 10
297 4
298 10
299 4
300 10
301 4
302 10
303 4
304 10
305 4
306 10
307 4
308 10
309 4
310 10
311 4
312 10
313 4
314 10
315 4
316 10
317 4
318 10
319 4
320 10
321 4
322 10
323 4
324 10
325 4
326 10
327 4
328 10
329 4
330 10
331 4
332 10
333 4
334 10
335 4
336 10
337 4
338 10
339 4
340 10
341 4
342 10
343 4
344 10
345 4
346 10
347 4
348 10
349 4
350 10
351 4
352 10
353 4
354 10
355 4
356 10
357 4
358 10
359 4
360 10
361 4
362 10
363 4
364 10
365 4
366 10
367 4
368 10
369 4
370 10
371 4
372 10
373 4
374 10
375 4
376 10
377 4
378 10
379 4
380 10
381 4
382 10
383 4
384 10
385 4
386 10
387 4
388 10
389 4
390 10
391 4
392 10
393 4
394 10
395 4
396 10
397 4
398 10
399 4
400 10
401 4
402 10
403 4
404 10
405 4
406 10
407 4
408 10
409 4
410 10
411 4
412 10
413 4
414 10
415 4
416 10
417 4
418 10
419 4
420 10
421 4
422 10
423 4
424 10
425 4
426 10
427 4
428 10
429 4
430 10
431 4
432 10
433 4
434 10
435 4
436 10
437 4
438 10
439 4
440 10
441 4
442 10
443 4
444 10
445 4
446 10
447 4
448 10
449 4
450 10
451 4
452 10
453 4
454 10
455 4
456 10
457 4
458 10
459 4
460 10
461 4
462 10
463 4
464 10
465 4
466 10
467 4
468 10
469 4
470 10
471 4
472 10
473 4
474 10
475 4
476 10
477 4
478 10
479 4
480 10
481 4
482 10
483 4
484 10
485 4
486 10
487 4
488 10
489 4
490 10
491 4
492 10
493 4
494 10
495 4
496 10
497 4
498 10
499 4
500 10
501 4
502 10
503 4
504 10
505 4
506 10
507 4
508 10
509 4
510 10
511 4
512 10
513 4
514 10
515 4
516 10
517 4
518 10
519 4
520 10
521 4
522 10
523 4
524 10
525 4
526 10
527 4
528 10
529 4
530 10
531 4
532 10
533 4
534 10
535 4
536 10
537 4
538 10
539 4
540 10
541 4
542 10
543 4
544 10
545 4
546 10
547 4
548 10
549 4
550 10
551 4
552 10
553 4
554 10
555 4
556 10
557 4
558 10
559 4
560 10
561 4
562 10
563 4
564 10
565 4
566 10
567 4
568 10
569 4
570 10
571 4
572 10
573 4
574 10
575 4
576 10
577 4
578 10
579 4
580 10
581 4
582 10
583 4
584 10
585 4
586 10
587 4
588 10
589 4
590 10
591 4
592 10
593 4
594 10
595 4
596 10
597 4
598 10
599 4
600 10
601 4
602 10
603 4
604 10
605 4
606 10
607 4
608 10
609 4
610 10
611 4
612 10
613 4
614 10
615 4
616 10
617 4
618 10
619 4
620 10
621 4
622 10
623 4
624 10
625 4
626 10
627 4
628 10
629 4
630 10
631 4
632 10
633 4
634 10
635 4
636 10
637 4
638 10
639 4
640 10
641 4
642 10
643 4
644 10
645 4
646 10
647 4
648 10
649 4
650 10
651 4
652 10
653 4
654 10
655 4
656 10
657 4
658 10
659 4
660 10
661 4
662 10
663 4
664 10
665 4
666 10
667 4
668 10
669 4
670 10
671 4
672 10
673 4
674 10
675 4
676 10
677 4
678 10
679 4
680 10
681 4
682 10
683 4
684 10
685 4
686 10
687 4
688 10
689 4
690 10
691 4
692 10
693 4
694 10
695 4
696 10
697 4
698 10
699 4
700 10
701 4
702 10
703 4
704 10
705 4
706 10
707 4
708 10
709 4
710 10
711 4
712 10
713 4
714 10
715 4
716 10
717 4
718 10
719 4
720 10
721 4
722 10
723 4
724 10
725 4
726 10
727 4
728 10
729 4
730 10
731 4
732 10
733 4
734 10
735 4
736 10
737 4
738 10
739 4
740 10
741 4
742 10
743 4
744 10
745 4
746 10
747 4
748 10
749 4
750 10
751 4
752 10
753 4
754 10
755 4
756 10
757 4
758 10
759 4
760 10
761 4
762 10
763 4
764 10
765 4
766 10
767 4
768 10
769 4
770 10
771 4
772 10
773 4
774 10
775 4
776 10
777 4
778 10
779 4
780 10
781 4
782 10
783 4
784 10
785 4
786 10
787 4
788 10
789 4
790 10
791 4
792 10
793 4
794 10
795 4
796 10
797 4
798 10
799 4
800 10
801 4
802 10
803 4
804 10
805 4
806 10
807 4
808 10
809 4
810 10
811 4
812 10
813 4
814 10
815 4
816 10
817 4
818 10
819 4
820 10
821 4
822 10
823 4
824 10
825 4
826 10
827 4
828 10
829 4
830 10
831 4
832 10
833 4
834 10
835 4
836 10
837 4
838 10
839 4
840 10
841 4
842 10
843 4
844 10
845 4
846 10
847 4
848 10
849 4
850 10
851 4
852 10
853 4
854 10
855 4
856 10
857 4
858 10
859 4
860 10
861 4
862 10
863 4
864 10
865 4
866 10
867 4
868 10
869 4
870 10
871 4
872 10
873 4
874 10
875 4
876 10
877 4
878 10
879 4
880 10
881 4
882 10
883 4
884 10
885 4
886 10
887 4
888 10
889 4
890 10
891 4
892 10
893 4
894 10
895 4
896 10
897 4
898 10
899 4
900 10
901 4
902 10
903 4
904 10
905 4
906 10
907 4
908 10
909 4
910 10
911 4
912 10
913 4
914 10
915 4
916 10
917 4
918 10
919 4
920 10
921 4
922 10
923 4
924 10
925 4
926 10
927 4
928 10
929 4
930 10
931 4
932 10
933 4
934 10
935 4
936 10
937 4
938 10
939 4
940 10
941 4
942 10
943 4
944 10
945 4
946 10
947 4
948 10
949 4
950 10
951 4
952 10
953 4
954 10
955 4
956 10
957 4
958 10
959 4
960 10
961 4
962 10
963 4
964 10
965 4
966 10
967 4
968 10
969 4
970 10
971 4
972 10
973 4
974 10
975 4
976 10
977 4
978 10
979 4
980 10
981 4
982 10
983 4
984 10
985 4
986 10
987 4
988 10
989 4
990 10
991 4
992 10
993 4
994 10
995 4
996 10
997 4
998 10
999 4
1000 10
1001 4
1002 10
1003 4
1004 10
1005 4
1006 10
1007 4
1008 10
1009 4
1010 10
1011 4
1012 10
1013 4
1014 10
1015 4
1016 10
1017 4
1018 10
1019 4
1020 10
1021 4
1022 10
1023 4
1024 10
1025 8
1026 3145736
1027 1
1028 2
1029 0
1030 2
1031 0
1032 2
1033 0
1034 2
1035 0
1036 2
1037 0
1038 2
1039 0
1040 2
1041 0
1042 2
1043 0
1044 2
1045 0
1046 2
1047 0
1048 2
1049 0
1050 2
1051 0
1052 2
1053 0
1054 2
1055 0
1056 2
1057 0
1058 2
1059 0
1060 2
1061 0
1062 2
1063 0
1064 2
1065 0
1066 2
1067 0
1068 2
1069 0
1070 2
1071 0
1072 2
1073 0
1074 2
1075 0
1076 2
1077 0
1078 2
1079 0
1080 2
1081 0
1082 2
1083 0
1084 2
1085 0
1086 2
1087 0
1088 2
1089 0
1090 2
1091 0
1092 2
1093 0
1094 2
1095 0
1096 2
1097 0
1098 2
1099 0
1100 2
1101 0
1102 2
1103 0
1104 2
1105 0
1106 2
1107 0
1108 2
1109 0
1110 2
1111 0
1112 2
1113 0
1114 2
1115 0
1116 2
1117 0
1118 2
1119 0
1120 2
1121 0
1122 2
1123 0
1124 2
1125 0
1126 2
1127 0
1128 2
1129 0
1130 2
1131 0
1132 2
1133 0
1134 2
1135 0
1136 2
1137 0
1138 2
1139 0
1140 2
1141 0
1142 2
1143 0
1144 2
1145 0
1146 2
1147 0
1148 2
1149 0
1150 2
1151 0
1152 2
1153 0
1154 2
1155 0
1156 2
1157 0
1158 2
1159 0
1160 2
1161 0
1162 2
1163 0
1164 2
1165 0
1166 2
1167 0
1168 2
1169 0
1170 2
1171 0
1172 2
1173 0
1174 2
1175 0
1176 2
1177 0
1178 2
1179 0
1180 2
1181 0
1182 2
1183 0
1184 2
1185 0
1186 2
1187 0
1188 2
1189 0
1190 2
1191 0
1192 2
1193 0
1194 2
1195 0
1196 2
1197 0
1198 2
1199 0
1200 2
1201 0
1202 2
1203 0
1204 2
1205 0
1206 2
1207 0
1208 2
1209 0
1210 2
1211 0
1212 2
1213 0
1214 2
1215 0
1216 2
1217 0
1218 2
1219 0
1220 2
1221 0
1222 2
1223 0
1224 2
1225 0
1226 2
1227 0
1228 2
1229 0
1230 2
1231 0
1232 2
1233 0
1234 2
1235 0
1236 2
1237 0
1238 2
1239 0
1240 2
1241 0
1242 2
1243 0
1244 2
1245 0
1246 2
1247 0
1248 2
1249 0
1250 2
1251 0
1252 2
1253 0
1254 2
1255 0
1256 2
1257 0
1258 2
1259 0
1260 2
1261 0
1262 2
1263 0
1264 2
1265 0
1266 2
1267 0
1268 2
1269 0
1270 2
1271 0
1272 2
1273 0
1274 2
1275 0
1276 2
1277 0
1278 2
1279 0
1280 2
1281 0
1282 2
1283 0
1284 2
1285 0
1286 2
1287 0
1288 2
1289 0
1290 2
1291 0
1292 2
1293 0
1294 2
1295 0
1296 2
1297 0
1298 2
1299 0
1300 2
1301 0
1302 2
1303 0
1304 2
1305 0
1306 2
1307 0
1308 2
1309 0
1310 2
1311 0
1312 2
1313 0
1314 2
1315 0
1316 2
1317 0
1318 2
1319 0
1320 2
1321 0
1322 2
1323 0
1324 2
1325 0
1326 2
1327 0
1328 2
1329 0
1330 2
1331 0
1332 2
1333 0
1334 2
1335 0
1336 2
1337 0
1338 2
1339 0
1340 2
1341 0
1342 2
1343 0
1344 2
1345 0
1346 2
1347 0
1348 2
1349 0
1350 2
1351 0
1352 2
1353 0
1354 2
1355 0
1356 2
1357 0
1358 2
1359 0
1360 2
1361 0
1362 2
1363 0
1364 2
1365 0
1366 2
1367 0
1368 2
1369 0
1370 2
1371 0
1372 2
1373 0
1374 2
1375 0
1376 2
1377 0
1378 2
1379 0
1380 2
1381 0
1382 2
1383 0
1384 2
1385 0
1386 2
1387 0
1388 2
1389 0
1390 2
1391 0
1392 2
1393 0
1394 2
1395 0
1396 2
1397 0
1398 2
1399 0
1400 2
1401 0
1402 2
1403 0
1404 2
1405 0
1406 2
1407 0
1408 2
1409 0
1410 2
1411 0
1412 2
1413 0
1414 2
1415 0
1416 2
1417 0
1418 2
1419 0
1420 2
1421 0
1422 2
1423 0
1424 2
1425 0
1426 2
1427 0
1428 2
1429 0
1430 2
1431 0
1432 2
1433 0
1434 2
1435 0
1436 2
1437 0
1438 2
1439 0
1440 2
1441 0
1442 2
1443 0
1444 2
1445 0
1446 2
1447 0
1448 2
1449 0
1450 2
1451 0
1452 2
1453 0
1454 2
1455 0
1456 2
1457 0
1458 2
1459 0
1460 2
1461 0
1462 2
1463 0
1464 2
1465 0
1466 2
1467 0
1468 2
1469 0
1470 2
1471 0
1472 2
1473 0
1474 2
1475 0
1476 2
1477 0
1478 2
1479 0
1480 2
1481 0
1482 2
1483 0
1484 2
1485 0
1486 2
1487 0
1488 2
1489 0
1490 2
1491 0
1492 2
1493 0
1494 2
1495 0
1496 2
1497 0
1498 2
1499 0
1500 2
1501 0
1502 2
1503 0
1504 2
1505 0
1506 2
1507 0
1508 2
1509 0
1510 2
1511 0
1512 2
1513 0
1514 2
1515 0
1516 2
1517 0
1518 2
1519 0
1520 2
1521 0
1522 2
1523 0
1524 2
1525 0
1526 2
1527 0
1528 2
1529 0
1530 2
1531 0
1532 2
1533 0
1534 2
1535 0
1536 2
1537 0
1538 2
1539 0
1540 2
1541 0
1542 2
1543 0
1544 2
1545 0
1546 2
1547 0
1548 2
1549 0
1550 2
1551 0
1552 2
1553 0
1554 2
1555 0
1556 2
1557 0
1558 2
1559 0
1560 2
1561 0
1562 2
1563 0
1564 2
1565 0
1566 2
1567 0
1568 2
1569 0
1570 2
1571 0
1572 2
1573 0
1574 2
1575 0
1576 2
1577 0
1578 2
1579 0
1580 2
1581 0
1582 2
1583 0
1584 2
1585 0
1586 2
1587 0
1588 2
1589 0
1590 2
1591 0
1592 2
1593 0
1594 2
1595 0
1596 2
1597 0
1598 2
1599 0
1600 2
1601 0
1602 2
1603 0
1604 2
1605 0
1606 2
1607 0
1608 2
1609 0
1610 2
1611 0
1612 2
1613 0
1614 2
1615 0
1616 2
1617 0
1618 2
1619 0
1620 2
1621 0
1622 2
1623 0
1624 2
1625 0
1626 2
1627 0
1628 2
1629 0
1630 2
1631 0
1632 2
1633 0
1634 2
1635 0
1636 2
1637 0
1638 2
1639 0
1640 2
1641 0
1642 2
1643 0
1644 2
1645 0
1646 2
1647 0
1648 2
1649 0
1650 2
1651 0
1652 2
1653 0
1654 2
1655 0
1656 2
1657 0
1658 2
1659 0
1660 2
1661 0
1662 2
1663 0
1664 2
1665 0
1666 2
1667 0
1668 2
1669 0
1670 2
1671 0
1672 2
1673 0
1674 2
1675 0
1676 2
1677 0
1678 2
1679 0
1680 2
1681 0
1682 2
1683 0
1684 2
1685 0
1686 2
1687 0
1688 2
1689 0
1690 2
1691 0
1692 2
1693 0
1694 2
1695 0
1696 2
1697 0
1698 2
1699 0
1700 2
1701 0
1702 2
1703 0
1704 2
1705 0
1706 2
1707 0
1708 2
1709 0
1710 2
1711 0
1712 2
1713 0
1714 2
1715 0
1716 2
1717 0
1718 2
1719 0
1720 2
1721 0
1722 2
1723 0
1724 2
1725 0
1726 2
1727 0
1728 2
1729 0
1730 2
1731 0
1732 2
1733 0
1734 2
1735 0
1736 2
1737 0
1738 2
1739 0
1740 2
1741 0
1742 2
1743 0
1744 2
1745 0
1746 2
1747 0
1748 2
1749 0
1750 2
1751 0
1752 2
1753 0
1754 2
1755 0
1756 2
1757 0
1758 2
1759 0
1760 2
1761 0
1762 2
1763 0
1764 2
1765 0
1766 2
1767 0
1768 2
1769 0
1770 2
1771 0
1772 2
1773 0
1774 2
1775 0
1776 2
1777 0
1778 2
1779 0
1780 2
1781 0
1782 2
1783 0
1784 2
1785 0
1786 2
1787 0
1788 2
1789 0
1790 2
1791 0
1792 2
1793 0
1794 2
1795 0
1796 2
1797 0
1798 2
1799 0
1800 2
1801 0
1802 2
1803 0
1804 2
1805 0
1806 2
1807 0
1808 2
1809 0
1810 2
1811 0
1812 2
1813 0
1814 2
1815 0
1816 2
1817 0
1818 2
1819 0
1820 2
1821 0
1822 2
1823 0
1824 2
1825 0
1826 2
1827 0
1828 2
1829 0
1830 2
1831 0
1832 2
1833 0
1834 2
1835 0
1836 2
1837 0
1838 2
1839 0
1840 2
1841 0
1842 2
1843 0
1844 2
1845 0
1846 2
1847 0
1848 2
1849 0
1850 2
1851 0
1852 2
1853 0
1854 2
1855 0
1856 2
1857 0
1858 2
1859 0
1860 2
1861 0
1862 2
1863 0
1864 2
1865 0
1866 2
1867 0
1868 2
1869 0
1870 2
1871 0
1872 2
1873 0
1874 2
1875 0
1876 2
1877 0
1878 2
1879 0
1880 2
1881 0
1882 2
1883 0
1884 2
1885 0
1886 2
1887 0
1888 2
1889 0
1890 2
1891 0
1892 2
1893 0
1894 2
1895 0
1896 2
1897 0
1898 2
1899 0
1900 2
1901 0
1902 2
1903 0
1904 2
1905 0
1906 2
1907 0
1908 2
1909 0
1910 2
1911 0
1912 2
1913 0
1914 2
1915 0
1916 2
1917 0
1918 2
1919 0
1920 2
1921 0
1922 2
1923 0
1924 2
1925 0
1926 2
1927 0
1928 2
1929 0
1930 2
1931 0
1932 2
1933 0
1934 2
1935 0
1936 2
1937 0
1938 2
1939 0
1940 2
1941 0
1942 2
1943 0
1944 2
1945 0
1946 2
1947 0
1948 2
1949 0
1950 2
1951 0
1952 2
1953 0
1954 2
1955 0
1956 2
1957 0
1958 2
1959 0
1960 2
1961 0
1962 2
1963 0
1964 2
1965 0
1966 2
1967 0
1968 2
1969 0
1970 2
1971 0
1972 2
1973 0
1974 2
1975 0
1976 2
1977 0
1978 2
1979 0
1980 2
1981 0
1982 2
1983 0
1984 2
1985 0
1986 2
1987 0
1988 2
1989 0
1990 2
1991 0
1992 2
1993 0
1994 2
1995 0
1996 2
1997 0
1998 2
1999 0
2000 2
2001 0
2002 2
2003 0
2004 2
2005 0
2006 2
2007 0
2008 2
2009 0
2010 2
2011 0
2012 2
2013 0
2014 2
2015 0
2016 2
2017 0
2018 2
2019 0
2020 2
2021 0
2022 2
2023 0
2024 2
2025 0
2026 2
2027 0
2028 2
2029 0
2030 2
2031 0
2032 2
2033 0
2034 2
2035 0
2036 2
2037 0
2038 2
2039 0
2040 2
2041 0
2042 2
2043 0
2044 2
2045 0
2046 2
2047 0
2048 1046530
2049 536345600
2050 1609562622
