1 0
2 1
3 9214
4 4192270
5 2093068
6 13
7 9
8 13
9 9
10 13
11 9
12 13
13 9
14 13
15 9
16 13
17 9
18 13
19 9
20 13
21 9
22 13
23 9
24 13
25 9
26 13
27 9
28 13
29 9
30 13
31 9
32 13
33 9
34 13
35 9
36 13
37 9
38 13
39 9
40 13
41 9
42 13
43 9
44 13
45 9
46 13
47 9
48 13
49 9
50 13
51 9
52 13
53 9
54 13
55 9
56 13
57 9
58 13
59 9
60 13
61 9
62 13
63 9
64 13
65 9
66 13
67 9
68 13
69 9
70 13
71 9
72 13
73 9
74 13
75 9
76 13
77 9
78 13
79 9
80 13
81 9
82 13
83 9
84 13
85 9
86 13
87 9
88 13
89 9
90 13
91 9
92 13
93 9
94 13
95 9
96 13
97 9
98 13
99 9
100 13
101 9
102 13
103 9
104 13
105 9
106 13
107 9
108 13
109 9
110 13
111 9
112 13
113 9
114 13
115 9
116 13
117 9
118 13
119 9
120 13
121 9
122 13
123 9
124 13
125 9
126 13
127 9
128 13
129 9
130 13
131 9
132 13
133 9
134 13
135 9
136 13
137 9
138 13
139 9
140 13
141 9
142 13
143 9
144 13
145 9
146 13
147 9
148 13
149 9
150 13
151 9
152 13
153 9
154 13
155 9
156 13
157 9
158 13
159 9
160 13
161 9
162 13
163 9
164 13
165 9
166 13
167 9
168 13
169 9
170 13
171 9
172 13
173 9
174 13
175 9
176 13
177 9
178 13
179 9
180 13
181 9
182 13
183 9
184 13
185 9
186 13
187 9
188 13
189 9
190 13
191 9
192 13
193 9
194 13
195 9
196 13
197 9
198 13
199 9
200 13
201 9
202 13
203 9
204 13
205 9
206 13
207 9
208 13
209 9
210 13
211 9
212 13
213 9
214 13
215 9
216 13
217 9
218 13
219 9
220 13
221 9
222 13
223 9
224 13
225 9
226 13
227 9
228 13
229 9
230 13
231 9
232 13
233 9
234 13
235 9
236 13
237 9
238 13
239 9
240 13
241 9
242 13
243 9
244 13
245 9
246 13
247 9
248 13
249 9
250 13
251 9
252 13
253 9
254 13
255 9
256 13
257 9
258 13
259 9
260 13
261 9
262 13
263 9
264 13
265 9
266 13
267 9
268 13
269 9
270 13
271 9
272 13
273 9
274 13
275 9
276 13
277 9
278 13
279 9
280 13
281 9
282 13
283 9
284 13
285 9
286 13
287 9
288 13
289 9
290 13
291 9
292 13
293 9
294 13
295 9
296 13
297 9
298 13
299 9
300 13
301 9
302 13
303 9
304 13
305 9
306 13
307 9
308 13
309 9
310 13
311 9
312 13
313 9
314 13
315 9
316 13
317 9
318 13
319 9
320 13
321 9
322 13
323 9
324 13
325 9
326 13
327 9
328 13
329 9
330 13
331 9
332 13
333 9
334 13
335 9
336 13
337 9
338 13
339 9
340 13
341 9
342 13
343 9
344 13
345 9
346 13
347 9
348 13
349 9
350 13
351 9
352 13
353 9
354 13
355 9
356 13
357 9
358 13
359 9
360 13
361 9
362 13
363 9
364 13
365 9
366 13
367 9
368 13
369 9
370 13
371 9
372 13
373 9
374 13
375 9
376 13
377 9
378 13
379 9
380 13
381 9
382 13
383 9
384 13
385 9
386 13
387 9
388 13
389 9
390 13
391 9
392 13
393 9
394 13
395 9
396 13
397 9
398 13
399 9
400 13
401 9
402 13
403 9
404 13
405 9
406 13
407 9
408 13
409 9
410 13
411 9
412 13
413 9
414 13
415 9
416 13
417 9
418 13
419 9
420 13
421 9
422 13
423 9
424 13
425 9
426 13
427 9
428 13
429 9
430 13
431 9
432 13
433 9
434 13
435 9
436 13
437 9
438 13
439 9
440 13
441 9
442 13
443 9
444 13
445 9
446 13
447 9
448 13
449 9
450 13
451 9
452 13
453 9
454 13
455 9
456 13
457 9
458 13
459 9
460 13
461 9
462 13
463 9
464 13
465 9
466 13
467 9
468 13
469 9
470 13
471 9
472 13
473 9
474 13
475 9
476 13
477 9
478 13
479 9
480 13
481 9
482 13
483 9
484 13
485 9
486 13
487 9
488 13
489 9
490 13
491 9
492 13
493 9
494 13
495 9
496 13
497 9
498 13
499 9
500 13
501 9
502 13
503 9
504 13
505 9
506 13
507 9
508 13
509 9
510 13
511 9
512 13
513 9
514 13
515 9
516 13
517 9
518 13
519 9
520 13
521 9
522 13
523 9
524 13
525 9
526 13
527 9
528 13
529 9
530 13
531 9
532 13
533 9
534 13
535 9
536 13
537 9
538 13
539 9
540 13
541 9
542 13
543 9
544 13
545 9
546 13
547 9
548 13
549 9
550 13
551 9
552 13
553 9
554 13
555 9
556 13
557 9
558 13
559 9
560 13
561 9
562 13
563 9
564 13
565 9
566 13
567 9
568 13
569 9
570 13
571 9
572 13
573 9
574 13
575 9
576 13
577 9
578 13
579 9
580 13
581 9
582 13
583 9
584 13
585 9
586 13
587 9
588 13
589 9
590 13
591 9
592 13
593 9
594 13
595 9
596 13
597 9
598 13
599 9
600 13
601 9
602 13
603 9
604 13
605 9
606 13
607 9
608 13
609 9
610 13
611 9
612 13
613 9
614 13
615 9
616 13
617 9
618 13
619 9
620 13
621 9
622 13
623 9
624 13
625 9
626 13
627 9
628 13
629 9
630 13
631 9
632 13
633 9
634 13
635 9
636 13
637 9
638 13
639 9
640 13
641 9
642 13
643 9
644 13
645 9
646 13
647 9
648 13
649 9
650 13
651 9
652 13
653 9
654 13
655 9
656 13
657 9
658 13
659 9
660 13
661 9
662 13
663 9
664 13
665 9
666 13
667 9
668 13
669 9
670 13
671 9
672 13
673 9
674 13
675 9
676 13
677 9
678 13
679 9
680 13
681 9
682 13
683 9
684 13
685 9
686 13
687 9
688 13
689 9
690 13
691 9
692 13
693 9
694 13
695 9
696 13
697 9
698 13
699 9
700 13
701 9
702 13
703 9
704 13
705 9
706 13
707 9
708 13
709 9
710 13
711 9
712 13
713 9
714 13
715 9
716 13
717 9
718 13
719 9
720 13
721 9
722 13
723 9
724 13
725 9
726 13
727 9
728 13
729 9
730 13
731 9
732 13
733 9
734 13
735 9
736 13
737 9
738 13
739 9
740 13
741 9
742 13
743 9
744 13
745 9
746 13
747 9
748 13
749 9
750 13
751 9
752 13
753 9
754 13
755 9
756 13
757 9
758 13
759 9
760 13
761 9
762 13
763 9
764 13
765 9
766 13
767 9
768 13
769 9
770 13
771 9
772 13
773 9
774 13
775 9
776 13
777 9
778 13
779 9
780 13
781 9
782 13
783 9
784 13
785 9
786 13
787 9
788 13
789 9
790 13
791 9
792 13
793 9
794 13
795 9
796 13
797 9
798 13
799 9
800 13
801 9
802 13
803 9
804 13
805 9
806 13
807 9
808 13
809 9
810 13
811 9
812 13
813 9
814 13
815 9
816 13
817 9
818 13
819 9
820 13
821 9
822 13
823 9
824 13
825 9
826 13
827 9
828 13
829 9
830 13
831 9
832 13
833 9
834 13
835 9
836 13
837 9
838 13
839 9
840 13
841 9
842 13
843 9
844 13
845 9
846 13
847 9
848 13
849 9
850 13
851 9
852 13
853 9
854 13
855 9
856 13
857 9
858 13
859 9
860 13
861 9
862 13
863 9
864 13
865 9
866 13
867 9
868 13
869 9
870 13
871 9
872 13
873 9
874 13
875 9
876 13
877 9
878 13
879 9
880 13
881 9
882 13
883 9
884 13
885 9
886 13
887 9
888 13
889 9
890 13
891 9
892 13
893 9
894 13
895 9
896 13
897 9
898 13
899 9
900 13
901 9
902 13
903 9
904 13
905 9
906 13
907 9
908 13
909 9
910 13
911 9
912 13
913 9
914 13
915 9
916 13
917 9
918 13
919 9
920 13
921 9
922 13
923 9
924 13
925 9
926 13
927 9
928 13
929 9
930 13
931 9
932 13
933 9
934 13
935 9
936 13
937 9
938 13
939 9
940 13
941 9
942 13
943 9
944 13
945 9
946 13
947 9
948 13
949 9
950 13
951 9
952 13
953 9
954 13
955 9
956 13
957 9
958 13
959 9
960 13
961 9
962 13
963 9
964 13
965 9
966 13
967 9
968 13
969 9
970 13
971 9
972 13
973 9
974 13
975 9
976 13
977 9
978 13
979 9
980 13
981 9
982 13
983 9
984 13
985 9
986 13
987 9
988 13
989 9
990 13
991 9
992 13
993 9
994 13
995 9
996 13
997 9
998 13
999 9
1000 13
1001 9
1002 13
1003 9
1004 13
1005 9
1006 13
1007 9
1008 13
1009 9
1010 13
1011 9
1012 13
1013 9
1014 13
1015 9
1016 13
1017 9
1018 13
1019 11
1020 6285368
1021 5
1022 10
1023 6
1024 11
1025 9
1026 3145736
1027 3
1028 3
1029 1
1030 2
1031 2
1032 3
1033 1
1034 2
1035 2
1036 3
1037 1
1038 2
1039 2
1040 3
1041 1
1042 2
1043 2
1044 3
1045 1
1046 2
1047 2
1048 3
1049 1
1050 2
1051 2
1052 3
1053 1
1054 2
1055 2
1056 3
1057 1
1058 2
1059 2
1060 3
1061 1
1062 2
1063 2
1064 3
1065 1
1066 2
1067 2
1068 3
1069 1
1070 2
1071 2
1072 3
1073 1
1074 2
1075 2
1076 3
1077 1
1078 2
1079 2
1080 3
1081 1
1082 2
1083 2
1084 3
1085 1
1086 2
1087 2
1088 3
1089 1
1090 2
1091 2
1092 3
1093 1
1094 2
1095 2
1096 3
1097 1
1098 2
1099 2
1100 3
1101 1
1102 2
1103 2
1104 3
1105 1
1106 2
1107 2
1108 3
1109 1
1110 2
1111 2
1112 3
1113 1
1114 2
1115 2
1116 3
1117 1
1118 2
1119 2
1120 3
1121 1
1122 2
1123 2
1124 3
1125 1
1126 2
1127 2
1128 3
1129 1
1130 2
1131 2
1132 3
1133 1
1134 2
1135 2
1136 3
1137 1
1138 2
1139 2
1140 3
1141 1
1142 2
1143 2
1144 3
1145 1
1146 2
1147 2
1148 3
1149 1
1150 2
1151 2
1152 3
1153 1
1154 2
1155 2
1156 3
1157 1
1158 2
1159 2
1160 3
1161 1
1162 2
1163 2
1164 3
1165 1
1166 2
1167 2
1168 3
1169 1
1170 2
1171 2
1172 3
1173 1
1174 2
1175 2
1176 3
1177 1
1178 2
1179 2
1180 3
1181 1
1182 2
1183 2
1184 3
1185 1
1186 2
1187 2
1188 3
1189 1
1190 2
1191 2
1192 3
1193 1
1194 2
1195 2
1196 3
1197 1
1198 2
1199 2
1200 3
1201 1
1202 2
1203 2
1204 3
1205 1
1206 2
1207 2
1208 3
1209 1
1210 2
1211 2
1212 3
1213 1
1214 2
1215 2
1216 3
1217 1
1218 2
1219 2
1220 3
1221 1
1222 2
1223 2
1224 3
1225 1
1226 2
1227 2
1228 3
1229 1
1230 2
1231 2
1232 3
1233 1
1234 2
1235 2
1236 3
1237 1
1238 2
1239 2
1240 3
1241 1
1242 2
1243 2
1244 3
1245 1
1246 2
1247 2
1248 3
1249 1
1250 2
1251 2
1252 3
1253 1
1254 2
1255 2
1256 3
1257 1
1258 2
1259 2
1260 3
1261 1
1262 2
1263 2
1264 3
1265 1
1266 2
1267 2
1268 3
1269 1
1270 2
1271 2
1272 3
1273 1
1274 2
1275 2
1276 3
1277 1
1278 2
1279 2
1280 3
1281 1
1282 2
1283 2
1284 3
1285 1
1286 2
1287 2
1288 3
1289 1
1290 2
1291 2
1292 3
1293 1
1294 2
1295 2
1296 3
1297 1
1298 2
1299 2
1300 3
1301 1
1302 2
1303 2
1304 3
1305 1
1306 2
1307 2
1308 3
1309 1
1310 2
1311 2
1312 3
1313 1
1314 2
1315 2
1316 3
1317 1
1318 2
1319 2
1320 3
1321 1
1322 2
1323 2
1324 3
1325 1
1326 2
1327 2
1328 3
1329 1
1330 2
1331 2
1332 3
1333 1
1334 2
1335 2
1336 3
1337 1
1338 2
1339 2
1340 3
1341 1
1342 2
1343 2
1344 3
1345 1
1346 2
1347 2
1348 3
1349 1
1350 2
1351 2
1352 3
1353 1
1354 2
1355 2
1356 3
1357 1
1358 2
1359 2
1360 3
1361 1
1362 2
1363 2
1364 3
1365 1
1366 2
1367 2
1368 3
1369 1
1370 2
1371 2
1372 3
1373 1
1374 2
1375 2
1376 3
1377 1
1378 2
1379 2
1380 3
1381 1
1382 2
1383 2
1384 3
1385 1
1386 2
1387 2
1388 3
1389 1
1390 2
1391 2
1392 3
1393 1
1394 2
1395 2
1396 3
1397 1
1398 2
1399 2
1400 3
1401 1
1402 2
1403 2
1404 3
1405 1
1406 2
1407 2
1408 3
1409 1
1410 2
1411 2
1412 3
1413 1
1414 2
1415 2
1416 3
1417 1
1418 2
1419 2
1420 3
1421 1
1422 2
1423 2
1424 3
1425 1
1426 2
1427 2
1428 3
1429 1
1430 2
1431 2
1432 3
1433 1
1434 2
1435 2
1436 3
1437 1
1438 2
1439 2
1440 3
1441 1
1442 2
1443 2
1444 3
1445 1
1446 2
1447 2
1448 3
1449 1
1450 2
1451 2
1452 3
1453 1
1454 2
1455 2
1456 3
1457 1
1458 2
1459 2
1460 3
1461 1
1462 2
1463 2
1464 3
1465 1
1466 2
1467 2
1468 3
1469 1
1470 2
1471 2
1472 3
1473 1
1474 2
1475 2
1476 3
1477 1
1478 2
1479 2
1480 3
1481 1
1482 2
1483 2
1484 3
1485 1
1486 2
1487 2
1488 3
1489 1
1490 2
1491 2
1492 3
1493 1
1494 2
1495 2
1496 3
1497 1
1498 2
1499 2
1500 3
1501 1
1502 2
1503 2
1504 3
1505 1
1506 2
1507 2
1508 3
1509 1
1510 2
1511 2
1512 3
1513 1
1514 2
1515 2
1516 3
1517 1
1518 2
1519 2
1520 3
1521 1
1522 2
1523 2
1524 3
1525 1
1526 2
1527 2
1528 3
1529 1
1530 2
1531 2
1532 3
1533 1
1534 2
1535 2
1536 3
1537 1
1538 2
1539 2
1540 3
1541 1
1542 2
1543 2
1544 3
1545 1
1546 2
1547 2
1548 3
1549 1
1550 2
1551 2
1552 3
1553 1
1554 2
1555 2
1556 3
1557 1
1558 2
1559 2
1560 3
1561 1
1562 2
1563 2
1564 3
1565 1
1566 2
1567 2
1568 3
1569 1
1570 2
1571 2
1572 3
1573 1
1574 2
1575 2
1576 3
1577 1
1578 2
1579 2
1580 3
1581 1
1582 2
1583 2
1584 3
1585 1
1586 2
1587 2
1588 3
1589 1
1590 2
1591 2
1592 3
1593 1
1594 2
1595 2
1596 3
1597 1
1598 2
1599 2
1600 3
1601 1
1602 2
1603 2
1604 3
1605 1
1606 2
1607 2
1608 3
1609 1
1610 2
1611 2
1612 3
1613 1
1614 2
1615 2
1616 3
1617 1
1618 2
1619 2
1620 3
1621 1
1622 2
1623 2
1624 3
1625 1
1626 2
1627 2
1628 3
1629 1
1630 2
1631 2
1632 3
1633 1
1634 2
1635 2
1636 3
1637 1
1638 2
1639 2
1640 3
1641 1
1642 2
1643 2
1644 3
1645 1
1646 2
1647 2
1648 3
1649 1
1650 2
1651 2
1652 3
1653 1
1654 2
1655 2
1656 3
1657 1
1658 2
1659 2
1660 3
1661 1
1662 2
1663 2
1664 3
1665 1
1666 2
1667 2
1668 3
1669 1
1670 2
1671 2
1672 3
1673 1
1674 2
1675 2
1676 3
1677 1
1678 2
1679 2
1680 3
1681 1
1682 2
1683 2
1684 3
1685 1
1686 2
1687 2
1688 3
1689 1
1690 2
1691 2
1692 3
1693 1
1694 2
1695 2
1696 3
1697 1
1698 2
1699 2
1700 3
1701 1
1702 2
1703 2
1704 3
1705 1
1706 2
1707 2
1708 3
1709 1
1710 2
1711 2
1712 3
1713 1
1714 2
1715 2
1716 3
1717 1
1718 2
1719 2
1720 3
1721 1
1722 2
1723 2
1724 3
1725 1
1726 2
1727 2
1728 3
1729 1
1730 2
1731 2
1732 3
1733 1
1734 2
1735 2
1736 3
1737 1
1738 2
1739 2
1740 3
1741 1
1742 2
1743 2
1744 3
1745 1
1746 2
1747 2
1748 3
1749 1
1750 2
1751 2
1752 3
1753 1
1754 2
1755 2
1756 3
1757 1
1758 2
1759 2
1760 3
1761 1
1762 2
1763 2
1764 3
1765 1
1766 2
1767 2
1768 3
1769 1
1770 2
1771 2
1772 3
1773 1
1774 2
1775 2
1776 3
1777 1
1778 2
1779 2
1780 3
1781 1
1782 2
1783 2
1784 3
1785 1
1786 2
1787 2
1788 3
1789 1
1790 2
1791 2
1792 3
1793 1
1794 2
1795 2
1796 3
1797 1
1798 2
1799 2
1800 3
1801 1
1802 2
1803 2
1804 3
1805 1
1806 2
1807 2
1808 3
1809 1
1810 2
1811 2
1812 3
1813 1
1814 2
1815 2
1816 3
1817 1
1818 2
1819 2
1820 3
1821 1
1822 2
1823 2
1824 3
1825 1
1826 2
1827 2
1828 3
1829 1
1830 2
1831 2
1832 3
1833 1
1834 2
1835 2
1836 3
1837 1
1838 2
1839 2
1840 3
1841 1
1842 2
1843 2
1844 3
1845 1
1846 2
1847 2
1848 3
1849 1
1850 2
1851 2
1852 3
1853 1
1854 2
1855 2
1856 3
1857 1
1858 2
1859 2
1860 3
1861 1
1862 2
1863 2
1864 3
1865 1
1866 2
1867 2
1868 3
1869 1
1870 2
1871 2
1872 3
1873 1
1874 2
1875 2
1876 3
1877 1
1878 2
1879 2
1880 3
1881 1
1882 2
1883 2
1884 3
1885 1
1886 2
1887 2
1888 3
1889 1
1890 2
1891 2
1892 3
1893 1
1894 2
1895 2
1896 3
1897 1
1898 2
1899 2
1900 3
1901 1
1902 2
1903 2
1904 3
1905 1
1906 2
1907 2
1908 3
1909 1
1910 2
1911 2
1912 3
1913 1
1914 2
1915 2
1916 3
1917 1
1918 2
1919 2
1920 3
1921 1
1922 2
1923 2
1924 3
1925 1
1926 2
1927 2
1928 3
1929 1
1930 2
1931 2
1932 3
1933 1
1934 2
1935 2
1936 3
1937 1
1938 2
1939 2
1940 3
1941 1
1942 2
1943 2
1944 3
1945 1
1946 2
1947 2
1948 3
1949 1
1950 2
1951 2
1952 3
1953 1
1954 2
1955 2
1956 3
1957 1
1958 2
1959 2
1960 3
1961 1
1962 2
1963 2
1964 3
1965 1
1966 2
1967 2
1968 3
1969 1
1970 2
1971 2
1972 3
1973 1
1974 2
1975 2
1976 3
1977 1
1978 2
1979 2
1980 3
1981 1
1982 2
1983 2
1984 3
1985 1
1986 2
1987 2
1988 3
1989 1
1990 2
1991 2
1992 3
1993 1
1994 2
1995 2
1996 3
1997 1
1998 2
1999 2
2000 3
2001 1
2002 2
2003 2
2004 3
2005 1
2006 2
2007 2
2008 3
2009 1
2010 2
2011 2
2012 3
2013 1
2014 2
2015 2
2016 3
2017 1
2018 2
2019 2
2020 3
2021 1
2022 2
2023 2
2024 3
2025 1
2026 2
2027 2
2028 3
2029 1
2030 2
2031 2
2032 3
2033 1
2034 2
2035 2
2036 3
2037 1
2038 2
2039 2
2040 3
2041 1
2042 2
2043 2
2044 3
2045 1
2046 2
2047 2
2048 1046531
2049 536345101
2050 1609561123
2051 7
2052 10
2053 6
2054 9
2055 7
2056 10
2057 6
2058 9
2059 7
2060 10
2061 6
2062 9
2063 7
2064 10
2065 6
2066 9
2067 7
2068 10
2069 6
2070 9
2071 7
2072 10
2073 6
2074 9
2075 7
2076 10
2077 6
2078 9
2079 7
2080 10
2081 6
2082 9
2083 7
2084 10
2085 6
2086 9
2087 7
2088 10
2089 6
2090 9
2091 7
2092 10
2093 6
2094 9
2095 7
2096 10
2097 6
2098 9
2099 7
2100 10
2101 6
2102 9
2103 7
2104 10
2105 6
2106 9
2107 7
2108 10
2109 6
2110 9
2111 7
2112 10
2113 6
2114 9
2115 7
2116 10
2117 6
2118 9
2119 7
2120 10
2121 6
2122 9
2123 7
2124 10
2125 6
2126 9
2127 7
2128 10
2129 6
2130 9
2131 7
2132 10
2133 6
2134 9
2135 7
2136 10
2137 6
2138 9
2139 7
2140 10
2141 6
2142 9
2143 7
2144 10
2145 6
2146 9
2147 7
2148 10
2149 6
2150 9
2151 7
2152 10
2153 6
2154 9
2155 7
2156 10
2157 6
2158 9
2159 7
2160 10
2161 6
2162 9
2163 7
2164 10
2165 6
2166 9
2167 7
2168 10
2169 6
2170 9
2171 7
2172 10
2173 6
2174 9
2175 7
2176 10
2177 6
2178 9
2179 7
2180 10
2181 6
2182 9
2183 7
2184 10
2185 6
2186 9
2187 7
2188 10
2189 6
2190 9
2191 7
2192 10
2193 6
2194 9
2195 7
2196 10
2197 6
2198 9
2199 7
2200 10
2201 6
2202 9
2203 7
2204 10
2205 6
2206 9
2207 7
2208 10
2209 6
2210 9
2211 7
2212 10
2213 6
2214 9
2215 7
2216 10
2217 6
2218 9
2219 7
2220 10
2221 6
2222 9
2223 7
2224 10
2225 6
2226 9
2227 7
2228 10
2229 6
2230 9
2231 7
2232 10
2233 6
2234 9
2235 7
2236 10
2237 6
2238 9
2239 7
2240 10
2241 6
2242 9
2243 7
2244 10
2245 6
2246 9
2247 7
2248 10
2249 6
2250 9
2251 7
2252 10
2253 6
2254 9
2255 7
2256 10
2257 6
2258 9
2259 7
2260 10
2261 6
2262 9
2263 7
2264 10
2265 6
2266 9
2267 7
2268 10
2269 6
2270 9
2271 7
2272 10
2273 6
2274 9
2275 7
2276 10
2277 6
2278 9
2279 7
2280 10
2281 6
2282 9
2283 7
2284 10
2285 6
2286 9
2287 7
2288 10
2289 6
2290 9
2291 7
2292 10
2293 6
2294 9
2295 7
2296 10
2297 6
2298 9
2299 7
2300 10
2301 6
2302 9
2303 7
2304 10
2305 6
2306 9
2307 7
2308 10
2309 6
2310 9
2311 7
2312 10
2313 6
2314 9
2315 7
2316 10
2317 6
2318 9
2319 7
2320 10
2321 6
2322 9
2323 7
2324 10
2325 6
2326 9
2327 7
2328 10
2329 6
2330 9
2331 7
2332 10
2333 6
2334 9
2335 7
2336 10
2337 6
2338 9
2339 7
2340 10
2341 6
2342 9
2343 7
2344 10
2345 6
2346 9
2347 7
2348 10
2349 6
2350 9
2351 7
2352 10
2353 6
2354 9
2355 7
2356 10
2357 6
2358 9
2359 7
2360 10
2361 6
2362 9
2363 7
2364 10
2365 6
2366 9
2367 7
2368 10
2369 6
2370 9
2371 7
2372 10
2373 6
2374 9
2375 7
2376 10
2377 6
2378 9
2379 7
2380 10
2381 6
2382 9
2383 6
2384 6
