1 0
2 1
3 9214
4 4192267
5 2093065
6 10
7 6
8 10
9 6
10 10
11 6
12 10
13 6
14 10
15 6
16 10
17 6
18 10
19 6
20 10
21 6
22 10
23 6
24 10
25 6
26 10
27 6
28 10
29 6
30 10
31 6
32 10
33 6
34 10
35 6
36 10
37 6
38 10
39 6
40 10
41 6
42 10
43 6
44 10
45 6
46 10
47 6
48 10
49 6
50 10
51 6
52 10
53 6
54 10
55 6
56 10
57 6
58 10
59 6
60 10
61 6
62 10
63 6
64 10
65 6
66 10
67 6
68 10
69 6
70 10
71 6
72 10
73 6
74 10
75 6
76 10
77 6
78 10
79 6
80 10
81 6
82 10
83 6
84 10
85 6
86 10
87 6
88 10
89 6
90 10
91 6
92 10
93 6
94 10
95 6
96 10
97 6
98 10
99 6
100 10
101 6
102 10
103 6
104 10
105 6
106 10
107 6
108 10
109 6
110 10
111 6
112 10
113 6
114 10
115 6
116 10
117 6
118 10
119 6
120 10
121 6
122 10
123 6
124 10
125 6
126 10
127 6
128 10
129 6
130 10
131 6
132 10
133 6
134 10
135 6
136 10
137 6
138 10
139 6
140 10
141 6
142 10
143 6
144 10
145 6
146 10
147 6
148 10
149 6
150 10
151 6
152 10
153 6
154 10
155 6
156 10
157 6
158 10
159 6
160 10
161 6
162 10
163 6
164 10
165 6
166 10
167 6
168 10
169 6
170 10
171 6
172 10
173 6
174 10
175 6
176 10
177 6
178 10
179 6
180 10
181 6
182 10
183 6
184 10
185 6
186 10
187 6
188 10
189 6
190 10
191 6
192 10
193 6
194 10
195 6
196 10
197 6
198 10
199 6
200 10
201 6
202 10
203 6
204 10
205 6
206 10
207 6
208 10
209 6
210 10
211 6
212 10
213 6
214 10
215 6
216 10
217 6
218 10
219 6
220 10
221 6
222 10
223 6
224 10
225 6
226 10
227 6
228 10
229 6
230 10
231 6
232 10
233 6
234 10
235 6
236 10
237 6
238 10
239 6
240 10
241 6
242 10
243 6
244 10
245 6
246 10
247 6
248 10
249 6
250 10
251 6
252 10
253 6
254 10
255 6
256 10
257 6
258 10
259 6
260 10
261 6
262 10
263 6
264 10
265 6
266 10
267 6
268 10
269 6
270 10
271 6
272 10
273 6
274 10
275 6
276 10
277 6
278 10
279 6
280 10
281 6
282 10
283 6
284 10
285 6
286 10
287 6
288 10
289 6
290 10
291 6
292 10
293 6
294 10
295 6
296 10
297 6
298 10
299 6
300 10
301 6
302 10
303 6
304 10
305 6
306 10
307 6
308 10
309 6
310 10
311 6
312 10
313 6
314 10
315 6
316 10
317 6
318 10
319 6
320 10
321 6
322 10
323 6
324 10
325 6
326 10
327 6
328 10
329 6
330 10
331 6
332 10
333 6
334 10
335 6
336 10
337 6
338 10
339 6
340 10
341 6
342 10
343 6
344 10
345 6
346 10
347 6
348 10
349 6
350 10
351 6
352 10
353 6
354 10
355 6
356 10
357 6
358 10
359 6
360 10
361 6
362 10
363 6
364 10
365 6
366 10
367 6
368 10
369 6
370 10
371 6
372 10
373 6
374 10
375 6
376 10
377 6
378 10
379 6
380 10
381 6
382 10
383 6
384 10
385 6
386 10
387 6
388 10
389 6
390 10
391 6
392 10
393 6
394 10
395 6
396 10
397 6
398 10
399 6
400 10
401 6
402 10
403 6
404 10
405 6
406 10
407 6
408 10
409 6
410 10
411 6
412 10
413 6
414 10
415 6
416 10
417 6
418 10
419 6
420 10
421 6
422 10
423 6
424 10
425 6
426 10
427 6
428 10
429 6
430 10
431 6
432 10
433 6
434 10
435 6
436 10
437 6
438 10
439 6
440 10
441 6
442 10
443 6
444 10
445 6
446 10
447 6
448 10
449 6
450 10
451 6
452 10
453 6
454 10
455 6
456 10
457 6
458 10
459 6
460 10
461 6
462 10
463 6
464 10
465 6
466 10
467 6
468 10
469 6
470 10
471 6
472 10
473 6
474 10
475 6
476 10
477 6
478 10
479 6
480 10
481 6
482 10
483 6
484 10
485 6
486 10
487 6
488 10
489 6
490 10
491 6
492 10
493 6
494 10
495 6
496 10
497 6
498 10
499 6
500 10
501 6
502 10
503 6
504 10
505 6
506 10
507 6
508 10
509 6
510 10
511 6
512 10
513 6
514 10
515 6
516 10
517 6
518 10
519 6
520 10
521 6
522 10
523 6
524 10
525 6
526 10
527 6
528 10
529 6
530 10
531 6
532 10
533 6
534 10
535 6
536 10
537 6
538 10
539 6
540 10
541 6
542 10
543 6
544 10
545 6
546 10
547 6
548 10
549 6
550 10
551 6
552 10
553 6
554 10
555 6
556 10
557 6
558 10
559 6
560 10
561 6
562 10
563 6
564 10
565 6
566 10
567 6
568 10
569 6
570 10
571 6
572 10
573 6
574 10
575 6
576 10
577 6
578 10
579 6
580 10
581 6
582 10
583 6
584 10
585 6
586 10
587 6
588 10
589 6
590 10
591 6
592 10
593 6
594 10
595 6
596 10
597 6
598 10
599 6
600 10
601 6
602 10
603 6
604 10
605 6
606 10
607 6
608 10
609 6
610 10
611 6
612 10
613 6
614 10
615 6
616 10
617 6
618 10
619 6
620 10
621 6
622 10
623 6
624 10
625 6
626 10
627 6
628 10
629 6
630 10
631 6
632 10
633 6
634 10
635 6
636 10
637 6
638 10
639 6
640 10
641 6
642 10
643 6
644 10
645 6
646 10
647 6
648 10
649 6
650 10
651 6
652 10
653 6
654 10
655 6
656 10
657 6
658 10
659 6
660 10
661 6
662 10
663 6
664 10
665 6
666 10
667 6
668 10
669 6
670 10
671 6
672 10
673 6
674 10
675 6
676 10
677 6
678 10
679 6
680 10
681 6
682 10
683 6
684 10
685 6
686 10
687 6
688 10
689 6
690 10
691 6
692 10
693 6
694 10
695 6
696 10
697 6
698 10
699 6
700 10
701 6
702 10
703 6
704 10
705 6
706 10
707 6
708 10
709 6
710 10
711 6
712 10
713 6
714 10
715 6
716 10
717 6
718 10
719 6
720 10
721 6
722 10
723 6
724 10
725 6
726 10
727 6
728 10
729 6
730 10
731 6
732 10
733 6
734 10
735 6
736 10
737 6
738 10
739 6
740 10
741 6
742 10
743 6
744 10
745 6
746 10
747 6
748 10
749 6
750 10
751 6
752 10
753 6
754 10
755 6
756 10
757 6
758 10
759 6
760 10
761 6
762 10
763 6
764 10
765 6
766 10
767 6
768 10
769 6
770 10
771 6
772 10
773 6
774 10
775 6
776 10
777 6
778 10
779 6
780 10
781 6
782 10
783 6
784 10
785 6
786 10
787 6
788 10
789 6
790 10
791 6
792 10
793 6
794 10
795 6
796 10
797 6
798 10
799 6
800 10
801 6
802 10
803 6
804 10
805 6
806 10
807 6
808 10
809 6
810 10
811 6
812 10
813 6
814 10
815 6
816 10
817 6
818 10
819 6
820 10
821 6
822 10
823 6
824 10
825 6
826 10
827 6
828 10
829 6
830 10
831 6
832 10
833 6
834 10
835 6
836 10
837 6
838 10
839 6
840 10
841 6
842 10
843 6
844 10
845 6
846 10
847 6
848 10
849 6
850 10
851 6
852 10
853 6
854 10
855 6
856 10
857 6
858 10
859 6
860 10
861 6
862 10
863 6
864 10
865 6
866 10
867 6
868 10
869 6
870 10
871 6
872 10
873 6
874 10
875 6
876 10
877 6
878 10
879 6
880 10
881 6
882 10
883 6
884 10
885 6
886 10
887 6
888 10
889 6
890 10
891 6
892 10
893 6
894 10
895 6
896 10
897 6
898 10
899 6
900 10
901 6
902 10
903 6
904 10
905 6
906 10
907 6
908 10
909 6
910 10
911 6
912 10
913 6
914 10
915 6
916 10
917 6
918 10
919 6
920 10
921 6
922 10
923 6
924 10
925 6
926 10
927 6
928 10
929 6
930 10
931 6
932 10
933 6
934 10
935 6
936 10
937 6
938 10
939 6
940 10
941 6
942 10
943 6
944 10
945 6
946 10
947 6
948 10
949 6
950 10
951 6
952 10
953 6
954 10
955 6
956 10
957 6
958 10
959 6
960 10
961 6
962 10
963 6
964 10
965 6
966 10
967 6
968 10
969 6
970 10
971 6
972 10
973 6
974 10
975 6
976 10
977 6
978 10
979 6
980 10
981 6
982 10
983 6
984 10
985 6
986 10
987 6
988 10
989 6
990 10
991 6
992 10
993 6
994 10
995 6
996 10
997 6
998 10
999 6
1000 10
1001 6
1002 10
1003 6
1004 10
1005 6
1006 10
1007 6
1008 10
1009 6
1010 10
1011 6
1012 10
1013 6
1014 10
1015 6
1016 10
1017 6
1018 10
1019 6
1020 10
1021 6
1022 10
1023 6
1024 10
1025 10
1026 3145736
1027 3
1028 2
1029 2
1030 2
1031 2
1032 2
1033 2
1034 2
1035 2
1036 2
1037 2
1038 2
1039 2
1040 2
1041 2
1042 2
1043 2
1044 2
1045 2
1046 2
1047 2
1048 2
1049 2
1050 2
1051 2
1052 2
1053 2
1054 2
1055 2
1056 2
1057 2
1058 2
1059 2
1060 2
1061 2
1062 2
1063 2
1064 2
1065 2
1066 2
1067 2
1068 2
1069 2
1070 2
1071 2
1072 2
1073 2
1074 2
1075 2
1076 2
1077 2
1078 2
1079 2
1080 2
1081 2
1082 2
1083 2
1084 2
1085 2
1086 2
1087 2
1088 2
1089 2
1090 2
1091 2
1092 2
1093 2
1094 2
1095 2
1096 2
1097 2
1098 2
1099 2
1100 2
1101 2
1102 2
1103 2
1104 2
1105 2
1106 2
1107 2
1108 2
1109 2
1110 2
1111 2
1112 2
1113 2
1114 2
1115 2
1116 2
1117 2
1118 2
1119 2
1120 2
1121 2
1122 2
1123 2
1124 2
1125 2
1126 2
1127 2
1128 2
1129 2
1130 2
1131 2
1132 2
1133 2
1134 2
1135 2
1136 2
1137 2
1138 2
1139 2
1140 2
1141 2
1142 2
1143 2
1144 2
1145 2
1146 2
1147 2
1148 2
1149 2
1150 2
1151 2
1152 2
1153 2
1154 2
1155 2
1156 2
1157 2
1158 2
1159 2
1160 2
1161 2
1162 2
1163 2
1164 2
1165 2
1166 2
1167 2
1168 2
1169 2
1170 2
1171 2
1172 2
1173 2
1174 2
1175 2
1176 2
1177 2
1178 2
1179 2
1180 2
1181 2
1182 2
1183 2
1184 2
1185 2
1186 2
1187 2
1188 2
1189 2
1190 2
1191 2
1192 2
1193 2
1194 2
1195 2
1196 2
1197 2
1198 2
1199 2
1200 2
1201 2
1202 2
1203 2
1204 2
1205 2
1206 2
1207 2
1208 2
1209 2
1210 2
1211 2
1212 2
1213 2
1214 2
1215 2
1216 2
1217 2
1218 2
1219 2
1220 2
1221 2
1222 2
1223 2
1224 2
1225 2
1226 2
1227 2
1228 2
1229 2
1230 2
1231 2
1232 2
1233 2
1234 2
1235 2
1236 2
1237 2
1238 2
1239 2
1240 2
1241 2
1242 2
1243 2
1244 2
1245 2
1246 2
1247 2
1248 2
1249 2
1250 2
1251 2
1252 2
1253 2
1254 2
1255 2
1256 2
1257 2
1258 2
1259 2
1260 2
1261 2
1262 2
1263 2
1264 2
1265 2
1266 2
1267 2
1268 2
1269 2
1270 2
1271 2
1272 2
1273 2
1274 2
1275 2
1276 2
1277 2
1278 2
1279 2
1280 2
1281 2
1282 2
1283 2
1284 2
1285 2
1286 2
1287 2
1288 2
1289 2
1290 2
1291 2
1292 2
1293 2
1294 2
1295 2
1296 2
1297 2
1298 2
1299 2
1300 2
1301 2
1302 2
1303 2
1304 2
1305 2
1306 2
1307 2
1308 2
1309 2
1310 2
1311 2
1312 2
1313 2
1314 2
1315 2
1316 2
1317 2
1318 2
1319 2
1320 2
1321 2
1322 2
1323 2
1324 2
1325 2
1326 2
1327 2
1328 2
1329 2
1330 2
1331 2
1332 2
1333 2
1334 2
1335 2
1336 2
1337 2
1338 2
1339 2
1340 2
1341 2
1342 2
1343 2
1344 2
1345 2
1346 2
1347 2
1348 2
1349 2
1350 2
1351 2
1352 2
1353 2
1354 2
1355 2
1356 2
1357 2
1358 2
1359 2
1360 2
1361 2
1362 2
1363 2
1364 2
1365 2
1366 2
1367 2
1368 2
1369 2
1370 2
1371 2
1372 2
1373 2
1374 2
1375 2
1376 2
1377 2
1378 2
1379 2
1380 2
1381 2
1382 2
1383 2
1384 2
1385 2
1386 2
1387 2
1388 2
1389 2
1390 2
1391 2
1392 2
1393 2
1394 2
1395 2
1396 2
1397 2
1398 2
1399 2
1400 2
1401 2
1402 2
1403 2
1404 2
1405 2
1406 2
1407 2
1408 2
1409 2
1410 2
1411 2
1412 2
1413 2
1414 2
1415 2
1416 2
1417 2
1418 2
1419 2
1420 2
1421 2
1422 2
1423 2
1424 2
1425 2
1426 2
1427 2
1428 2
1429 2
1430 2
1431 2
1432 2
1433 2
1434 2
1435 2
1436 2
1437 2
1438 2
1439 2
1440 2
1441 2
1442 2
1443 2
1444 2
1445 2
1446 2
1447 2
1448 2
1449 2
1450 2
1451 2
1452 2
1453 2
1454 2
1455 2
1456 2
1457 2
1458 2
1459 2
1460 2
1461 2
1462 2
1463 2
1464 2
1465 2
1466 2
1467 2
1468 2
1469 2
1470 2
1471 2
1472 2
1473 2
1474 2
1475 2
1476 2
1477 2
1478 2
1479 2
1480 2
1481 2
1482 2
1483 2
1484 2
1485 2
1486 2
1487 2
1488 2
1489 2
1490 2
1491 2
1492 2
1493 2
1494 2
1495 2
1496 2
1497 2
1498 2
1499 2
1500 2
1501 2
1502 2
1503 2
1504 2
1505 2
1506 2
1507 2
1508 2
1509 2
1510 2
1511 2
1512 2
1513 2
1514 2
1515 2
1516 2
1517 2
1518 2
1519 2
1520 2
1521 2
1522 2
1523 2
1524 2
1525 2
1526 2
1527 2
1528 2
1529 2
1530 2
1531 2
1532 2
1533 2
1534 2
1535 2
1536 2
1537 2
1538 2
1539 2
1540 2
1541 2
1542 2
1543 2
1544 2
1545 2
1546 2
1547 2
1548 2
1549 2
1550 2
1551 2
1552 2
1553 2
1554 2
1555 2
1556 2
1557 2
1558 2
1559 2
1560 2
1561 2
1562 2
1563 2
1564 2
1565 2
1566 2
1567 2
1568 2
1569 2
1570 2
1571 2
1572 2
1573 2
1574 2
1575 2
1576 2
1577 2
1578 2
1579 2
1580 2
1581 2
1582 2
1583 2
1584 2
1585 2
1586 2
1587 2
1588 2
1589 2
1590 2
1591 2
1592 2
1593 2
1594 2
1595 2
1596 2
1597 2
1598 2
1599 2
1600 2
1601 2
1602 2
1603 2
1604 2
1605 2
1606 2
1607 2
1608 2
1609 2
1610 2
1611 2
1612 2
1613 2
1614 2
1615 2
1616 2
1617 2
1618 2
1619 2
1620 2
1621 2
1622 2
1623 2
1624 2
1625 2
1626 2
1627 2
1628 2
1629 2
1630 2
1631 2
1632 2
1633 2
1634 2
1635 2
1636 2
1637 2
1638 2
1639 2
1640 2
1641 2
1642 2
1643 2
1644 2
1645 2
1646 2
1647 2
1648 2
1649 2
1650 2
1651 2
1652 2
1653 2
1654 2
1655 2
1656 2
1657 2
1658 2
1659 2
1660 2
1661 2
1662 2
1663 2
1664 2
1665 2
1666 2
1667 2
1668 2
1669 2
1670 2
1671 2
1672 2
1673 2
1674 2
1675 2
1676 2
1677 2
1678 2
1679 2
1680 2
1681 2
1682 2
1683 2
1684 2
1685 2
1686 2
1687 2
1688 2
1689 2
1690 2
1691 2
1692 2
1693 2
1694 2
1695 2
1696 2
1697 2
1698 2
1699 2
1700 2
1701 2
1702 2
1703 2
1704 2
1705 2
1706 2
1707 2
1708 2
1709 2
1710 2
1711 2
1712 2
1713 2
1714 2
1715 2
1716 2
1717 2
1718 2
1719 2
1720 2
1721 2
1722 2
1723 2
1724 2
1725 2
1726 2
1727 2
1728 2
1729 2
1730 2
1731 2
1732 2
1733 2
1734 2
1735 2
1736 2
1737 2
1738 2
1739 2
1740 2
1741 2
1742 2
1743 2
1744 2
1745 2
1746 2
1747 2
1748 2
1749 2
1750 2
1751 2
1752 2
1753 2
1754 2
1755 2
1756 2
1757 2
1758 2
1759 2
1760 2
1761 2
1762 2
1763 2
1764 2
1765 2
1766 2
1767 2
1768 2
1769 2
1770 2
1771 2
1772 2
1773 2
1774 2
1775 2
1776 2
1777 2
1778 2
1779 2
1780 2
1781 2
1782 2
1783 2
1784 2
1785 2
1786 2
1787 2
1788 2
1789 2
1790 2
1791 2
1792 2
1793 2
1794 2
1795 2
1796 2
1797 2
1798 2
1799 2
1800 2
1801 2
1802 2
1803 2
1804 2
1805 2
1806 2
1807 2
1808 2
1809 2
1810 2
1811 2
1812 2
1813 2
1814 2
1815 2
1816 2
1817 2
1818 2
1819 2
1820 2
1821 2
1822 2
1823 2
1824 2
1825 2
1826 2
1827 2
1828 2
1829 2
1830 2
1831 2
1832 2
1833 2
1834 2
1835 2
1836 2
1837 2
1838 2
1839 2
1840 2
1841 2
1842 2
1843 2
1844 2
1845 2
1846 2
1847 2
1848 2
1849 2
1850 2
1851 2
1852 2
1853 2
1854 2
1855 2
1856 2
1857 2
1858 2
1859 2
1860 2
1861 2
1862 2
1863 2
1864 2
1865 2
1866 2
1867 2
1868 2
1869 2
1870 2
1871 2
1872 2
1873 2
1874 2
1875 2
1876 2
1877 2
1878 2
1879 2
1880 2
1881 2
1882 2
1883 2
1884 2
1885 2
1886 2
1887 2
1888 2
1889 2
1890 2
1891 2
1892 2
1893 2
1894 2
1895 2
1896 2
1897 2
1898 2
1899 2
1900 2
1901 2
1902 2
1903 2
1904 2
1905 2
1906 2
1907 2
1908 2
1909 2
1910 2
1911 2
1912 2
1913 2
1914 2
1915 2
1916 2
1917 2
1918 2
1919 2
1920 2
1921 2
1922 2
1923 2
1924 2
1925 2
1926 2
1927 2
1928 2
1929 2
1930 2
1931 2
1932 2
1933 2
1934 2
1935 2
1936 2
1937 2
1938 2
1939 2
1940 2
1941 2
1942 2
1943 2
1944 2
1945 2
1946 2
1947 2
1948 2
1949 2
1950 2
1951 2
1952 2
1953 2
1954 2
1955 2
1956 2
1957 2
1958 2
1959 2
1960 2
1961 2
1962 2
1963 2
1964 2
1965 2
1966 2
1967 2
1968 2
1969 2
1970 2
1971 2
1972 2
1973 2
1974 2
1975 2
1976 2
1977 2
1978 2
1979 2
1980 2
1981 2
1982 2
1983 2
1984 2
1985 2
1986 2
1987 2
1988 2
1989 2
1990 2
1991 2
1992 2
1993 2
1994 2
1995 2
1996 2
1997 2
1998 2
1999 2
2000 2
2001 2
2002 2
2003 2
2004 2
2005 2
2006 2
2007 2
2008 2
2009 2
2010 2
2011 2
2012 2
2013 2
2014 2
2015 2
2016 2
2017 2
2018 2
2019 2
2020 2
2021 2
2022 2
2023 2
2024 2
2025 2
2026 2
2027 2
2028 2
2029 2
2030 2
2031 2
2032 2
2033 2
2034 2
2035 4
2036 6285362
2037 4
2038 6
2039 4
2040 6
2041 4
2042 6
2043 4
2044 6
2045 4
2046 6
2047 4
2048 1046534
2049 536345104
2050 1609561126
2051 7
2052 8
2053 8
2054 9
2055 7
2056 8
2057 8
2058 9
2059 7
2060 8
2061 8
2062 9
2063 7
2064 8
2065 8
2066 9
2067 7
2068 8
2069 8
2070 9
2071 7
2072 8
2073 8
2074 9
2075 7
2076 8
2077 8
2078 9
2079 7
2080 8
2081 8
2082 9
2083 7
2084 8
2085 8
2086 9
2087 7
2088 8
2089 8
2090 9
2091 7
2092 8
2093 8
2094 9
2095 7
2096 8
2097 8
2098 9
2099 7
2100 8
2101 8
2102 9
2103 7
2104 8
2105 8
2106 9
2107 7
2108 8
2109 8
2110 9
2111 7
2112 8
2113 8
2114 9
2115 7
2116 8
2117 8
2118 9
2119 7
2120 8
2121 8
2122 9
2123 7
2124 8
2125 8
2126 9
2127 7
2128 8
2129 8
2130 9
2131 7
2132 8
2133 8
2134 9
2135 7
2136 8
2137 8
2138 9
2139 7
2140 8
2141 8
2142 9
2143 7
2144 8
2145 8
2146 9
2147 7
2148 8
2149 8
2150 9
2151 7
2152 8
2153 8
2154 9
2155 7
2156 8
2157 8
2158 9
2159 7
2160 8
2161 8
2162 9
2163 7
2164 8
2165 8
2166 9
2167 7
2168 8
2169 8
2170 9
2171 7
2172 8
2173 8
2174 9
2175 7
2176 8
2177 8
2178 9
2179 7
2180 8
2181 8
2182 9
2183 7
2184 8
2185 8
2186 9
2187 7
2188 8
2189 8
2190 9
2191 7
2192 8
2193 8
2194 9
2195 7
2196 8
2197 8
2198 9
2199 7
2200 8
2201 8
2202 9
2203 7
2204 8
2205 8
2206 9
2207 7
2208 8
2209 8
2210 9
2211 7
2212 8
2213 8
2214 9
2215 7
2216 8
2217 8
2218 9
2219 7
2220 8
2221 8
2222 9
2223 7
2224 8
2225 8
2226 9
2227 7
2228 8
2229 8
2230 9
2231 7
2232 8
2233 8
2234 9
2235 7
2236 8
2237 8
2238 9
2239 7
2240 8
2241 8
2242 9
2243 7
2244 8
2245 8
2246 9
2247 7
2248 8
2249 8
2250 9
2251 7
2252 8
2253 8
2254 9
2255 7
2256 8
2257 8
2258 9
2259 7
2260 8
2261 8
2262 9
2263 7
2264 8
2265 8
2266 9
2267 7
2268 8
2269 8
2270 9
2271 7
2272 8
2273 8
2274 9
2275 7
2276 8
2277 8
2278 9
2279 7
2280 8
2281 8
2282 9
2283 7
2284 8
2285 8
2286 9
2287 7
2288 8
2289 8
2290 9
2291 7
2292 8
2293 8
2294 9
2295 7
2296 8
2297 8
2298 9
2299 7
2300 8
2301 8
2302 9
2303 7
2304 8
2305 8
2306 9
2307 7
2308 8
2309 8
2310 9
2311 7
2312 8
2313 8
2314 9
2315 7
2316 8
2317 8
2318 9
2319 7
2320 8
2321 8
2322 9
2323 7
2324 8
2325 8
2326 9
2327 7
2328 8
2329 8
2330 9
2331 7
2332 8
2333 8
2334 9
2335 7
2336 8
2337 8
2338 9
2339 7
2340 8
2341 8
2342 9
2343 7
2344 8
2345 8
2346 9
2347 7
2348 8
2349 8
2350 9
2351 7
2352 8
2353 8
2354 9
2355 7
2356 8
2357 8
2358 9
2359 7
2360 8
2361 8
2362 9
2363 7
2364 8
2365 8
2366 9
2367 7
2368 8
2369 8
2370 9
2371 7
2372 8
2373 8
2374 9
2375 7
2376 8
2377 8
2378 9
2379 7
2380 8
2381 8
2382 9
2383 7
2384 8
2385 8
2386 9
2387 7
2388 8
2389 8
2390 9
2391 7
2392 8
2393 8
2394 9
2395 7
2396 8
2397 8
2398 9
2399 7
2400 8
2401 8
2402 9
2403 7
2404 8
2405 8
2406 9
2407 7
2408 8
2409 8
2410 9
2411 7
2412 8
2413 8
2414 9
2415 7
2416 8
2417 8
2418 9
2419 7
2420 8
2421 8
2422 9
2423 7
2424 8
2425 8
2426 9
2427 7
2428 8
2429 8
2430 9
2431 7
2432 8
2433 8
2434 9
2435 7
2436 8
2437 8
2438 9
2439 7
2440 8
2441 8
2442 9
2443 7
2444 8
2445 8
2446 9
2447 7
2448 8
2449 8
2450 9
2451 7
2452 8
2453 8
2454 9
2455 7
2456 8
2457 8
2458 9
2459 7
2460 8
2461 8
2462 9
2463 7
2464 8
2465 8
2466 9
2467 7
2468 8
2469 8
2470 9
2471 7
2472 8
2473 8
2474 9
2475 7
2476 8
2477 8
2478 9
2479 7
2480 8
2481 8
2482 9
2483 7
2484 8
2485 8
2486 9
2487 7
2488 8
2489 8
2490 9
2491 7
2492 8
2493 8
2494 9
2495 7
2496 8
2497 8
2498 9
2499 7
2500 8
2501 8
2502 9
2503 7
2504 8
2505 8
2506 9
2507 7
2508 8
2509 8
2510 9
2511 7
2512 8
2513 8
2514 9
2515 7
2516 8
2517 8
2518 9
2519 7
2520 8
2521 8
2522 9
2523 7
2524 8
2525 8
2526 9
2527 7
2528 8
2529 8
2530 9
2531 7
2532 8
2533 8
2534 9
2535 7
2536 8
2537 8
2538 9
2539 7
2540 8
2541 8
2542 9
2543 7
2544 8
2545 8
2546 9
2547 7
2548 8
2549 8
2550 9
2551 7
2552 8
2553 8
2554 9
2555 7
2556 8
2557 8
2558 9
2559 7
2560 8
2561 8
2562 9
2563 7
2564 8
2565 8
2566 9
2567 7
2568 8
2569 8
2570 9
2571 7
2572 8
2573 8
2574 9
2575 7
2576 8
2577 8
2578 9
2579 7
2580 8
2581 8
2582 9
2583 7
2584 8
2585 8
2586 9
2587 7
2588 8
2589 8
2590 9
2591 7
2592 8
2593 8
2594 9
2595 7
2596 8
2597 8
2598 9
2599 7
2600 8
2601 8
2602 9
2603 7
2604 8
2605 8
2606 9
2607 7
2608 8
2609 8
2610 9
2611 7
2612 8
2613 8
2614 9
2615 7
2616 8
2617 8
2618 9
2619 7
2620 8
2621 8
2622 9
2623 7
2624 8
2625 8
2626 9
2627 7
2628 8
2629 8
2630 9
2631 7
2632 8
2633 8
2634 9
2635 7
2636 8
2637 8
2638 9
2639 7
2640 8
2641 8
2642 9
2643 7
2644 8
2645 8
2646 9
2647 7
2648 8
2649 8
2650 9
2651 7
2652 8
2653 8
2654 9
2655 7
2656 8
2657 8
2658 9
2659 7
2660 8
2661 8
2662 9
2663 7
2664 8
2665 8
2666 9
2667 7
2668 8
2669 8
2670 9
2671 7
2672 8
2673 8
2674 9
2675 7
2676 8
2677 8
2678 9
2679 7
2680 8
2681 8
2682 9
2683 7
2684 8
2685 8
2686 9
2687 7
2688 8
2689 8
2690 9
2691 7
2692 8
2693 8
2694 9
2695 7
2696 8
2697 8
2698 9
2699 7
2700 8
2701 8
2702 9
2703 7
2704 8
2705 8
2706 9
2707 7
2708 8
2709 8
2710 9
2711 7
2712 8
2713 8
2714 9
2715 7
2716 8
2717 7
2718 4
