1 0
2 1610612221
3 536355839
4 10483718
5 2093062
6 7
7 3
8 7
9 3
10 7
11 3
12 7
13 3
14 7
15 3
16 7
17 3
18 7
19 3
20 7
21 3
22 7
23 3
24 7
25 3
26 7
27 3
28 7
29 3
30 7
31 3
32 7
33 3
34 7
35 3
36 7
37 3
38 7
39 3
40 7
41 3
42 7
43 3
44 7
45 3
46 7
47 3
48 7
49 3
50 7
51 3
52 7
53 3
54 7
55 3
56 7
57 3
58 7
59 3
60 7
61 3
62 7
63 3
64 7
65 3
66 7
67 3
68 7
69 3
70 7
71 3
72 7
73 3
74 7
75 3
76 7
77 3
78 7
79 3
80 7
81 3
82 7
83 3
84 7
85 3
86 7
87 3
88 7
89 3
90 7
91 3
92 7
93 3
94 7
95 3
96 7
97 3
98 7
99 3
100 7
101 3
102 7
103 3
104 7
105 3
106 7
107 3
108 7
109 3
110 7
111 3
112 7
113 3
114 7
115 3
116 7
117 3
118 7
119 3
120 7
121 3
122 7
123 3
124 7
125 3
126 7
127 3
128 7
129 3
130 7
131 3
132 7
133 3
134 7
135 3
136 7
137 3
138 7
139 3
140 7
141 3
142 7
143 3
144 7
145 3
146 7
147 3
148 7
149 3
150 7
151 3
152 7
153 3
154 7
155 3
156 7
157 3
158 7
159 3
160 7
161 3
162 7
163 3
164 7
165 3
166 7
167 3
168 7
169 3
170 7
171 3
172 7
173 3
174 7
175 3
176 7
177 3
178 7
179 3
180 7
181 3
182 7
183 3
184 7
185 3
186 7
187 3
188 7
189 3
190 7
191 3
192 7
193 3
194 7
195 3
196 7
197 3
198 7
199 3
200 7
201 3
202 7
203 3
204 7
205 3
206 7
207 3
208 7
209 3
210 7
211 3
212 7
213 3
214 7
215 3
216 7
217 3
218 7
219 3
220 7
221 3
222 7
223 3
224 7
225 3
226 7
227 3
228 7
229 3
230 7
231 3
232 7
233 3
234 7
235 3
236 7
237 3
238 7
239 3
240 7
241 3
242 7
243 3
244 7
245 3
246 7
247 3
248 7
249 3
250 7
251 3
252 7
253 3
254 7
255 3
256 7
257 3
258 7
259 3
260 7
261 3
262 7
263 3
264 7
265 3
266 7
267 3
268 7
269 3
270 7
271 3
272 7
273 3
274 7
275 3
276 7
277 3
278 7
279 3
280 7
281 3
282 7
283 3
284 7
285 3
286 7
287 3
288 7
289 3
290 7
291 3
292 7
293 3
294 7
295 3
296 7
297 3
298 7
299 3
300 7
301 3
302 7
303 3
304 7
305 3
306 7
307 3
308 7
309 3
310 7
311 3
312 7
313 3
314 7
315 3
316 7
317 3
318 7
319 3
320 7
321 3
322 7
323 3
324 7
325 3
326 7
327 3
328 7
329 3
330 7
331 3
332 7
333 3
334 7
335 3
336 7
337 3
338 7
339 3
340 7
341 3
342 7
343 3
344 7
345 3
346 7
347 3
348 7
349 3
350 7
351 3
352 7
353 3
354 7
355 3
356 7
357 3
358 7
359 3
360 7
361 3
362 7
363 3
364 7
365 3
366 7
367 3
368 7
369 3
370 7
371 3
372 7
373 3
374 7
375 3
376 7
377 3
378 7
379 3
380 7
381 3
382 7
383 3
384 7
385 3
386 7
387 3
388 7
389 3
390 7
391 3
392 7
393 3
394 7
395 3
396 7
397 3
398 7
399 3
400 7
401 3
402 7
403 3
404 7
405 3
406 7
407 3
408 7
409 3
410 7
411 3
412 7
413 3
414 7
415 3
416 7
417 3
418 7
419 3
420 7
421 3
422 7
423 3
424 7
425 3
426 7
427 3
428 7
429 3
430 7
431 3
432 7
433 3
434 7
435 3
436 7
437 3
438 7
439 3
440 7
441 3
442 7
443 3
444 7
445 3
446 7
447 3
448 7
449 3
450 7
451 3
452 7
453 3
454 7
455 3
456 7
457 3
458 7
459 3
460 7
461 3
462 7
463 3
464 7
465 3
466 7
467 3
468 7
469 3
470 7
471 3
472 7
473 3
474 7
475 3
476 7
477 3
478 7
479 3
480 7
481 3
482 7
483 3
484 7
485 3
486 7
487 3
488 7
489 3
490 7
491 3
492 7
493 3
494 7
495 3
496 7
497 3
498 7
499 3
500 7
501 3
502 7
503 3
504 7
505 3
506 7
507 3
508 7
509 3
510 7
511 3
512 7
513 3
514 7
515 3
516 7
517 3
518 7
519 3
520 7
521 3
522 7
523 3
524 7
525 3
526 7
527 3
528 7
529 3
530 7
531 3
532 7
533 3
534 7
535 3
536 7
537 3
538 7
539 3
540 7
541 3
542 7
543 3
544 7
545 3
546 7
547 3
548 7
549 3
550 7
551 3
552 7
553 3
554 7
555 3
556 7
557 3
558 7
559 3
560 7
561 3
562 7
563 3
564 7
565 3
566 7
567 3
568 7
569 3
570 7
571 3
572 7
573 3
574 7
575 3
576 7
577 3
578 7
579 3
580 7
581 3
582 7
583 3
584 7
585 3
586 7
587 3
588 7
589 3
590 7
591 3
592 7
593 3
594 7
595 3
596 7
597 3
598 7
599 3
600 7
601 3
602 7
603 3
604 7
605 3
606 7
607 3
608 7
609 3
610 7
611 3
612 7
613 3
614 7
615 3
616 7
617 3
618 7
619 3
620 7
621 3
622 7
623 3
624 7
625 3
626 7
627 3
628 7
629 3
630 7
631 3
632 7
633 3
634 7
635 3
636 7
637 3
638 7
639 3
640 7
641 3
642 7
643 3
644 7
645 3
646 7
647 3
648 7
649 3
650 7
651 3
652 7
653 3
654 7
655 3
656 7
657 3
658 7
659 3
660 7
661 3
662 7
663 3
664 7
665 3
666 7
667 3
668 7
669 3
670 7
671 3
672 7
673 3
674 7
675 3
676 7
677 3
678 7
679 3
680 7
681 3
682 7
683 3
684 7
685 3
686 7
687 3
688 7
689 3
690 7
691 3
692 7
693 3
694 7
695 3
696 7
697 3
698 7
699 3
700 7
701 3
702 7
703 3
704 7
705 3
706 7
707 3
708 7
709 3
710 7
711 3
712 7
713 3
714 7
715 3
716 7
717 3
718 7
719 3
720 7
721 3
722 7
723 3
724 7
725 3
726 7
727 3
728 7
729 3
730 7
731 3
732 7
733 3
734 7
735 3
736 7
737 3
738 7
739 3
740 7
741 3
742 7
743 3
744 7
745 3
746 7
747 3
748 7
749 3
750 7
751 3
752 7
753 3
754 7
755 3
756 7
757 3
758 7
759 3
760 7
761 3
762 7
763 3
764 7
765 3
766 7
767 3
768 7
769 3
770 7
771 3
772 7
773 3
774 7
775 3
776 7
777 3
778 7
779 3
780 7
781 3
782 7
783 3
784 7
785 3
786 7
787 3
788 7
789 3
790 7
791 3
792 7
793 3
794 7
795 3
796 7
797 3
798 7
799 3
800 7
801 3
802 7
803 3
804 7
805 3
806 7
807 3
808 7
809 3
810 7
811 3
812 7
813 3
814 7
815 3
816 7
817 3
818 7
819 3
820 7
821 3
822 7
823 3
824 7
825 3
826 7
827 3
828 7
829 3
830 7
831 3
832 7
833 3
834 7
835 3
836 7
837 3
838 7
839 3
840 7
841 3
842 7
843 3
844 7
845 3
846 7
847 3
848 7
849 3
850 7
851 3
852 7
853 3
854 7
855 3
856 7
857 3
858 7
859 3
860 7
861 3
862 7
863 3
864 7
865 3
866 7
867 3
868 7
869 3
870 7
871 3
872 7
873 3
874 7
875 3
876 7
877 3
878 7
879 3
880 7
881 3
882 7
883 3
884 7
885 3
886 7
887 3
888 7
889 3
890 7
891 3
892 7
893 3
894 7
895 3
896 7
897 3
898 7
899 3
900 7
901 3
902 7
903 3
904 7
905 3
906 7
907 3
908 7
909 3
910 7
911 3
912 7
913 3
914 7
915 3
916 7
917 3
918 7
919 3
920 7
921 3
922 7
923 3
924 7
925 3
926 7
927 3
928 7
929 3
930 7
931 3
932 7
933 3
934 7
935 3
936 7
937 3
938 7
939 3
940 7
941 3
942 7
943 3
944 7
945 3
946 7
947 3
948 7
949 3
950 7
951 3
952 7
953 3
954 7
955 3
956 7
957 3
958 7
959 3
960 7
961 3
962 7
963 3
964 7
965 3
966 7
967 3
968 7
969 3
970 7
971 3
972 7
973 3
974 7
975 3
976 7
977 3
978 7
979 3
980 7
981 3
982 7
983 3
984 7
985 3
986 7
987 3
988 7
989 3
990 7
991 3
992 7
993 3
994 7
995 3
996 7
997 3
998 7
999 3
1000 7
1001 3
1002 7
1003 3
1004 7
1005 3
1006 7
1007 3
1008 7
1009 3
1010 7
1011 3
1012 7
1013 3
1014 7
1015 3
1016 7
1017 3
1018 7
1019 3
1020 7
1021 3
1022 7
1023 3
1024 7
1025 7
1026 3145733
1027 0
