1 0
2 1
3 2
4 2
5 2
6 2
7 2
8 2
9 2
10 2
11 2
12 2
13 2
14 2
15 2
16 2
17 2
18 2
19 2
20 2
21 2
22 2
23 2
24 2
25 2
26 2
27 2
28 2
29 2
30 2
31 2
32 2
33 2
34 2
35 2
36 2
37 2
38 2
39 2
40 2
41 2
42 2
43 2
44 2
45 2
46 2
47 2
48 2
49 2
50 2
51 2
52 2
53 2
54 2
55 2
56 2
57 2
58 2
59 2
60 2
61 2
62 2
63 2
64 2
65 2
66 2
67 2
68 2
69 2
70 2
71 2
72 2
73 2
74 2
75 2
76 2
77 2
78 2
79 2
80 2
81 2
82 2
83 2
84 2
85 2
86 2
87 2
88 2
89 2
90 2
91 2
92 2
93 2
94 2
95 2
96 2
97 2
98 2
99 2
100 2
101 2
102 2
103 2
104 2
105 2
106 2
107 2
108 2
109 2
110 2
111 2
112 2
113 2
114 2
115 2
116 2
117 2
118 2
119 2
120 2
121 2
122 2
123 2
124 2
125 2
126 2
127 2
128 2
129 2
130 2
131 2
132 2
133 2
134 2
135 2
136 2
137 2
138 2
139 2
140 2
141 2
142 2
143 2
144 2
145 2
146 2
147 2
148 2
149 2
150 2
151 2
152 2
153 2
154 2
155 2
156 2
157 2
158 2
159 2
160 2
161 2
162 2
163 2
164 2
165 2
166 2
167 2
168 2
169 2
170 2
171 2
172 2
173 2
174 2
175 2
176 2
177 2
178 2
179 2
180 2
181 2
182 2
183 2
184 2
185 2
186 2
187 2
188 2
189 2
190 2
191 2
192 2
193 2
194 2
195 2
196 2
197 2
198 2
199 2
200 2
201 2
202 2
203 2
204 2
205 2
206 2
207 2
208 2
209 2
210 2
211 2
212 2
213 2
214 2
215 2
216 2
217 2
218 2
219 2
220 2
221 2
222 2
223 2
224 2
225 2
226 2
227 2
228 2
229 2
230 2
231 2
232 2
233 2
234 2
235 2
236 2
237 2
238 2
239 2
240 2
241 2
242 2
243 2
244 2
245 2
246 2
247 2
248 2
249 2
250 2
251 2
252 2
253 2
254 2
255 2
256 2
257 2
258 2
259 2
260 2
261 2
262 2
263 2
264 2
265 2
266 2
267 2
268 2
269 2
270 2
271 2
272 2
273 2
274 2
275 2
276 2
277 2
278 2
279 2
280 2
281 2
282 2
283 2
284 2
285 2
286 2
287 2
288 2
289 2
290 2
291 2
292 2
293 2
294 2
295 2
296 2
297 2
298 2
299 2
300 2
301 2
302 2
303 2
304 2
305 2
306 2
307 2
308 2
309 2
310 2
311 2
312 2
313 2
314 2
315 2
316 2
317 2
318 2
319 2
320 2
321 2
322 2
323 2
324 2
325 2
326 2
327 2
328 2
329 2
330 2
331 2
332 2
333 2
334 2
335 2
336 2
337 2
338 2
339 2
340 2
341 2
342 2
343 2
344 2
345 2
346 2
347 2
348 2
349 2
350 2
351 2
352 2
353 2
354 2
355 2
356 2
357 2
358 2
359 2
360 2
361 2
362 2
363 2
364 2
365 2
366 2
367 2
368 2
369 2
370 2
371 2
372 2
373 2
374 2
375 2
376 2
377 2
378 2
379 2
380 2
381 2
382 2
383 2
384 2
385 2
386 2
387 2
388 2
389 2
390 2
391 2
392 2
393 2
394 2
395 2
396 2
397 2
398 2
399 2
400 2
401 2
402 2
403 2
404 2
405 2
406 2
407 2
408 2
409 2
410 2
411 2
412 2
413 2
414 2
415 2
416 2
417 2
418 2
419 2
420 2
421 2
422 2
423 2
424 2
425 2
426 2
427 2
428 2
429 2
430 2
431 2
432 2
433 2
434 2
435 2
436 2
437 2
438 2
439 2
440 2
441 2
442 2
443 2
444 2
445 2
446 2
447 2
448 2
449 2
450 2
451 2
452 2
453 2
454 2
455 2
456 2
457 2
458 2
459 2
460 2
461 2
462 2
463 2
464 2
465 2
466 2
467 2
468 2
469 2
470 2
471 2
472 2
473 2
474 2
475 2
476 2
477 2
478 2
479 2
480 2
481 2
482 2
483 2
484 2
485 2
486 2
487 2
488 2
489 2
490 2
491 2
492 2
493 2
494 2
495 2
496 2
497 2
498 2
499 2
500 2
501 2
502 2
503 2
504 2
505 2
506 2
507 2
508 2
509 2
510 2
511 2
512 2
513 2
514 2
515 2
516 2
517 2
518 2
519 2
520 2
521 2
522 2
523 2
524 2
525 2
526 2
527 2
528 2
529 2
530 2
531 2
532 2
533 2
534 2
535 2
536 2
537 2
538 2
539 2
540 2
541 2
542 2
543 2
544 2
545 2
546 2
547 2
548 2
549 2
550 2
551 2
552 2
553 2
554 2
555 2
556 2
557 2
558 2
559 2
560 2
561 2
562 2
563 2
564 2
565 2
566 2
567 2
568 2
569 2
570 2
571 2
572 2
573 2
574 2
575 2
576 2
577 2
578 2
579 2
580 2
581 2
582 2
583 2
584 2
585 2
586 2
587 2
588 2
589 2
590 2
591 2
592 2
593 2
594 2
595 2
596 2
597 2
598 2
599 2
600 2
601 2
602 2
603 2
604 2
605 2
606 2
607 2
608 2
609 2
610 2
611 2
612 2
613 2
614 2
615 2
616 2
617 2
618 2
619 2
620 2
621 2
622 2
623 2
624 2
625 2
626 2
627 2
628 2
629 2
630 2
631 2
632 2
633 2
634 2
635 2
636 2
637 2
638 2
639 2
640 2
641 2
642 2
643 2
644 2
645 2
646 2
647 2
648 2
649 2
650 2
651 2
652 2
653 2
654 2
655 2
656 2
657 2
658 2
659 2
660 2
661 2
662 2
663 2
664 2
665 2
666 2
667 2
668 2
669 2
670 2
671 2
672 2
673 2
674 2
675 2
676 2
677 2
678 2
679 2
680 2
681 2
682 2
683 2
684 2
685 2
686 2
687 2
688 2
689 2
690 2
691 2
692 2
693 2
694 2
695 2
696 2
697 2
698 2
699 2
700 2
701 2
702 2
703 2
704 2
705 2
706 2
707 2
708 2
709 2
710 2
711 2
712 2
713 2
714 2
715 2
716 2
717 2
718 2
719 2
720 2
721 2
722 2
723 2
724 2
725 2
726 2
727 2
728 2
729 2
730 2
731 2
732 2
733 2
734 2
735 2
736 2
737 2
738 2
739 2
740 2
741 2
742 2
743 2
744 2
745 2
746 2
747 2
748 2
749 2
750 2
751 2
752 2
753 2
754 2
755 2
756 2
757 2
758 2
759 2
760 2
761 2
762 2
763 2
764 2
765 2
766 2
767 2
768 2
769 2
770 2
771 2
772 2
773 2
774 2
775 2
776 2
777 2
778 2
779 2
780 2
781 2
782 2
783 2
784 2
785 2
786 2
787 2
788 2
789 2
790 2
791 2
792 2
793 2
794 2
795 2
796 2
797 2
798 2
799 2
800 2
801 2
802 2
803 2
804 2
805 2
806 2
807 2
808 2
809 2
810 2
811 2
812 2
813 2
814 2
815 2
816 2
817 2
818 2
819 2
820 2
821 2
822 2
823 2
824 2
825 2
826 2
827 2
828 2
829 2
830 2
831 2
832 2
833 2
834 2
835 2
836 2
837 2
838 2
839 2
840 2
841 2
842 2
843 2
844 2
845 2
846 2
847 2
848 2
849 2
850 2
851 2
852 2
853 2
854 2
855 2
856 2
857 2
858 2
859 2
860 2
861 2
862 2
863 2
864 2
865 2
866 2
867 2
868 2
869 2
870 2
871 2
872 2
873 2
874 2
875 2
876 2
877 2
878 2
879 2
880 2
881 2
882 2
883 2
884 2
885 2
886 2
887 2
888 2
889 2
890 2
891 2
892 2
893 2
894 2
895 2
896 2
897 2
898 2
899 2
900 2
901 2
902 2
903 2
904 2
905 2
906 2
907 2
908 2
909 2
910 2
911 2
912 2
913 2
914 2
915 2
916 2
917 2
918 2
919 2
920 2
921 2
922 2
923 2
924 2
925 2
926 2
927 2
928 2
929 2
930 2
931 2
932 2
933 2
934 2
935 2
936 2
937 2
938 2
939 2
940 2
941 2
942 2
943 2
944 2
945 2
946 2
947 2
948 2
949 2
950 2
951 2
952 2
953 2
954 2
955 2
956 2
957 2
958 2
959 2
960 2
961 2
962 2
963 2
964 2
965 2
966 2
967 2
968 2
969 2
970 2
971 2
972 2
973 2
974 2
975 2
976 2
977 2
978 2
979 2
980 2
981 2
982 2
983 2
984 2
985 2
986 2
987 2
988 2
989 2
990 2
991 2
992 2
993 2
994 2
995 2
996 2
997 2
998 2
999 2
1000 2
1001 2
1002 2
1003 2
1004 2
1005 2
1006 2
1007 2
1008 2
1009 2
1010 2
1011 2
1012 2
1013 2
1014 2
1015 2
1016 2
1017 2
1018 2
1019 2
1020 2
1021 2
1022 2
1023 2
1024 2
1025 2
1026 3147778
1027 1024
1028 4
1029 0
1030 4
1031 0
1032 4
1033 0
1034 4
1035 0
1036 4
1037 0
1038 4
1039 0
1040 4
1041 0
1042 4
1043 0
1044 4
1045 0
1046 4
1047 0
1048 4
1049 0
1050 4
1051 0
1052 4
1053 0
1054 4
1055 0
1056 4
1057 0
1058 4
1059 0
1060 4
1061 0
1062 4
1063 0
1064 4
1065 0
1066 4
1067 0
1068 4
1069 0
1070 4
1071 0
1072 4
1073 0
1074 4
1075 0
1076 4
1077 0
1078 4
1079 0
1080 4
1081 0
1082 4
1083 0
1084 4
1085 0
1086 4
1087 0
1088 4
1089 0
1090 4
1091 0
1092 4
1093 0
1094 4
1095 0
1096 4
1097 0
1098 4
1099 0
1100 4
1101 0
1102 4
1103 0
1104 4
1105 0
1106 4
1107 0
1108 4
1109 0
1110 4
1111 0
1112 4
1113 0
1114 4
1115 0
1116 4
1117 0
1118 4
1119 0
1120 4
1121 0
1122 4
1123 0
1124 4
1125 0
1126 4
1127 0
1128 4
1129 0
1130 4
1131 0
1132 4
1133 0
1134 4
1135 0
1136 4
1137 0
1138 4
1139 0
1140 4
1141 0
1142 4
1143 0
1144 4
1145 0
1146 4
1147 0
1148 4
1149 0
1150 4
1151 0
1152 4
1153 0
1154 4
1155 0
1156 4
1157 0
1158 4
1159 0
1160 4
1161 0
1162 4
1163 0
1164 4
1165 0
1166 4
1167 0
1168 4
1169 0
1170 4
1171 0
1172 4
1173 0
1174 4
1175 0
1176 4
1177 0
1178 4
1179 0
1180 4
1181 0
1182 4
1183 0
1184 4
1185 0
1186 4
1187 0
1188 4
1189 0
1190 4
1191 0
1192 4
1193 0
1194 4
1195 0
1196 4
1197 0
1198 4
1199 0
1200 4
1201 0
1202 4
1203 0
1204 4
1205 0
1206 4
1207 0
1208 4
1209 0
1210 4
1211 0
1212 4
1213 0
1214 4
1215 0
1216 4
1217 0
1218 4
1219 0
1220 4
1221 0
1222 4
1223 0
1224 4
1225 0
1226 4
1227 0
1228 4
1229 0
1230 4
1231 0
1232 4
1233 0
1234 4
1235 0
1236 4
1237 0
1238 4
1239 0
1240 4
1241 0
1242 4
1243 0
1244 4
1245 0
1246 4
1247 0
1248 4
1249 0
1250 4
1251 0
1252 4
1253 0
1254 4
1255 0
1256 4
1257 0
1258 4
1259 0
1260 4
1261 0
1262 4
1263 0
1264 4
1265 0
1266 4
1267 0
1268 4
1269 0
1270 4
1271 0
1272 4
1273 0
1274 4
1275 0
1276 4
1277 0
1278 4
1279 0
1280 4
1281 0
1282 4
1283 0
1284 4
1285 0
1286 4
1287 0
1288 4
1289 0
1290 4
1291 0
1292 4
1293 0
1294 4
1295 0
1296 4
1297 0
1298 4
1299 0
1300 4
1301 0
1302 4
1303 0
1304 4
1305 0
1306 4
1307 0
1308 4
1309 0
1310 4
1311 0
1312 4
1313 0
1314 4
1315 0
1316 4
1317 0
1318 4
1319 0
1320 4
1321 0
1322 4
1323 0
1324 4
1325 0
1326 4
1327 0
1328 4
1329 0
1330 4
1331 0
1332 4
1333 0
1334 4
1335 0
1336 4
1337 0
1338 4
1339 0
1340 4
1341 0
1342 4
1343 0
1344 4
1345 0
1346 4
1347 0
1348 4
1349 0
1350 4
1351 0
1352 4
1353 0
1354 4
1355 0
1356 4
1357 0
1358 4
1359 0
1360 4
1361 0
1362 4
1363 0
1364 4
1365 0
1366 4
1367 0
1368 4
1369 0
1370 4
1371 0
1372 4
1373 0
1374 4
1375 0
1376 4
1377 0
1378 4
1379 0
1380 4
1381 0
1382 4
1383 0
1384 4
1385 0
1386 4
1387 0
1388 4
1389 0
1390 4
1391 0
1392 4
1393 0
1394 4
1395 0
1396 4
1397 0
1398 4
1399 0
1400 4
1401 0
1402 4
1403 0
1404 4
1405 0
1406 4
1407 0
1408 4
1409 0
1410 4
1411 0
1412 4
1413 0
1414 4
1415 0
1416 4
1417 0
1418 4
1419 0
1420 4
1421 0
1422 4
1423 0
1424 4
1425 0
1426 4
1427 0
1428 4
1429 0
1430 4
1431 0
1432 4
1433 0
1434 4
1435 0
1436 4
1437 0
1438 4
1439 0
1440 4
1441 0
1442 4
1443 0
1444 4
1445 0
1446 4
1447 0
1448 4
1449 0
1450 4
1451 0
1452 4
1453 0
1454 4
1455 0
1456 4
1457 0
1458 4
1459 0
1460 4
1461 0
1462 4
1463 0
1464 4
1465 0
1466 4
1467 0
1468 4
1469 0
1470 4
1471 0
1472 4
1473 0
1474 4
1475 0
1476 4
1477 0
1478 4
1479 0
1480 4
1481 0
1482 4
1483 0
1484 4
1485 0
1486 4
1487 0
1488 4
1489 0
1490 4
1491 0
1492 4
1493 0
1494 4
1495 0
1496 4
1497 0
1498 4
1499 0
1500 4
1501 0
1502 4
1503 0
1504 4
1505 0
1506 4
1507 0
1508 4
1509 0
1510 4
1511 0
1512 4
1513 0
1514 4
1515 0
1516 4
1517 0
1518 4
1519 0
1520 4
1521 0
1522 4
1523 0
1524 4
1525 0
1526 4
1527 0
1528 4
1529 0
1530 4
1531 0
1532 4
1533 0
1534 4
1535 0
1536 4
1537 0
1538 4
1539 0
1540 4
1541 0
1542 4
1543 0
1544 4
1545 0
1546 4
1547 0
1548 4
1549 0
1550 4
1551 0
1552 4
1553 0
1554 4
1555 0
1556 4
1557 0
1558 4
1559 0
1560 4
1561 0
1562 4
1563 0
1564 4
1565 0
1566 4
1567 0
1568 4
1569 0
1570 4
1571 0
1572 4
1573 0
1574 4
1575 0
1576 4
1577 0
1578 4
1579 0
1580 4
1581 0
1582 4
1583 0
1584 4
1585 0
1586 4
1587 0
1588 4
1589 0
1590 4
1591 0
1592 4
1593 0
1594 4
1595 0
1596 4
1597 0
1598 4
1599 0
1600 4
1601 0
1602 4
1603 0
1604 4
1605 0
1606 4
1607 0
1608 4
1609 0
1610 4
1611 0
1612 4
1613 0
1614 4
1615 0
1616 4
1617 0
1618 4
1619 0
1620 4
1621 0
1622 4
1623 0
1624 4
1625 0
1626 4
1627 0
1628 4
1629 0
1630 4
1631 0
1632 4
1633 0
1634 4
1635 0
1636 4
1637 0
1638 4
1639 0
1640 4
1641 0
1642 4
1643 0
1644 4
1645 0
1646 4
1647 0
1648 4
1649 0
1650 4
1651 0
1652 4
1653 0
1654 4
1655 0
1656 4
1657 0
1658 4
1659 0
1660 4
1661 0
1662 4
1663 0
1664 4
1665 0
1666 4
1667 0
1668 4
1669 0
1670 4
1671 0
1672 4
1673 0
1674 4
1675 0
1676 4
1677 0
1678 4
1679 0
1680 4
1681 0
1682 4
1683 0
1684 4
1685 0
1686 4
1687 0
1688 4
1689 0
1690 4
1691 0
1692 4
1693 0
1694 4
1695 0
1696 4
1697 0
1698 4
1699 0
1700 4
1701 0
1702 4
1703 0
1704 4
1705 0
1706 4
1707 0
1708 4
1709 0
1710 4
1711 0
1712 4
1713 0
1714 4
1715 0
1716 4
1717 0
1718 4
1719 0
1720 4
1721 0
1722 4
1723 0
1724 4
1725 0
1726 4
1727 0
1728 4
1729 0
1730 4
1731 0
1732 4
1733 0
1734 4
1735 0
1736 4
1737 0
1738 4
1739 0
1740 4
1741 0
1742 4
1743 0
1744 4
1745 0
1746 4
1747 0
1748 4
1749 0
1750 4
1751 0
1752 4
1753 0
1754 4
1755 0
1756 4
1757 0
1758 4
1759 0
1760 4
1761 0
1762 4
1763 0
1764 4
1765 0
1766 4
1767 0
1768 4
1769 0
1770 4
1771 0
1772 4
1773 0
1774 4
1775 0
1776 4
1777 0
1778 4
1779 0
1780 4
1781 0
1782 4
1783 0
1784 4
1785 0
1786 4
1787 0
1788 4
1789 0
1790 4
1791 0
1792 4
1793 0
1794 4
1795 0
1796 4
1797 0
1798 4
1799 0
1800 4
1801 0
1802 4
1803 0
1804 4
1805 0
1806 4
1807 0
1808 4
1809 0
1810 4
1811 0
1812 4
1813 0
1814 4
1815 0
1816 4
1817 0
1818 4
1819 0
1820 4
1821 0
1822 4
1823 0
1824 4
1825 0
1826 4
1827 0
1828 4
1829 0
1830 4
1831 0
1832 4
1833 0
1834 4
1835 0
1836 4
1837 0
1838 4
1839 0
1840 4
1841 0
1842 4
1843 0
1844 4
1845 0
1846 4
1847 0
1848 4
1849 0
1850 4
1851 0
1852 4
1853 0
1854 4
1855 0
1856 4
1857 0
1858 4
1859 0
1860 4
1861 0
1862 4
1863 0
1864 4
1865 0
1866 4
1867 0
1868 4
1869 0
1870 4
1871 0
1872 4
1873 0
1874 4
1875 0
1876 4
1877 0
1878 4
1879 0
1880 4
1881 0
1882 4
1883 0
1884 4
1885 0
1886 4
1887 0
1888 4
1889 0
1890 4
1891 0
1892 4
1893 0
1894 4
1895 0
1896 4
1897 0
1898 4
1899 0
1900 4
1901 0
1902 4
1903 0
1904 4
1905 0
1906 4
1907 0
1908 4
1909 0
1910 4
1911 0
1912 4
1913 0
1914 4
1915 0
1916 4
1917 0
1918 4
1919 0
1920 4
1921 0
1922 4
1923 0
1924 4
1925 0
1926 4
1927 0
1928 4
1929 0
1930 4
1931 0
1932 4
1933 0
1934 4
1935 0
1936 4
1937 0
1938 4
1939 0
1940 4
1941 0
1942 4
1943 0
1944 4
1945 0
1946 4
1947 0
1948 4
1949 0
1950 4
1951 0
1952 4
1953 0
1954 4
1955 0
1956 4
1957 0
1958 4
1959 0
1960 4
1961 0
1962 4
1963 0
1964 4
1965 0
1966 4
1967 0
1968 4
1969 0
1970 4
1971 0
1972 4
1973 0
1974 4
1975 0
1976 4
1977 0
1978 4
1979 0
1980 4
1981 0
1982 4
1983 0
1984 4
1985 0
1986 4
1987 0
1988 4
1989 0
1990 4
1991 0
1992 4
1993 0
1994 4
1995 0
1996 4
1997 0
1998 4
1999 0
2000 4
2001 0
2002 4
2003 0
2004 4
2005 0
2006 4
2007 0
2008 4
2009 0
2010 4
2011 0
2012 4
2013 0
2014 4
2015 0
2016 4
2017 0
2018 4
2019 0
2020 4
2021 0
2022 4
2023 0
2024 4
2025 0
2026 4
2027 0
2028 4
2029 0
2030 4
2031 0
2032 4
2033 0
2034 4
2035 2
2036 6285327
2037 12
2038 18
2039 16
2040 18
2041 16
2042 18
2043 2105340
2044 4192238
2045 4
2046 6
2047 4
2048 1046534
2049 536345104
2050 1609037351
2051 523782
2052 8
2053 8
2054 9
2055 7
2056 8
2057 8
2058 9
2059 7
2060 8
2061 8
2062 9
2063 7
2064 8
2065 8
2066 9
2067 7
2068 8
2069 8
2070 9
2071 7
2072 8
2073 8
2074 9
2075 7
2076 8
2077 8
2078 9
2079 7
2080 8
2081 8
2082 9
2083 7
2084 8
2085 8
2086 9
2087 7
2088 8
2089 8
2090 9
2091 7
2092 8
2093 8
2094 9
2095 7
2096 8
2097 8
2098 9
2099 7
2100 8
2101 8
2102 9
2103 7
2104 8
2105 8
2106 9
2107 7
2108 8
2109 8
2110 9
2111 7
2112 8
2113 8
2114 9
2115 7
2116 8
2117 8
2118 9
2119 7
2120 8
2121 8
2122 9
2123 7
2124 8
2125 8
2126 9
2127 7
2128 8
2129 8
2130 9
2131 7
2132 8
2133 8
2134 9
2135 7
2136 8
2137 8
2138 9
2139 7
2140 8
2141 8
2142 9
2143 7
2144 8
2145 8
2146 9
2147 7
2148 8
2149 8
2150 9
2151 7
2152 8
2153 8
2154 9
2155 7
2156 8
2157 8
2158 9
2159 7
2160 8
2161 8
2162 9
2163 7
2164 8
2165 8
2166 9
2167 7
2168 8
2169 8
2170 9
2171 7
2172 8
2173 8
2174 9
2175 7
2176 8
2177 8
2178 9
2179 7
2180 8
2181 8
2182 9
2183 7
2184 8
2185 8
2186 9
2187 7
2188 8
2189 8
2190 9
2191 7
2192 8
2193 8
2194 9
2195 7
2196 8
2197 8
2198 9
2199 7
2200 8
2201 8
2202 9
2203 7
2204 8
2205 8
2206 9
2207 7
2208 8
2209 8
2210 9
2211 7
2212 8
2213 8
2214 9
2215 7
2216 8
2217 8
2218 9
2219 7
2220 8
2221 8
2222 9
2223 7
2224 8
2225 8
2226 9
2227 7
2228 8
2229 8
2230 9
2231 7
2232 8
2233 8
2234 9
2235 7
2236 8
2237 8
2238 9
2239 7
2240 8
2241 8
2242 9
2243 7
2244 8
2245 8
2246 9
2247 7
2248 8
2249 8
2250 9
2251 7
2252 8
2253 8
2254 9
2255 7
2256 8
2257 8
2258 9
2259 7
2260 8
2261 8
2262 9
2263 7
2264 8
2265 8
2266 9
2267 7
2268 8
2269 8
2270 9
2271 7
2272 8
2273 8
2274 9
2275 7
2276 8
2277 8
2278 9
2279 7
2280 8
2281 8
2282 9
2283 7
2284 8
2285 8
2286 9
2287 7
2288 8
2289 8
2290 9
2291 7
2292 8
2293 8
2294 9
2295 7
2296 8
2297 8
2298 9
2299 7
2300 8
2301 8
2302 9
2303 7
2304 8
2305 8
2306 9
2307 7
2308 8
2309 8
2310 9
2311 7
2312 8
2313 8
2314 9
2315 7
2316 8
2317 8
2318 9
2319 7
2320 8
2321 8
2322 9
2323 7
2324 8
2325 8
2326 9
2327 7
2328 8
2329 8
2330 9
2331 7
2332 8
2333 8
2334 9
2335 7
2336 8
2337 8
2338 9
2339 7
2340 8
2341 8
2342 9
2343 7
2344 8
2345 8
2346 9
2347 7
2348 8
2349 8
2350 9
2351 7
2352 8
2353 8
2354 9
2355 7
2356 8
2357 8
2358 9
2359 7
2360 8
2361 8
2362 9
2363 7
2364 8
2365 8
2366 9
2367 7
2368 8
2369 8
2370 9
2371 7
2372 8
2373 8
2374 9
2375 7
2376 8
2377 8
2378 9
2379 7
2380 8
2381 8
2382 9
2383 7
2384 8
2385 8
2386 9
2387 7
2388 8
2389 8
2390 9
2391 7
2392 8
2393 8
2394 9
2395 7
2396 8
2397 8
2398 9
2399 7
2400 8
2401 8
2402 9
2403 7
2404 8
2405 8
2406 9
2407 7
2408 8
2409 8
2410 9
2411 7
2412 8
2413 8
2414 9
2415 7
2416 8
2417 8
2418 9
2419 7
2420 8
2421 8
2422 9
2423 7
2424 8
2425 8
2426 9
2427 7
2428 8
2429 8
2430 9
2431 7
2432 8
2433 8
2434 9
2435 7
2436 8
2437 8
2438 9
2439 7
2440 8
2441 8
2442 9
2443 7
2444 8
2445 8
2446 9
2447 7
2448 8
2449 8
2450 9
2451 7
2452 8
2453 8
2454 9
2455 7
2456 8
2457 8
2458 9
2459 7
2460 8
2461 8
2462 9
2463 7
2464 8
2465 8
2466 9
2467 7
2468 8
2469 8
2470 9
2471 7
2472 8
2473 8
2474 9
2475 7
2476 8
2477 8
2478 9
2479 7
2480 8
2481 8
2482 9
2483 7
2484 8
2485 8
2486 9
2487 7
2488 8
2489 8
2490 9
2491 7
2492 8
2493 8
2494 9
2495 7
2496 8
2497 8
2498 9
2499 7
2500 8
2501 8
2502 9
2503 7
2504 8
2505 8
2506 9
2507 7
2508 8
2509 8
2510 9
2511 7
2512 8
2513 8
2514 9
2515 7
2516 8
2517 8
2518 9
2519 7
2520 8
2521 8
2522 9
2523 7
2524 8
2525 8
2526 9
2527 7
2528 8
2529 8
2530 9
2531 7
2532 8
2533 8
2534 9
2535 7
2536 8
2537 8
2538 9
2539 7
2540 8
2541 8
2542 9
2543 7
2544 8
2545 8
2546 9
2547 7
2548 8
2549 8
2550 9
2551 7
2552 8
2553 8
2554 9
2555 7
2556 8
2557 8
2558 9
2559 7
2560 8
2561 8
2562 9
2563 7
2564 8
2565 8
2566 9
2567 7
2568 8
2569 8
2570 9
2571 7
2572 8
2573 8
2574 9
2575 7
2576 8
2577 8
2578 9
2579 7
2580 8
2581 8
2582 9
2583 7
2584 8
2585 8
2586 9
2587 7
2588 8
2589 8
2590 9
2591 7
2592 8
2593 8
2594 9
2595 7
2596 8
2597 8
2598 9
2599 7
2600 8
2601 8
2602 9
2603 7
2604 8
2605 8
2606 9
2607 7
2608 8
2609 8
2610 9
2611 7
2612 8
2613 8
2614 9
2615 7
2616 8
2617 8
2618 9
2619 7
2620 8
2621 8
2622 9
2623 7
2624 8
2625 8
2626 9
2627 7
2628 8
2629 8
2630 9
2631 7
2632 8
2633 8
2634 9
2635 7
2636 8
2637 8
2638 9
2639 7
2640 8
2641 8
2642 9
2643 7
2644 8
2645 8
2646 9
2647 7
2648 8
2649 8
2650 9
2651 7
2652 8
2653 8
2654 9
2655 7
2656 8
2657 8
2658 9
2659 7
2660 8
2661 8
2662 9
2663 7
2664 8
2665 8
2666 9
2667 7
2668 8
2669 8
2670 9
2671 7
2672 8
2673 8
2674 9
2675 7
2676 8
2677 8
2678 9
2679 7
2680 8
2681 8
2682 9
2683 7
2684 8
2685 8
2686 9
2687 7
2688 8
2689 8
2690 9
2691 7
2692 8
2693 8
2694 9
2695 7
2696 8
2697 8
2698 9
2699 7
2700 8
2701 8
2702 9
2703 7
2704 8
2705 8
2706 9
2707 7
2708 8
2709 8
2710 9
2711 7
2712 8
2713 8
2714 9
2715 7
2716 8
2717 6
2718 5
