1 0
2 1
3 2
4 2
5 2
6 2
7 2
8 2
9 2
10 2
11 2
12 2
13 2
14 2
15 2
16 2
17 2
18 2
19 2
20 2
21 2
22 2
23 2
24 2
25 2
26 2
27 2
28 2
29 2
30 2
31 2
32 2
33 2
34 2
35 2
36 2
37 2
38 2
39 2
40 2
41 2
42 2
43 2
44 2
45 2
46 2
47 2
48 2
49 2
50 2
51 2
52 2
53 2
54 2
55 2
56 2
57 2
58 2
59 2
60 2
61 2
62 2
63 2
64 2
65 2
66 2
67 2
68 2
69 2
70 2
71 2
72 2
73 2
74 2
75 2
76 2
77 2
78 2
79 2
80 2
81 2
82 2
83 2
84 2
85 2
86 2
87 2
88 2
89 2
90 2
91 2
92 2
93 2
94 2
95 2
96 2
97 2
98 2
99 2
100 2
101 2
102 2
103 2
104 2
105 2
106 2
107 2
108 2
109 2
110 2
111 2
112 2
113 2
114 2
115 2
116 2
117 2
118 2
119 2
120 2
121 2
122 2
123 2
124 2
125 2
126 2
127 2
128 2
129 2
130 2
131 2
132 2
133 2
134 2
135 2
136 2
137 2
138 2
139 2
140 2
141 2
142 2
143 2
144 2
145 2
146 2
147 2
148 2
149 2
150 2
151 2
152 2
153 2
154 2
155 2
156 2
157 2
158 2
159 2
160 2
161 2
162 2
163 2
164 2
165 2
166 2
167 2
168 2
169 2
170 2
171 2
172 2
173 2
174 2
175 2
176 2
177 2
178 2
179 2
180 2
181 2
182 2
183 2
184 2
185 2
186 2
187 2
188 2
189 2
190 2
191 2
192 2
193 2
194 2
195 2
196 2
197 2
198 2
199 2
200 2
201 2
202 2
203 2
204 2
205 2
206 2
207 2
208 2
209 2
210 2
211 2
212 2
213 2
214 2
215 2
216 2
217 2
218 2
219 2
220 2
221 2
222 2
223 2
224 2
225 2
226 2
227 2
228 2
229 2
230 2
231 2
232 2
233 2
234 2
235 2
236 2
237 2
238 2
239 2
240 2
241 2
242 2
243 2
244 2
245 2
246 2
247 2
248 2
249 2
250 2
251 2
252 2
253 2
254 2
255 2
256 2
257 2
258 2
259 2
260 2
261 2
262 2
263 2
264 2
265 2
266 2
267 2
268 2
269 2
270 2
271 2
272 2
273 2
274 2
275 2
276 2
277 2
278 2
279 2
280 2
281 2
282 2
283 2
284 2
285 2
286 2
287 2
288 2
289 2
290 2
291 2
292 2
293 2
294 2
295 2
296 2
297 2
298 2
299 2
300 2
301 2
302 2
303 2
304 2
305 2
306 2
307 2
308 2
309 2
310 2
311 2
312 2
313 2
314 2
315 2
316 2
317 2
318 2
319 2
320 2
321 2
322 2
323 2
324 2
325 2
326 2
327 2
328 2
329 2
330 2
331 2
332 2
333 2
334 2
335 2
336 2
337 2
338 2
339 2
340 2
341 2
342 2
343 2
344 2
345 2
346 2
347 2
348 2
349 2
350 2
351 2
352 2
353 2
354 2
355 2
356 2
357 2
358 2
359 2
360 2
361 2
362 2
363 2
364 2
365 2
366 2
367 2
368 2
369 2
370 2
371 2
372 2
373 2
374 2
375 2
376 2
377 2
378 2
379 2
380 2
381 2
382 2
383 2
384 2
385 2
386 2
387 2
388 2
389 2
390 2
391 2
392 2
393 2
394 2
395 2
396 2
397 2
398 2
399 2
400 2
401 2
402 2
403 2
404 2
405 2
406 2
407 2
408 2
409 2
410 2
411 2
412 2
413 2
414 2
415 2
416 2
417 2
418 2
419 2
420 2
421 2
422 2
423 2
424 2
425 2
426 2
427 2
428 2
429 2
430 2
431 2
432 2
433 2
434 2
435 2
436 2
437 2
438 2
439 2
440 2
441 2
442 2
443 2
444 2
445 2
446 2
447 2
448 2
449 2
450 2
451 2
452 2
453 2
454 2
455 2
456 2
457 2
458 2
459 2
460 2
461 2
462 2
463 2
464 2
465 2
466 2
467 2
468 2
469 2
470 2
471 2
472 2
473 2
474 2
475 2
476 2
477 2
478 2
479 2
480 2
481 2
482 2
483 2
484 2
485 2
486 2
487 2
488 2
489 2
490 2
491 2
492 2
493 2
494 2
495 2
496 2
497 2
498 2
499 2
500 2
501 2
502 2
503 2
504 2
505 2
506 2
507 2
508 2
509 2
510 2
511 2
512 2
513 2
514 2
515 2
516 5
517 14
518 14
519 14
520 14
521 14
522 14
523 14
524 14
525 14
526 14
527 14
528 14
529 14
530 14
531 14
532 14
533 14
534 14
535 14
536 14
537 14
538 14
539 14
540 14
541 14
542 14
543 14
544 14
545 14
546 14
547 14
548 14
549 14
550 14
551 14
552 14
553 14
554 14
555 14
556 14
557 14
558 14
559 14
560 14
561 14
562 14
563 14
564 14
565 14
566 14
567 14
568 14
569 14
570 14
571 14
572 14
573 14
574 14
575 14
576 14
577 14
578 14
579 14
580 14
581 14
582 14
583 14
584 14
585 14
586 14
587 14
588 14
589 14
590 14
591 14
592 14
593 14
594 14
595 14
596 14
597 14
598 14
599 14
600 14
601 14
602 14
603 14
604 14
605 14
606 14
607 14
608 14
609 14
610 14
611 14
612 14
613 14
614 14
615 14
616 14
617 14
618 14
619 14
620 14
621 14
622 14
623 14
624 14
625 14
626 14
627 14
628 14
629 14
630 14
631 14
632 14
633 14
634 14
635 14
636 14
637 14
638 14
639 14
640 14
641 14
642 14
643 14
644 14
645 14
646 14
647 14
648 14
649 14
650 14
651 14
652 14
653 14
654 14
655 14
656 14
657 14
658 14
659 14
660 14
661 14
662 14
663 14
664 14
665 14
666 14
667 14
668 14
669 14
670 14
671 14
672 14
673 14
674 14
675 14
676 14
677 14
678 14
679 14
680 14
681 14
682 14
683 14
684 14
685 14
686 14
687 14
688 14
689 14
690 14
691 14
692 14
693 14
694 14
695 14
696 14
697 14
698 14
699 14
700 14
701 14
702 14
703 14
704 14
705 14
706 14
707 14
708 14
709 14
710 14
711 14
712 14
713 14
714 14
715 14
716 14
717 14
718 14
719 14
720 14
721 14
722 14
723 14
724 14
725 14
726 14
727 14
728 14
729 14
730 14
731 14
732 14
733 14
734 14
735 14
736 14
737 14
738 14
739 14
740 14
741 14
742 14
743 14
744 14
745 14
746 14
747 14
748 14
749 14
750 14
751 14
752 14
753 14
754 14
755 14
756 14
757 14
758 14
759 14
760 14
761 14
762 14
763 14
764 14
765 14
766 14
767 14
768 14
769 14
770 14
771 14
772 14
773 14
774 14
775 14
776 14
777 14
778 14
779 14
780 14
781 14
782 14
783 14
784 14
785 14
786 14
787 14
788 14
789 14
790 14
791 14
792 14
793 14
794 14
795 14
796 14
797 14
798 14
799 14
800 14
801 14
802 14
803 14
804 14
805 14
806 14
807 14
808 14
809 14
810 14
811 14
812 14
813 14
814 14
815 14
816 14
817 14
818 14
819 14
820 14
821 14
822 14
823 14
824 14
825 14
826 14
827 14
828 14
829 14
830 14
831 14
832 14
833 14
834 14
835 14
836 14
837 14
838 14
839 14
840 14
841 14
842 14
843 14
844 14
845 14
846 14
847 14
848 14
849 14
850 14
851 14
852 14
853 14
854 14
855 14
856 14
857 14
858 14
859 14
860 14
861 14
862 14
863 14
864 14
865 14
866 14
867 14
868 14
869 14
870 14
871 14
872 14
873 14
874 14
875 14
876 14
877 14
878 14
879 14
880 14
881 14
882 14
883 14
884 14
885 14
886 14
887 14
888 14
889 14
890 14
891 14
892 14
893 14
894 14
895 14
896 14
897 14
898 14
899 14
900 14
901 14
902 14
903 14
904 14
905 14
906 14
907 14
908 14
909 14
910 14
911 14
912 14
913 14
914 14
915 14
916 14
917 14
918 14
919 14
920 14
921 14
922 14
923 14
924 14
925 14
926 14
927 14
928 14
929 14
930 14
931 14
932 14
933 14
934 14
935 14
936 14
937 14
938 14
939 14
940 14
941 14
942 14
943 14
944 14
945 14
946 14
947 14
948 14
949 14
950 14
951 14
952 14
953 14
954 14
955 14
956 14
957 14
958 14
959 14
960 14
961 14
962 14
963 14
964 14
965 14
966 14
967 14
968 14
969 14
970 14
971 14
972 14
973 14
974 14
975 14
976 14
977 14
978 14
979 14
980 14
981 14
982 14
983 14
984 14
985 14
986 14
987 14
988 14
989 14
990 14
991 14
992 14
993 14
994 14
995 14
996 14
997 14
998 14
999 14
1000 14
1001 14
1002 14
1003 14
1004 14
1005 14
1006 14
1007 14
1008 14
1009 14
1010 14
1011 14
1012 14
1013 14
1014 14
1015 14
1016 14
1017 14
1018 14
1019 14
1020 14
1021 14
1022 14
1023 14
1024 14
1025 14
1026 3145748
1027 12295
1028 6279187
1029 5
1030 5
1031 5
1032 5
1033 5
1034 5
1035 5
1036 5
1037 5
1038 5
1039 5
1040 5
1041 5
1042 5
1043 5
1044 5
1045 5
1046 5
1047 5
1048 5
1049 5
1050 5
1051 5
1052 5
1053 5
1054 5
1055 5
1056 5
1057 5
1058 5
1059 5
1060 5
1061 5
1062 5
1063 5
1064 5
1065 5
1066 5
1067 5
1068 5
1069 5
1070 5
1071 5
1072 5
1073 5
1074 5
1075 5
1076 5
1077 5
1078 5
1079 5
1080 5
1081 5
1082 5
1083 5
1084 5
1085 5
1086 5
1087 5
1088 5
1089 5
1090 5
1091 5
1092 5
1093 5
1094 5
1095 5
1096 5
1097 5
1098 5
1099 5
1100 5
1101 5
1102 5
1103 5
1104 5
1105 5
1106 5
1107 5
1108 5
1109 5
1110 5
1111 5
1112 5
1113 5
1114 5
1115 5
1116 5
1117 5
1118 5
1119 5
1120 5
1121 5
1122 5
1123 5
1124 5
1125 5
1126 5
1127 5
1128 5
1129 5
1130 5
1131 5
1132 5
1133 5
1134 5
1135 5
1136 5
1137 5
1138 5
1139 5
1140 5
1141 5
1142 5
1143 5
1144 5
1145 5
1146 5
1147 5
1148 5
1149 5
1150 5
1151 5
1152 5
1153 5
1154 5
1155 5
1156 5
1157 5
1158 5
1159 5
1160 5
1161 5
1162 5
1163 5
1164 5
1165 5
1166 5
1167 5
1168 5
1169 5
1170 5
1171 5
1172 5
1173 5
1174 5
1175 5
1176 5
1177 5
1178 5
1179 5
1180 5
1181 5
1182 5
1183 5
1184 5
1185 5
1186 5
1187 5
1188 5
1189 5
1190 5
1191 5
1192 5
1193 5
1194 5
1195 5
1196 5
1197 5
1198 5
1199 5
1200 5
1201 5
1202 5
1203 5
1204 5
1205 5
1206 5
1207 5
1208 5
1209 5
1210 5
1211 5
1212 5
1213 5
1214 5
1215 5
1216 5
1217 5
1218 5
1219 5
1220 5
1221 5
1222 5
1223 5
1224 5
1225 5
1226 5
1227 5
1228 5
1229 5
1230 5
1231 5
1232 5
1233 5
1234 5
1235 5
1236 5
1237 5
1238 5
1239 5
1240 5
1241 5
1242 5
1243 5
1244 5
1245 5
1246 5
1247 5
1248 5
1249 5
1250 5
1251 5
1252 5
1253 5
1254 5
1255 5
1256 5
1257 5
1258 5
1259 5
1260 5
1261 5
1262 5
1263 5
1264 5
1265 5
1266 5
1267 5
1268 5
1269 5
1270 5
1271 5
1272 5
1273 5
1274 5
1275 5
1276 5
1277 5
1278 5
1279 5
1280 5
1281 5
1282 5
1283 5
1284 5
1285 5
1286 5
1287 5
1288 5
1289 5
1290 5
1291 5
1292 5
1293 5
1294 5
1295 5
1296 5
1297 5
1298 5
1299 5
1300 5
1301 5
1302 5
1303 5
1304 5
1305 5
1306 5
1307 5
1308 5
1309 5
1310 5
1311 5
1312 5
1313 5
1314 5
1315 5
1316 5
1317 5
1318 5
1319 5
1320 5
1321 5
1322 5
1323 5
1324 5
1325 5
1326 5
1327 5
1328 5
1329 5
1330 5
1331 5
1332 5
1333 5
1334 5
1335 5
1336 5
1337 5
1338 5
1339 5
1340 5
1341 5
1342 5
1343 5
1344 5
1345 5
1346 5
1347 5
1348 5
1349 5
1350 5
1351 5
1352 5
1353 5
1354 5
1355 5
1356 5
1357 5
1358 5
1359 5
1360 5
1361 5
1362 5
1363 5
1364 5
1365 5
1366 5
1367 5
1368 5
1369 5
1370 5
1371 5
1372 5
1373 5
1374 5
1375 5
1376 5
1377 5
1378 5
1379 5
1380 5
1381 5
1382 5
1383 5
1384 5
1385 5
1386 5
1387 5
1388 5
1389 5
1390 5
1391 5
1392 5
1393 5
1394 5
1395 5
1396 5
1397 5
1398 5
1399 5
1400 5
1401 5
1402 5
1403 5
1404 5
1405 5
1406 5
1407 5
1408 5
1409 5
1410 5
1411 5
1412 5
1413 5
1414 5
1415 5
1416 5
1417 5
1418 5
1419 5
1420 5
1421 5
1422 5
1423 5
1424 5
1425 5
1426 5
1427 5
1428 5
1429 5
1430 5
1431 5
1432 5
1433 5
1434 5
1435 5
1436 5
1437 5
1438 5
1439 5
1440 5
1441 5
1442 5
1443 5
1444 5
1445 5
1446 5
1447 5
1448 5
1449 5
1450 5
1451 5
1452 5
1453 5
1454 5
1455 5
1456 5
1457 5
1458 5
1459 5
1460 5
1461 5
1462 5
1463 5
1464 5
1465 5
1466 5
1467 5
1468 5
1469 5
1470 5
1471 5
1472 5
1473 5
1474 5
1475 5
1476 5
1477 5
1478 5
1479 5
1480 5
1481 5
1482 5
1483 5
1484 5
1485 5
1486 5
1487 5
1488 5
1489 5
1490 5
1491 5
1492 5
1493 5
1494 5
1495 5
1496 5
1497 5
1498 5
1499 5
1500 5
1501 5
1502 5
1503 5
1504 5
1505 5
1506 5
1507 5
1508 5
1509 5
1510 5
1511 5
1512 5
1513 5
1514 5
1515 5
1516 5
1517 5
1518 5
1519 5
1520 5
1521 5
1522 5
1523 5
1524 5
1525 5
1526 5
1527 5
1528 5
1529 5
1530 5
1531 5
1532 5
1533 5
1534 5
1535 5
1536 5
1537 5
1538 5
1539 5
1540 5
1541 5
1542 5
1543 5
1544 5
1545 5
1546 5
1547 5
1548 5
1549 5
1550 5
1551 5
1552 5
1553 5
1554 5
1555 5
1556 5
1557 5
1558 5
1559 5
1560 5
1561 5
1562 5
1563 5
1564 5
1565 5
1566 5
1567 5
1568 5
1569 5
1570 5
1571 5
1572 5
1573 5
1574 5
1575 5
1576 5
1577 5
1578 5
1579 5
1580 5
1581 5
1582 5
1583 5
1584 5
1585 5
1586 5
1587 5
1588 5
1589 5
1590 5
1591 5
1592 5
1593 5
1594 5
1595 5
1596 5
1597 5
1598 5
1599 5
1600 5
1601 5
1602 5
1603 5
1604 5
1605 5
1606 5
1607 5
1608 5
1609 5
1610 5
1611 5
1612 5
1613 5
1614 5
1615 5
1616 5
1617 5
1618 5
1619 5
1620 5
1621 5
1622 5
1623 5
1624 5
1625 5
1626 5
1627 5
1628 5
1629 5
1630 5
1631 5
1632 5
1633 5
1634 5
1635 5
1636 5
1637 5
1638 5
1639 5
1640 5
1641 5
1642 5
1643 5
1644 5
1645 5
1646 5
1647 5
1648 5
1649 5
1650 5
1651 5
1652 5
1653 5
1654 5
1655 5
1656 5
1657 5
1658 5
1659 5
1660 5
1661 5
1662 5
1663 5
1664 5
1665 5
1666 5
1667 5
1668 5
1669 5
1670 5
1671 5
1672 5
1673 5
1674 5
1675 5
1676 5
1677 5
1678 5
1679 5
1680 5
1681 5
1682 5
1683 5
1684 5
1685 5
1686 5
1687 5
1688 5
1689 5
1690 5
1691 5
1692 5
1693 5
1694 5
1695 5
1696 5
1697 5
1698 5
1699 5
1700 5
1701 5
1702 5
1703 5
1704 5
1705 5
1706 5
1707 5
1708 5
1709 5
1710 5
1711 5
1712 5
1713 5
1714 5
1715 5
1716 5
1717 5
1718 5
1719 5
1720 5
1721 5
1722 5
1723 5
1724 5
1725 5
1726 5
1727 5
1728 5
1729 5
1730 5
1731 5
1732 5
1733 5
1734 5
1735 5
1736 5
1737 5
1738 5
1739 5
1740 5
1741 5
1742 5
1743 5
1744 5
1745 5
1746 5
1747 5
1748 5
1749 5
1750 5
1751 5
1752 5
1753 5
1754 5
1755 5
1756 5
1757 5
1758 5
1759 5
1760 5
1761 5
1762 5
1763 5
1764 5
1765 5
1766 5
1767 5
1768 5
1769 5
1770 5
1771 5
1772 5
1773 5
1774 5
1775 5
1776 5
1777 5
1778 5
1779 5
1780 5
1781 5
1782 5
1783 5
1784 5
1785 5
1786 5
1787 5
1788 5
1789 5
1790 5
1791 5
1792 5
1793 5
1794 5
1795 5
1796 5
1797 5
1798 5
1799 5
1800 5
1801 5
1802 5
1803 5
1804 5
1805 5
1806 5
1807 5
1808 5
1809 5
1810 5
1811 5
1812 5
1813 5
1814 5
1815 5
1816 5
1817 5
1818 5
1819 5
1820 5
1821 5
1822 5
1823 5
1824 5
1825 5
1826 5
1827 5
1828 5
1829 5
1830 5
1831 5
1832 5
1833 5
1834 5
1835 5
1836 5
1837 5
1838 5
1839 5
1840 5
1841 5
1842 5
1843 5
1844 5
1845 5
1846 5
1847 5
1848 5
1849 5
1850 5
1851 5
1852 5
1853 5
1854 5
1855 5
1856 5
1857 5
1858 5
1859 5
1860 5
1861 5
1862 5
1863 5
1864 5
1865 5
1866 5
1867 5
1868 5
1869 5
1870 5
1871 5
1872 5
1873 5
1874 5
1875 5
1876 5
1877 5
1878 5
1879 5
1880 5
1881 5
1882 5
1883 5
1884 5
1885 5
1886 5
1887 5
1888 5
1889 5
1890 5
1891 5
1892 5
1893 5
1894 5
1895 5
1896 5
1897 5
1898 5
1899 5
1900 5
1901 5
1902 5
1903 5
1904 5
1905 5
1906 5
1907 5
1908 5
1909 5
1910 5
1911 5
1912 5
1913 5
1914 5
1915 5
1916 5
1917 5
1918 5
1919 5
1920 5
1921 5
1922 5
1923 5
1924 5
1925 5
1926 5
1927 5
1928 5
1929 5
1930 5
1931 5
1932 5
1933 5
1934 5
1935 5
1936 5
1937 5
1938 5
1939 5
1940 5
1941 5
1942 5
1943 5
1944 5
1945 5
1946 5
1947 5
1948 5
1949 5
1950 5
1951 5
1952 5
1953 5
1954 5
1955 5
1956 5
1957 5
1958 5
1959 5
1960 5
1961 5
1962 5
1963 5
1964 5
1965 5
1966 5
1967 5
1968 5
1969 5
1970 5
1971 5
1972 5
1973 5
1974 5
1975 5
1976 5
1977 5
1978 5
1979 5
1980 5
1981 5
1982 5
1983 5
1984 5
1985 5
1986 5
1987 5
1988 5
1989 5
1990 5
1991 5
1992 5
1993 5
1994 5
1995 5
1996 5
1997 5
1998 5
1999 5
2000 5
2001 5
2002 5
2003 5
2004 5
2005 5
2006 5
2007 5
2008 5
2009 5
2010 5
2011 5
2012 5
2013 5
2014 5
2015 5
2016 5
2017 5
2018 5
2019 5
2020 5
2021 5
2022 5
2023 5
2024 5
2025 5
2026 5
2027 5
2028 5
2029 5
2030 5
2031 5
2032 5
2033 5
2034 5
2035 7
2036 6285328
2037 16
2038 18
2039 16
2040 18
2041 16
2042 18
2043 9
2044 6
2045 4
2046 6
2047 4
2048 1046534
2049 536345104
2050 1609561126
2051 7
2052 8
2053 8
2054 9
2055 7
2056 8
2057 8
2058 9
2059 7
2060 8
2061 8
2062 9
2063 7
2064 8
2065 8
2066 9
2067 7
2068 8
2069 8
2070 9
2071 7
2072 8
2073 8
2074 9
2075 7
2076 8
2077 8
2078 9
2079 7
2080 8
2081 8
2082 9
2083 7
2084 8
2085 8
2086 9
2087 7
2088 8
2089 8
2090 9
2091 7
2092 8
2093 8
2094 9
2095 7
2096 8
2097 8
2098 9
2099 7
2100 8
2101 8
2102 9
2103 7
2104 8
2105 8
2106 9
2107 7
2108 8
2109 8
2110 9
2111 7
2112 8
2113 8
2114 9
2115 7
2116 8
2117 8
2118 9
2119 7
2120 8
2121 8
2122 9
2123 7
2124 8
2125 8
2126 9
2127 7
2128 8
2129 8
2130 9
2131 7
2132 8
2133 8
2134 9
2135 7
2136 8
2137 8
2138 9
2139 7
2140 8
2141 8
2142 9
2143 7
2144 8
2145 8
2146 9
2147 7
2148 8
2149 8
2150 9
2151 7
2152 8
2153 8
2154 9
2155 7
2156 8
2157 8
2158 9
2159 7
2160 8
2161 8
2162 9
2163 7
2164 8
2165 8
2166 9
2167 7
2168 8
2169 8
2170 9
2171 7
2172 8
2173 8
2174 9
2175 7
2176 8
2177 8
2178 9
2179 7
2180 8
2181 8
2182 9
2183 7
2184 8
2185 8
2186 9
2187 7
2188 8
2189 8
2190 9
2191 7
2192 8
2193 8
2194 9
2195 7
2196 8
2197 8
2198 9
2199 7
2200 8
2201 8
2202 9
2203 7
2204 8
2205 8
2206 9
2207 7
2208 8
2209 8
2210 9
2211 7
2212 8
2213 8
2214 9
2215 7
2216 8
2217 8
2218 9
2219 7
2220 8
2221 8
2222 9
2223 7
2224 8
2225 8
2226 9
2227 7
2228 8
2229 8
2230 9
2231 7
2232 8
2233 8
2234 9
2235 7
2236 8
2237 8
2238 9
2239 7
2240 8
2241 8
2242 9
2243 7
2244 8
2245 8
2246 9
2247 7
2248 8
2249 8
2250 9
2251 7
2252 8
2253 8
2254 9
2255 7
2256 8
2257 8
2258 9
2259 7
2260 8
2261 8
2262 9
2263 7
2264 8
2265 8
2266 9
2267 7
2268 8
2269 8
2270 9
2271 7
2272 8
2273 8
2274 9
2275 7
2276 8
2277 8
2278 9
2279 7
2280 8
2281 8
2282 9
2283 7
2284 8
2285 8
2286 9
2287 7
2288 8
2289 8
2290 9
2291 7
2292 8
2293 8
2294 9
2295 7
2296 8
2297 8
2298 9
2299 7
2300 8
2301 8
2302 9
2303 7
2304 8
2305 8
2306 9
2307 7
2308 8
2309 8
2310 9
2311 7
2312 8
2313 8
2314 9
2315 7
2316 8
2317 8
2318 9
2319 7
2320 8
2321 8
2322 9
2323 7
2324 8
2325 8
2326 9
2327 7
2328 8
2329 8
2330 9
2331 7
2332 8
2333 8
2334 9
2335 7
2336 8
2337 8
2338 9
2339 7
2340 8
2341 8
2342 9
2343 7
2344 8
2345 8
2346 9
2347 7
2348 8
2349 8
2350 9
2351 7
2352 8
2353 8
2354 9
2355 7
2356 8
2357 8
2358 9
2359 7
2360 8
2361 8
2362 9
2363 7
2364 8
2365 8
2366 9
2367 7
2368 8
2369 8
2370 9
2371 7
2372 8
2373 8
2374 9
2375 7
2376 8
2377 8
2378 9
2379 7
2380 8
2381 8
2382 9
2383 7
2384 8
2385 8
2386 9
2387 7
2388 8
2389 8
2390 9
2391 7
2392 8
2393 8
2394 9
2395 7
2396 8
2397 8
2398 9
2399 7
2400 8
2401 8
2402 9
2403 7
2404 8
2405 8
2406 9
2407 7
2408 8
2409 8
2410 9
2411 7
2412 8
2413 8
2414 9
2415 7
2416 8
2417 8
2418 9
2419 7
2420 8
2421 8
2422 9
2423 7
2424 8
2425 8
2426 9
2427 7
2428 8
2429 8
2430 9
2431 7
2432 8
2433 8
2434 9
2435 7
2436 8
2437 8
2438 9
2439 7
2440 8
2441 8
2442 9
2443 7
2444 8
2445 8
2446 9
2447 7
2448 8
2449 8
2450 9
2451 7
2452 8
2453 8
2454 9
2455 7
2456 8
2457 8
2458 9
2459 7
2460 8
2461 8
2462 9
2463 7
2464 8
2465 8
2466 9
2467 7
2468 8
2469 8
2470 9
2471 7
2472 8
2473 8
2474 9
2475 7
2476 8
2477 8
2478 9
2479 7
2480 8
2481 8
2482 9
2483 7
2484 8
2485 8
2486 9
2487 7
2488 8
2489 8
2490 9
2491 7
2492 8
2493 8
2494 9
2495 7
2496 8
2497 8
2498 9
2499 7
2500 8
2501 8
2502 9
2503 7
2504 8
2505 8
2506 9
2507 7
2508 8
2509 8
2510 9
2511 7
2512 8
2513 8
2514 9
2515 7
2516 8
2517 8
2518 9
2519 7
2520 8
2521 8
2522 9
2523 7
2524 8
2525 8
2526 9
2527 7
2528 8
2529 8
2530 9
2531 7
2532 8
2533 8
2534 9
2535 7
2536 8
2537 8
2538 9
2539 7
2540 8
2541 8
2542 9
2543 7
2544 8
2545 8
2546 9
2547 7
2548 8
2549 8
2550 9
2551 7
2552 8
2553 8
2554 9
2555 7
2556 8
2557 8
2558 9
2559 7
2560 8
2561 8
2562 9
2563 7
2564 8
2565 8
2566 9
2567 7
2568 8
2569 8
2570 9
2571 7
2572 8
2573 8
2574 9
2575 7
2576 8
2577 8
2578 9
2579 7
2580 8
2581 8
2582 9
2583 7
2584 8
2585 8
2586 9
2587 7
2588 8
2589 8
2590 9
2591 7
2592 8
2593 8
2594 9
2595 7
2596 8
2597 8
2598 9
2599 7
2600 8
2601 8
2602 9
2603 7
2604 8
2605 8
2606 9
2607 7
2608 8
2609 8
2610 9
2611 7
2612 8
2613 8
2614 9
2615 7
2616 8
2617 8
2618 9
2619 7
2620 8
2621 8
2622 9
2623 7
2624 8
2625 8
2626 9
2627 7
2628 8
2629 8
2630 9
2631 7
2632 8
2633 8
2634 9
2635 7
2636 8
2637 8
2638 9
2639 7
2640 8
2641 8
2642 9
2643 7
2644 8
2645 8
2646 9
2647 7
2648 8
2649 8
2650 9
2651 7
2652 8
2653 8
2654 9
2655 7
2656 8
2657 8
2658 9
2659 7
2660 8
2661 8
2662 9
2663 7
2664 8
2665 8
2666 9
2667 7
2668 8
2669 8
2670 9
2671 7
2672 8
2673 8
2674 9
2675 7
2676 8
2677 8
2678 9
2679 7
2680 8
2681 8
2682 9
2683 7
2684 8
2685 8
2686 9
2687 7
2688 8
2689 8
2690 9
2691 7
2692 8
2693 8
2694 9
2695 7
2696 8
2697 8
2698 9
2699 7
2700 8
2701 8
2702 9
2703 7
2704 8
2705 8
2706 9
2707 7
2708 8
2709 8
2710 9
2711 7
2712 8
2713 8
2714 9
2715 7
2716 8
2717 7
2718 4
