1 0
2 1
3 1
4 1
5 1
6 1
7 1
8 1
9 1
10 1
11 1
12 1
13 1
14 1
15 1
16 1
17 1
18 1
19 1
20 1
21 1
22 1
23 1
24 1
25 1
26 1
27 1
28 1
29 1
30 1
31 1
32 1
33 1
34 1
35 1
36 1
37 1
38 1
39 1
40 1
41 1
42 1
43 1
44 1
45 1
46 1
47 1
48 1
49 1
50 1
51 1
52 1
53 1
54 1
55 1
56 1
57 1
58 1
59 1
60 1
61 1
62 1
63 1
64 1
65 1
66 1
67 1
68 1
69 1
70 1
71 1
72 1
73 1
74 1
75 1
76 1
77 1
78 1
79 1
80 1
81 1
82 1
83 1
84 1
85 1
86 1
87 1
88 1
89 1
90 1
91 1
92 1
93 1
94 1
95 1
96 1
97 1
98 1
99 1
100 1
101 1
102 1
103 1
104 1
105 1
106 1
107 1
108 1
109 1
110 1
111 1
112 1
113 1
114 1
115 1
116 1
117 1
118 1
119 1
120 1
121 1
122 1
123 1
124 1
125 1
126 1
127 1
128 1
129 1
130 1
131 1
132 1
133 1
134 1
135 1
136 1
137 1
138 1
139 1
140 1
141 1
142 1
143 1
144 1
145 1
146 1
147 1
148 1
149 1
150 1
151 1
152 1
153 1
154 1
155 1
156 1
157 1
158 1
159 1
160 1
161 1
162 1
163 1
164 1
165 1
166 1
167 1
168 1
169 1
170 1
171 1
172 1
173 1
174 1
175 1
176 1
177 1
178 1
179 1
180 1
181 1
182 1
183 1
184 1
185 1
186 1
187 1
188 1
189 1
190 1
191 1
192 1
193 1
194 1
195 1
196 1
197 1
198 1
199 1
200 1
201 1
202 1
203 1
204 1
205 1
206 1
207 1
208 1
209 1
210 1
211 1
212 1
213 1
214 1
215 1
216 1
217 1
218 1
219 1
220 1
221 1
222 1
223 1
224 1
225 1
226 1
227 1
228 1
229 1
230 1
231 1
232 1
233 1
234 1
235 1
236 1
237 1
238 1
239 1
240 1
241 1
242 1
243 1
244 1
245 1
246 1
247 1
248 1
249 1
250 1
251 1
252 1
253 1
254 1
255 1
256 1
257 1
258 1
259 1
260 1
261 1
262 1
263 1
264 1
265 1
266 1
267 1
268 1
269 1
270 1
271 1
272 1
273 1
274 1
275 1
276 1
277 1
278 1
279 1
280 1
281 1
282 1
283 1
284 1
285 1
286 1
287 1
288 1
289 1
290 1
291 1
292 1
293 1
294 1
295 1
296 1
297 1
298 1
299 1
300 1
301 1
302 1
303 1
304 1
305 1
306 1
307 1
308 1
309 1
310 1
311 1
312 1
313 1
314 1
315 1
316 1
317 1
318 1
319 1
320 1
321 1
322 1
323 1
324 1
325 1
326 1
327 1
328 1
329 1
330 1
331 1
332 1
333 1
334 1
335 1
336 1
337 1
338 1
339 1
340 1
341 1
342 1
343 1
344 1
345 1
346 1
347 1
348 1
349 1
350 1
351 1
352 1
353 1
354 1
355 1
356 1
357 1
358 1
359 1
360 1
361 1
362 1
363 1
364 1
365 1
366 1
367 1
368 1
369 1
370 1
371 1
372 1
373 1
374 1
375 1
376 1
377 1
378 1
379 1
380 1
381 1
382 1
383 1
384 1
385 1
386 1
387 1
388 1
389 1
390 1
391 1
392 1
393 1
394 1
395 1
396 1
397 1
398 1
399 1
400 1
401 1
402 1
403 1
404 1
405 1
406 1
407 1
408 1
409 1
410 1
411 1
412 1
413 1
414 1
415 1
416 1
417 1
418 1
419 1
420 1
421 1
422 1
423 1
424 1
425 1
426 1
427 1
428 1
429 1
430 1
431 1
432 1
433 1
434 1
435 1
436 1
437 1
438 1
439 1
440 1
441 1
442 1
443 1
444 1
445 1
446 1
447 1
448 1
449 1
450 1
451 1
452 1
453 1
454 1
455 1
456 1
457 1
458 1
459 1
460 1
461 1
462 1
463 1
464 1
465 1
466 1
467 1
468 1
469 1
470 1
471 1
472 1
473 1
474 1
475 1
476 1
477 1
478 1
479 1
480 1
481 1
482 1
483 1
484 1
485 1
486 1
487 1
488 1
489 1
490 1
491 1
492 1
493 1
494 1
495 1
496 1
497 1
498 1
499 1
500 1
501 1
502 1
503 1
504 1
505 1
506 1
507 1
508 1
509 1
510 1
511 1
512 1
513 1
514 1
515 1
516 1
517 1
518 1
519 1
520 1
521 1
522 1
523 1
524 1
525 1
526 1
527 1
528 1
529 1
530 1
531 1
532 1
533 1
534 1
535 1
536 1
537 1
538 1
539 1
540 1
541 1
542 1
543 1
544 1
545 1
546 1
547 1
548 1
549 1
550 1
551 1
552 1
553 1
554 1
555 1
556 1
557 1
558 1
559 1
560 1
561 1
562 1
563 1
564 1
565 1
566 1
567 1
568 1
569 1
570 1
571 1
572 1
573 1
574 1
575 1
576 1
577 1
578 1
579 1
580 1
581 1
582 1
583 1
584 1
585 1
586 1
587 1
588 1
589 1
590 1
591 1
592 1
593 1
594 1
595 1
596 1
597 1
598 1
599 1
600 1
601 1
602 1
603 1
604 1
605 1
606 1
607 1
608 1
609 1
610 1
611 1
612 1
613 1
614 1
615 1
616 1
617 1
618 1
619 1
620 1
621 1
622 1
623 1
624 1
625 1
626 1
627 1
628 1
629 1
630 1
631 1
632 1
633 1
634 1
635 1
636 1
637 1
638 1
639 1
640 1
641 1
642 1
643 1
644 1
645 1
646 1
647 1
648 1
649 1
650 1
651 1
652 1
653 1
654 1
655 1
656 1
657 1
658 1
659 1
660 1
661 1
662 1
663 1
664 1
665 1
666 1
667 1
668 1
669 1
670 1
671 1
672 1
673 1
674 1
675 1
676 1
677 1
678 1
679 1
680 1
681 1
682 1
683 1
684 1
685 1
686 1
687 1
688 1
689 1
690 1
691 1
692 1
693 1
694 1
695 1
696 1
697 1
698 1
699 1
700 1
701 1
702 1
703 1
704 1
705 1
706 1
707 1
708 1
709 1
710 1
711 1
712 1
713 1
714 1
715 1
716 1
717 1
718 1
719 1
720 1
721 1
722 1
723 1
724 1
725 1
726 1
727 1
728 1
729 1
730 1
731 1
732 1
733 1
734 1
735 1
736 1
737 1
738 1
739 1
740 1
741 1
742 1
743 1
744 1
745 1
746 1
747 1
748 1
749 1
750 1
751 1
752 1
753 1
754 1
755 1
756 1
757 1
758 1
759 1
760 1
761 1
762 1
763 1
764 1
765 1
766 1
767 1
768 1
769 1
770 1
771 1
772 1
773 1
774 1
775 1
776 1
777 1
778 1
779 1
780 1
781 1
782 1
783 1
784 1
785 1
786 1
787 1
788 1
789 1
790 1
791 1
792 1
793 1
794 1
795 1
796 1
797 1
798 1
799 1
800 1
801 1
802 1
803 1
804 1
805 1
806 1
807 1
808 1
809 1
810 1
811 1
812 1
813 1
814 1
815 1
816 1
817 1
818 1
819 1
820 1
821 1
822 1
823 1
824 1
825 1
826 1
827 1
828 1
829 1
830 1
831 1
832 1
833 1
834 1
835 1
836 1
837 1
838 1
839 1
840 1
841 1
842 1
843 1
844 1
845 1
846 1
847 1
848 1
849 1
850 1
851 1
852 1
853 1
854 1
855 1
856 1
857 1
858 1
859 1
860 1
861 1
862 1
863 1
864 1
865 1
866 1
867 1
868 1
869 1
870 1
871 1
872 1
873 1
874 1
875 1
876 1
877 1
878 1
879 1
880 1
881 1
882 1
883 1
884 1
885 1
886 1
887 1
888 1
889 1
890 1
891 1
892 1
893 1
894 1
895 1
896 1
897 1
898 1
899 1
900 1
901 1
902 1
903 1
904 1
905 1
906 1
907 1
908 1
909 1
910 1
911 1
912 1
913 1
914 1
915 1
916 1
917 1
918 1
919 1
920 1
921 1
922 1
923 1
924 1
925 1
926 1
927 1
928 1
929 1
930 1
931 1
932 1
933 1
934 1
935 1
936 1
937 1
938 1
939 1
940 1
941 1
942 1
943 1
944 1
945 1
946 1
947 1
948 1
949 1
950 1
951 1
952 1
953 1
954 1
955 1
956 1
957 1
958 1
959 1
960 1
961 1
962 1
963 1
964 1
965 1
966 1
967 1
968 1
969 1
970 1
971 1
972 1
973 1
974 1
975 1
976 1
977 1
978 1
979 1
980 1
981 1
982 1
983 1
984 1
985 1
986 1
987 1
988 1
989 1
990 1
991 1
992 1
993 1
994 1
995 1
996 1
997 1
998 1
999 1
1000 1
1001 1
1002 1
1003 1
1004 1
1005 1
1006 1
1007 1
1008 1
1009 1
1010 1
1011 1
1012 1
1013 1
1014 1
1015 1
1016 1
1017 1
1018 1
1019 1
1020 1
1021 1
1022 1
1023 1
1024 1
1025 1
1026 1571328
1027 3145726
1028 3665409
1029 1048576
1030 3142656
1031 1572352
1032 2095104
1033 2096128
1034 1571328
1035 2619904
1036 2095104
1037 1572352
1038 2618880
1039 1048576
1040 3142656
1041 1572352
1042 2095104
1043 2096128
1044 1571328
1045 2619904
1046 2095104
1047 1572352
1048 2618880
1049 1048576
1050 3142656
1051 1572352
1052 2095104
1053 2096128
1054 1571328
1055 2619904
1056 2095104
1057 1572352
1058 2618880
1059 1048576
1060 3142656
1061 1572352
1062 2095104
1063 2096128
1064 1571328
1065 2619904
1066 2095104
1067 1572352
1068 2618880
1069 1048576
1070 3142656
1071 1572352
1072 2095104
1073 2096128
1074 1571328
1075 2619904
1076 2095104
1077 1572352
1078 2618880
1079 1048576
1080 3142656
1081 1572352
1082 2095104
1083 2096128
1084 1571328
1085 2619904
1086 2095104
1087 1572352
1088 2618880
1089 1048576
1090 3142656
1091 1572352
1092 2095104
1093 2096128
1094 1571328
1095 2619904
1096 2095104
1097 1572352
1098 2618880
1099 1048576
1100 3142656
1101 1572352
1102 2095104
1103 2096128
1104 1571328
1105 2619904
1106 2095104
1107 1572352
1108 2618880
1109 1048576
1110 3142656
1111 1572352
1112 2095104
1113 2096128
1114 1571328
1115 2619904
1116 2095104
1117 1572352
1118 2618880
1119 1048576
1120 3142656
1121 1572352
1122 2095104
1123 2096128
1124 1571328
1125 2619904
1126 2095104
1127 1572352
1128 2618880
1129 1048576
1130 3142656
1131 1572352
1132 2095104
1133 2096128
1134 1571328
1135 2619904
1136 2095104
1137 1572352
1138 2618880
1139 1048576
1140 3142656
1141 1572352
1142 2095104
1143 2096128
1144 1571328
1145 2619904
1146 2095104
1147 1572352
1148 2618880
1149 1048576
1150 3142656
1151 1572352
1152 2095104
1153 2096128
1154 1571328
1155 2619904
1156 2095104
1157 1572352
1158 2618880
1159 1048576
1160 3142656
1161 1572352
1162 2095104
1163 2096128
1164 1571328
1165 2619904
1166 2095104
1167 1572352
1168 2618880
1169 1048576
1170 3142656
1171 1572352
1172 2095104
1173 2096128
1174 1571328
1175 2619904
1176 2095104
1177 1572352
1178 2618880
1179 1048576
1180 3142656
1181 1572352
1182 2095104
1183 2096128
1184 1571328
1185 2619904
1186 2095104
1187 1572352
1188 2618880
1189 1048576
1190 3142656
1191 1572352
1192 2095104
1193 2096128
1194 1571328
1195 2619904
1196 2095104
1197 1572352
1198 2618880
1199 1048576
1200 3142656
1201 1572352
1202 2095104
1203 2096128
1204 1571328
1205 2619904
1206 2095104
1207 1572352
1208 2618880
1209 1048576
1210 3142656
1211 1572352
1212 2095104
1213 2096128
1214 1571328
1215 2619904
1216 2095104
1217 1572352
1218 2618880
1219 1048576
1220 3142656
1221 1572352
1222 2095104
1223 2096128
1224 1571328
1225 2619904
1226 2095104
1227 1572352
1228 2618880
1229 1048576
1230 3142656
1231 1572352
1232 2095104
1233 2096128
1234 1571328
1235 2619904
1236 2095104
1237 1572352
1238 2618880
1239 1048576
1240 3142656
1241 1572352
1242 2095104
1243 2096128
1244 1571328
1245 2619904
1246 2095104
1247 1572352
1248 2618880
1249 1048576
1250 3142656
1251 1572352
1252 2095104
1253 2096128
1254 1571328
1255 2619904
1256 2095104
1257 1572352
1258 2618880
1259 1048576
1260 3142656
1261 1572352
1262 2095104
1263 2096128
1264 1571328
1265 2619904
1266 2095104
1267 1572352
1268 2618880
1269 1048576
1270 3142656
1271 1572352
1272 2095104
1273 2096128
1274 1571328
1275 2619904
1276 2095104
1277 1572352
1278 2618880
1279 1048576
1280 3142656
1281 1572352
1282 2095104
1283 2096128
1284 1571328
1285 2619904
1286 2095104
1287 1572352
1288 2618880
1289 1048576
1290 3142656
1291 1572352
1292 2095104
1293 2096128
1294 1571328
1295 2619904
1296 2095104
1297 1572352
1298 2618880
1299 1048576
1300 3142656
1301 1572352
1302 2095104
1303 2096128
1304 1571328
1305 2619904
1306 2095104
1307 1572352
1308 2618880
1309 1048576
1310 3142656
1311 1572352
1312 2095104
1313 2096128
1314 1571328
1315 2619904
1316 2095104
1317 1572352
1318 2618880
1319 1048576
1320 3142656
1321 1572352
1322 2095104
1323 2096128
1324 1571328
1325 2619904
1326 2095104
1327 1572352
1328 2618880
1329 1048576
1330 3142656
1331 1572352
1332 2095104
1333 2096128
1334 1571328
1335 2619904
1336 2095104
1337 1572352
1338 2618880
1339 1048576
1340 3142656
1341 1572352
1342 2095104
1343 2096128
1344 1571328
1345 2619904
1346 2095104
1347 1572352
1348 2618880
1349 1048576
1350 3142656
1351 1572352
1352 2095104
1353 2096128
1354 1571328
1355 2619904
1356 2095104
1357 1572352
1358 2618880
1359 1048576
1360 3142656
1361 1572352
1362 2095104
1363 2096128
1364 1571328
1365 2619904
1366 2095104
1367 1572352
1368 2618880
1369 1048576
1370 3142656
1371 1572352
1372 2095104
1373 2096128
1374 1571328
1375 2619904
1376 2095104
1377 1572352
1378 2618880
1379 1048576
1380 3142656
1381 1572352
1382 2095104
1383 2096128
1384 1571328
1385 2619904
1386 2095104
1387 1572352
1388 2618880
1389 1048576
1390 3142656
1391 1572352
1392 2095104
1393 2096128
1394 1571328
1395 2619904
1396 2095104
1397 1572352
1398 2618880
1399 1048576
1400 3142656
1401 1572352
1402 2095104
1403 2096128
1404 1571328
1405 2619904
1406 2095104
1407 1572352
1408 2618880
1409 1048576
1410 3142656
1411 1572352
1412 2095104
1413 2096128
1414 1571328
1415 2619904
1416 2095104
1417 1572352
1418 2618880
1419 1048576
1420 3142656
1421 1572352
1422 2095104
1423 2096128
1424 1571328
1425 2619904
1426 2095104
1427 1572352
1428 2618880
1429 1048576
1430 3142656
1431 1572352
1432 2095104
1433 2096128
1434 1571328
1435 2619904
1436 2095104
1437 1572352
1438 2618880
1439 1048576
1440 3142656
1441 1572352
1442 2095104
1443 2096128
1444 1571328
1445 2619904
1446 2095104
1447 1572352
1448 2618880
1449 1048576
1450 3142656
1451 1049599
1452 1572351
1453 1573375
1454 1571328
1455 1574398
1456 1572351
1457 1049599
1458 2618880
1459 1048576
1460 1574397
1461 1572352
1462 1572351
1463 1573375
1464 1571328
1465 1051645
1466 2617857
1467 1049599
1468 1573374
1469 1571329
1470 1574397
1471 1572352
1472 1572351
1473 1050622
1474 2616834
1475 1051645
1476 1572351
1477 1572352
1478 1573374
1479 1571329
1480 1574397
1481 1049599
1482 2617857
1483 1050622
1484 1571328
1485 1574398
1486 1572351
1487 1572352
1488 1573374
1489 1048576
1490 2619903
1491 1049599
1492 1572351
1493 1573375
1494 1571328
1495 1574398
1496 1572351
1497 1049599
1498 2618880
1499 1048576
1500 1574397
1501 1572352
1502 1572351
1503 1573375
1504 1571328
1505 1051645
1506 2617857
1507 1049599
1508 1573374
1509 1571329
1510 1574397
1511 1572352
1512 1572351
1513 1050622
1514 2616834
1515 1051645
1516 1572351
1517 1572352
1518 1573374
1519 1571329
1520 1574397
1521 1049599
1522 2617857
1523 1050622
1524 1571328
1525 1574398
1526 1572351
1527 1572352
1528 1573374
1529 1048576
1530 2619903
1531 1049599
1532 1572351
1533 1573375
1534 1571328
1535 1574398
1536 1572351
1537 1049599
1538 2618880
1539 1048576
1540 1574397
1541 1572352
1542 1572351
1543 1573375
1544 1571328
1545 1051645
1546 2617857
1547 1049599
1548 1573374
1549 1571329
1550 1574397
1551 1572352
1552 1572351
1553 1050622
1554 2616834
1555 1051645
1556 1572351
1557 1572352
1558 1573374
1559 1571329
1560 1574397
1561 1049599
1562 2617857
1563 1050622
1564 1571328
1565 1574398
1566 1572351
1567 1572352
1568 1573374
1569 1048576
1570 2619903
1571 1049599
1572 1572351
1573 1573375
1574 1571328
1575 1574398
1576 1572351
1577 1049599
1578 2618880
1579 1048576
1580 1574397
1581 1572352
1582 1572351
1583 1573375
1584 1571328
1585 1051645
1586 2617857
1587 1049599
1588 1573374
1589 1571329
1590 1574397
1591 1572352
1592 1572351
1593 1050622
1594 2616834
1595 1051645
1596 1572351
1597 1572352
1598 1573374
1599 1571329
1600 1574397
1601 1049599
1602 2617857
1603 1050622
1604 1571328
1605 1574398
1606 1572351
1607 1572352
1608 1573374
1609 1048576
1610 2619903
1611 1049599
1612 1572351
1613 1573375
1614 1571328
1615 1574398
1616 1572351
1617 1049599
1618 2618880
1619 1048576
1620 1574397
1621 1572352
1622 1572351
1623 1573375
1624 1571328
1625 1051645
1626 2617857
1627 1049599
1628 1573374
1629 1571329
1630 1574397
1631 1572352
1632 1572351
1633 1050622
1634 2616834
1635 1051645
1636 1572351
1637 1572352
1638 1573374
1639 1571329
1640 1574397
1641 1049599
1642 2617857
1643 1050622
1644 1571328
1645 1574398
1646 1572351
1647 1572352
1648 1573374
1649 1048576
1650 2619903
1651 1049599
1652 1572351
1653 1573375
1654 1571328
1655 1574398
1656 1572351
1657 1049599
1658 2618880
1659 1048576
1660 1574397
1661 1572352
1662 1572351
1663 1573375
1664 1571328
1665 1051645
1666 2617857
1667 1049599
1668 1573374
1669 1571329
1670 1574397
1671 1572352
1672 1572351
1673 1050622
1674 2616834
1675 1051645
1676 1572351
1677 1572352
1678 1573374
1679 1571329
1680 1574397
1681 1049599
1682 2617857
1683 1050622
1684 1571328
1685 1574398
1686 1572351
1687 1572352
1688 1573374
1689 1048576
1690 2619903
1691 1049599
1692 1572351
1693 1573375
1694 1571328
1695 1574398
1696 1572351
1697 1049599
1698 2618880
1699 1048576
1700 1574397
1701 1572352
1702 1572351
1703 1573377
1704 1571333
1705 1051649
1706 2617862
1707 1049603
1708 1573379
1709 1571333
1710 1574402
1711 1572356
1712 1572356
1713 1050626
1714 2616839
1715 1051649
1716 1572356
1717 1572356
1718 1573379
1719 1571333
1720 1574402
1721 1049603
1722 2617862
1723 1050626
1724 1571333
1725 1574402
1726 1572356
1727 1572356
1728 1573379
1729 1048580
1730 2619908
1731 1049603
1732 1572356
1733 1573379
1734 1571333
1735 1574402
1736 1572356
1737 1049603
1738 2618885
1739 1048580
1740 1574402
1741 1572356
1742 1572356
1743 1573379
1744 1571333
1745 1051649
1746 2617862
1747 1049603
1748 1573379
1749 1571333
1750 1574402
1751 1572356
1752 1572356
1753 1050626
1754 2616839
1755 1051649
1756 1572356
1757 1572356
1758 1573379
1759 1571333
1760 1574402
1761 1049603
1762 2617862
1763 1050626
1764 1571333
1765 1574402
1766 1572356
1767 1572356
1768 1573379
1769 1048580
1770 2619908
1771 1049603
1772 1572356
1773 1573379
1774 1571333
1775 1574402
1776 1572356
1777 1049603
1778 2618885
1779 1048580
1780 1574402
1781 1572356
1782 1572356
1783 1573379
1784 1571333
1785 1051649
1786 2617862
1787 1049603
1788 1573379
1789 1571333
1790 1574402
1791 1572356
1792 1572356
1793 1050626
1794 2616839
1795 1051649
1796 1572356
1797 1572356
1798 1573379
1799 1571333
1800 1574402
1801 1049603
1802 2617862
1803 1050626
1804 1571333
1805 1574402
1806 1572356
1807 1572356
1808 1573379
1809 1048580
1810 2619908
1811 1049603
1812 1572356
1813 1573379
1814 1571333
1815 1574402
1816 1572356
1817 1049603
1818 2618885
1819 1048580
1820 1574402
1821 1572356
1822 1572356
1823 1573379
1824 1571333
1825 1051649
1826 2617862
1827 1049603
1828 1573379
1829 1571333
1830 1574402
1831 1572356
1832 1572356
1833 1050626
1834 2616839
1835 1051649
1836 1572356
1837 1572356
1838 1573379
1839 1571333
1840 1574402
1841 1049603
1842 2617862
1843 1050626
1844 1571333
1845 1574402
1846 1572356
1847 1572356
1848 1573379
1849 1048580
1850 2619908
1851 1049603
1852 1572356
1853 1573379
1854 1571333
1855 1574402
1856 1572356
1857 1049603
1858 2618885
1859 1048580
1860 1574402
1861 1572356
1862 1572356
1863 1573379
1864 1571333
1865 1051649
1866 2617862
1867 1049603
1868 1573379
1869 1571333
1870 1574402
1871 1572356
1872 1572356
1873 1050626
1874 2616839
1875 1051649
1876 1572356
1877 1572356
1878 1573379
1879 1571333
1880 1574402
1881 1049603
1882 2617862
1883 1050626
1884 1571333
1885 1574402
1886 1572356
1887 1572356
1888 1573379
1889 1048580
1890 2619908
1891 1049603
1892 1572356
1893 1573379
1894 1571333
1895 1574402
1896 1572356
1897 1049603
1898 2618885
1899 1048580
1900 1574402
1901 1572356
1902 1572356
1903 1573379
1904 1571333
1905 1051649
1906 2617862
1907 1049603
1908 1573379
1909 1571333
1910 1574402
1911 1572356
1912 1572356
1913 1050626
1914 2616839
1915 1051649
1916 1572356
1917 1572356
1918 1573379
1919 1571333
1920 1574402
1921 1049603
1922 2617862
1923 1050626
1924 1571333
1925 1574402
1926 1572356
1927 1572356
1928 1573379
1929 1048580
1930 2619908
1931 1049603
1932 1572356
1933 1573379
1934 1571333
1935 1574402
1936 1572356
1937 1049603
1938 2618885
1939 1048580
1940 1574402
1941 1572356
1942 1572356
1943 1573379
1944 1571333
1945 1051649
1946 2617862
1947 1049603
1948 1573379
1949 1571333
1950 1574402
1951 1572356
1952 1572356
1953 1050626
1954 2616839
1955 1051649
1956 1572356
1957 1572356
1958 1573379
1959 1571333
1960 1574402
1961 1049603
1962 2617862
1963 1050626
1964 1571333
1965 1574402
1966 1572356
1967 1572356
1968 1573379
1969 1048580
1970 2619908
1971 1049603
1972 1572356
1973 1573379
1974 1571333
1975 1574402
1976 1572356
1977 1049603
1978 2618885
1979 1048580
1980 1574402
1981 1572356
1982 1572356
1983 1573379
1984 1571333
1985 1051649
1986 2617862
1987 1049603
1988 1573379
1989 1571333
1990 1574402
1991 1572356
1992 1572356
1993 1050626
1994 2616839
1995 1051649
1996 1572356
1997 1572356
1998 1573379
1999 1571333
2000 1574402
2001 1049603
2002 2617862
2003 1050626
2004 1571333
2005 1574402
2006 1572356
2007 1572356
2008 1573379
2009 1048580
2010 2619908
2011 1049603
2012 1572356
2013 1573379
2014 1571333
2015 1574402
2016 1572356
2017 1049603
2018 2618885
2019 1048580
2020 1574402
2021 1572356
2022 1572356
2023 1573379
2024 1571333
2025 1051649
2026 2617862
2027 1049603
2028 1573379
2029 1571333
2030 1574402
2031 1572356
2032 1572356
2033 1050626
2034 2616839
2035 1051649
2036 1572356
2037 1572356
2038 1573379
2039 1571333
2040 1574402
2041 1049603
2042 2617862
2043 1050626
2044 1571332
2045 1574398
2046 1572351
2047 1572352
2048 1573374
2049 1048576
2050 4718074
2051 1056755
2052 1580530
2053 1582576
2054 1579507
2055 1582576
2056 1581553
2057 1057777
2058 2628082
2059 1056754
2060 1582576
2061 1581553
2062 1580530
2063 1582576
2064 1579507
2065 1059823
2066 2627059
2067 1057777
2068 1582576
2069 1579507
2070 1582576
2071 1581553
2072 1580530
2073 1059823
2074 2625013
2075 1059823
2076 1581553
2077 1580530
2078 1582576
2079 1579507
2080 1582576
2081 1058800
2082 2626036
2083 1059823
2084 1579507
2085 1582576
2086 1581553
2087 1580530
2088 1582576
2089 1056754
2090 2628082
2091 1058800
2092 1580530
2093 1582576
2094 1579507
2095 1582576
2096 1581553
2097 1057777
2098 2628082
2099 1056754
2100 1582576
2101 1581553
2102 1580530
2103 1582576
2104 1579507
2105 1059823
2106 2627059
2107 1057777
2108 1582576
2109 1579507
2110 1582576
2111 1581553
2112 1580530
2113 1059823
2114 2625013
2115 1059823
2116 1581553
2117 1580530
2118 1582576
2119 1579507
2120 1582576
2121 1058800
2122 2626036
2123 1059823
2124 1579507
2125 1582576
2126 1581553
2127 1580530
2128 1582576
2129 1056754
2130 2628082
2131 1058800
2132 1580530
2133 1582576
2134 1579507
2135 1582576
2136 1581553
2137 1057777
2138 2628082
2139 1056754
2140 1582576
2141 1581553
2142 1580530
2143 1582576
2144 1579507
2145 1059823
2146 2627059
2147 1057777
2148 1582576
2149 1579507
2150 1582576
2151 1581553
2152 1580530
2153 1059823
2154 2625013
2155 1059823
2156 1581553
2157 1580530
2158 1582576
2159 1579507
2160 1582576
2161 1058800
2162 2626036
2163 1059823
2164 1579507
2165 1582576
2166 1581553
2167 1580530
2168 1582576
2169 1056754
2170 2628082
2171 1058800
2172 1580530
2173 1582576
2174 1579507
2175 1582576
2176 1581553
2177 1057777
2178 2628082
2179 1056754
2180 1582576
2181 1581553
2182 1580530
2183 1582576
2184 1579507
2185 1059823
2186 2627059
2187 1057777
2188 1582576
2189 1579507
2190 1582576
2191 1581553
2192 1580530
2193 1059823
2194 2625013
2195 1059823
2196 1581553
2197 1580530
2198 1582576
2199 1579507
2200 1582576
2201 1058800
2202 2626036
2203 1059823
2204 1579507
2205 1582576
2206 1581553
2207 1580530
2208 1582576
2209 1056754
2210 2628082
2211 1058800
2212 1580530
2213 1582576
2214 1579507
2215 1582576
2216 1581553
2217 1057777
2218 2628082
2219 1056754
2220 1582576
2221 1581553
2222 1580530
2223 1582576
2224 1579507
2225 1059823
2226 2627059
2227 1057777
2228 1582576
2229 1579507
2230 1582576
2231 1581553
2232 1580530
2233 1059823
2234 2625013
2235 1059823
2236 1581553
2237 1580530
2238 1582576
2239 1579507
2240 1582576
2241 1058800
2242 2626036
2243 1059823
2244 1579507
2245 1582576
2246 1581553
2247 1580530
2248 1582576
2249 1056754
2250 2628082
2251 1058800
2252 1580530
2253 1582576
2254 1579507
2255 1582576
2256 1581553
2257 1057777
2258 2628082
2259 1056754
2260 1582576
2261 1581553
2262 1580530
2263 1582576
2264 1579507
2265 1059823
2266 2627059
2267 1057777
2268 1582576
2269 1579507
2270 1582576
2271 1581553
2272 1580530
2273 1059823
2274 2625013
2275 1059823
2276 1581553
2277 1580530
2278 1582576
2279 1579507
2280 1582576
2281 1058800
2282 2626036
2283 1059823
2284 1579507
2285 1582576
2286 1581553
2287 1580530
2288 1582576
2289 1056754
2290 2628082
2291 1058800
2292 1580530
2293 1582576
2294 1579507
2295 1582576
2296 1581553
2297 1057777
2298 2628082
2299 1056754
2300 1582576
2301 1581553
2302 1582576
2303 1593829
2304 1596898
2305 1073122
2306 2632176
2307 1060849
2308 1583603
2309 1582580
2310 1582580
2311 1583603
2312 1582580
2313 1060850
2314 2628086
2315 1059827
2316 1583603
2317 1582580
2318 1583603
2319 1582580
2320 1582580
2321 1060850
2322 2628086
2323 1060850
2324 1582580
2325 1582580
2326 1583603
2327 1582580
2328 1583603
2329 1059827
2330 2628086
2331 1060850
2332 1582580
2333 1583603
2334 1582580
2335 1582580
2336 1583603
2337 1059827
2338 2629109
2339 1059827
2340 1582580
2341 1583603
2342 1582580
2343 1583603
2344 1582580
2345 1059827
2346 2629109
2347 1059827
2348 1583603
2349 1582580
2350 1582580
2351 1583603
2352 1582580
2353 1060850
2354 2628086
2355 1059827
2356 1583603
2357 1582580
2358 1583603
2359 1582580
2360 1582580
2361 1060850
2362 2628086
2363 1060850
2364 1582580
2365 1582580
2366 1583603
2367 1582580
2368 1583603
2369 1059827
2370 2628086
2371 1060850
2372 1582580
2373 1583603
2374 1582580
2375 1582580
2376 1583603
2377 1059827
2378 2629109
2379 1059827
2380 1582580
2381 1583603
2382 1582580
2383 1583603
2384 1582580
2385 1059827
2386 2629109
2387 1059827
2388 1583603
2389 1582580
2390 1582580
2391 1583603
2392 1582580
2393 2106356
2394 2628086
2395 1582580
2396 2106356
2397 2105333
2398 2106356
2399 2105333
2400 1582580
2401 2106356
2402 2628086
2403 2106356
2404 1582580
2405 2105333
2406 2106356
2407 2105333
2408 2106356
2409 1582580
2410 2628086
2411 2106356
2412 1582580
2413 2629109
2414 1582580
2415 2105333
2416 2106356
2417 1582580
2418 3151862
2419 1582580
2420 1582580
2421 2629109
2422 1582580
2423 2629109
2424 1582580
2425 1582580
2426 3151862
2427 1582580
2428 2106356
2429 2105333
2430 1582580
2431 2629109
2432 1582580
2433 2106356
2434 2628086
2435 1582580
2436 2106356
2437 2105333
2438 2106356
2439 2105333
2440 1582580
2441 2106356
2442 2628086
2443 2106356
2444 1582580
2445 2105333
2446 2106356
2447 2105333
2448 2106356
2449 1582580
2450 2628086
2451 2106356
2452 1582580
2453 2629109
2454 1582580
2455 2105333
2456 2106356
2457 1582580
2458 3151862
2459 1582580
2460 1582580
2461 2629109
2462 1582580
2463 2629109
2464 1582580
2465 1582580
2466 3151862
2467 1582580
2468 2106356
2469 2105333
2470 1582580
2471 2629109
2472 1582580
2473 2101241
2474 2614787
2475 1568258
2476 2091011
2477 2091011
2478 2091011
2479 2091011
2480 1568258
2481 2091011
2482 2613764
2483 2091011
2484 1568258
2485 2091011
2486 2091011
2487 2091011
2488 2091011
2489 1568258
2490 2613764
2491 2091011
2492 1568258
2493 2613764
2494 1568258
2495 2091011
2496 2091011
2497 1568258
2498 3136517
2499 1568258
2500 1568258
2501 2613764
2502 1568258
2503 2613764
2504 1568258
2505 1568258
2506 3136517
2507 1568258
2508 2091011
2509 2091011
2510 1568258
2511 2613764
2512 1568258
2513 2091011
2514 2613764
2515 1568258
2516 2091011
2517 2091011
2518 2091011
2519 2091011
2520 1568258
2521 2091011
2522 2613764
2523 2091011
2524 1568258
2525 2091011
2526 2091011
2527 2091011
2528 2091011
2529 1568258
2530 2613764
2531 2091011
2532 1568258
2533 2613764
2534 1568258
2535 2091011
2536 2091011
2537 1568258
2538 3136517
2539 1568258
2540 1568258
2541 2613764
2542 1568258
2543 2613764
2544 1568258
2545 1568258
2546 3136517
2547 1568258
2548 2091011
2549 2091011
2550 1568258
2551 2613764
2552 1568258
2553 2091011
2554 2613764
2555 1568258
2556 2091011
2557 2091011
2558 2091011
2559 2091011
2560 1568258
2561 2091011
2562 2613764
2563 2091011
2564 1568258
2565 2091011
2566 2091011
2567 2091011
2568 2091011
2569 1568258
2570 2613764
2571 2091011
2572 1568258
2573 2613764
2574 1568258
2575 2091011
2576 2091011
2577 1568258
2578 3136517
2579 1568258
2580 1568258
2581 2613764
2582 1568258
2583 2613764
2584 1568258
2585 1568258
2586 3136517
2587 1568258
2588 2091011
2589 2091011
2590 1568258
2591 2613764
2592 1568258
2593 2091011
2594 2613764
2595 1568258
2596 2091011
2597 2091011
2598 2091011
2599 2091011
2600 1568258
2601 2091011
2602 2613764
2603 2091011
2604 1568258
2605 2091011
2606 2091011
2607 2091011
2608 2091011
2609 1568258
2610 2613764
2611 2091011
2612 1568258
2613 2613764
2614 1568258
2615 2091011
2616 2091011
2617 1568258
2618 3136517
2619 1568258
2620 1568258
2621 2613764
2622 1568258
2623 2613764
2624 1568258
2625 1568258
2626 3136517
2627 1568258
2628 2091011
2629 2091011
2630 1568258
2631 2613764
2632 1568258
2633 2091011
2634 2613764
2635 1568258
2636 2091011
2637 2091011
2638 2091011
2639 2091011
2640 1568258
2641 2091011
2642 2613764
2643 2091011
2644 1568258
2645 2091011
2646 2091011
2647 2091011
2648 2091011
2649 1568258
2650 2613764
2651 2091011
2652 1568258
2653 2613764
2654 1568258
2655 2091011
2656 2091011
2657 1568258
2658 3136517
2659 1568258
2660 1568258
2661 2613764
2662 1568258
2663 2613764
2664 1568258
2665 1568258
2666 3136517
2667 1568258
2668 2091011
2669 2091011
2670 1568258
2671 2613764
2672 1568258
2673 2091011
2674 2613764
2675 1568258
2676 2091011
2677 2091011
2678 2091011
2679 2091011
2680 1568258
2681 2091011
2682 2613764
2683 2091011
2684 1568258
2685 2091011
2686 2091011
2687 2091011
2688 2091011
2689 1568258
2690 2613764
2691 2091011
2692 1568258
2693 2613764
2694 1568258
2695 2091011
2696 2091011
2697 1568258
2698 3136517
2699 1568258
2700 1568258
2701 2613764
2702 1568258
2703 2613764
2704 1568258
2705 1568258
2706 3136517
2707 1568258
2708 2091011
2709 2091011
2710 1568258
2711 2613764
2712 1568258
2713 2091011
2714 2613764
2715 1568258
2716 2091011
2717 2091011
2718 2091011
2719 2091011
2720 1568258
2721 2091011
2722 2613764
2723 2091011
2724 1568258
2725 2091011
2726 2091011
2727 2091011
2728 2091011
2729 1568258
2730 2613764
2731 2091011
2732 1568258
2733 2613764
2734 1568258
2735 2091011
2736 2091011
2737 1568258
2738 3136517
2739 1568258
2740 1568258
2741 2613764
2742 1568258
2743 2613764
2744 1568258
2745 1568258
2746 3136517
2747 1568258
2748 2091011
2749 2091011
2750 1568258
2751 2613764
2752 1568258
2753 2091011
2754 2613764
2755 1568258
2756 2091011
2757 2091011
2758 2091011
2759 2091011
2760 1568258
2761 2091011
2762 2613764
2763 2091011
2764 1568258
2765 2091011
2766 2091011
2767 2091011
2768 2091011
2769 1568258
2770 2613764
2771 2091011
2772 1568258
2773 2613764
2774 1568258
2775 2091011
2776 2091011
2777 1568258
2778 3136517
2779 1568258
2780 1568258
2781 2613764
2782 1568258
2783 2613764
2784 1568258
2785 1568258
2786 3136517
2787 1568258
2788 2091011
2789 2091011
2790 1568258
2791 2613764
2792 1568258
2793 2091011
2794 2613764
2795 1568258
2796 2091011
2797 2091011
2798 2091011
2799 2091011
2800 1568258
2801 2091011
2802 2613764
2803 2091011
2804 1568258
2805 2091011
2806 2091011
2807 2091011
2808 2091011
2809 1568258
2810 2613764
2811 2091011
2812 1568258
2813 2613764
2814 1568258
2815 2091011
2816 2091011
2817 2613764
2818 135393026
2819 266604029
2820 132779261
