1 0
2 2141724157
3 1610092540
4 5116
5 5116
6 5116
7 5116
8 5116
9 5116
10 5116
11 5116
12 5116
13 5116
14 5116
15 5116
16 5116
17 5116
18 5116
19 5116
20 5116
21 5116
22 5116
23 5116
24 5116
25 5116
26 5116
27 5116
28 5116
29 5116
30 5116
31 5116
32 5116
33 5116
34 5116
35 5116
36 5116
37 5116
38 5116
39 5116
40 5116
41 5116
42 5116
43 5116
44 5116
45 5116
46 5116
47 5116
48 5116
49 5116
50 5116
51 5116
52 5116
53 5116
54 5116
55 5116
56 5116
57 5116
58 5116
59 5116
60 5116
61 5116
62 5116
63 5116
64 5116
65 5116
66 5116
67 5116
68 5116
69 5116
70 5116
71 5116
72 5116
73 5116
74 5116
75 5116
76 5116
77 5116
78 5116
79 5116
80 5116
81 5116
82 5116
83 5116
84 5116
85 5116
86 5116
87 5116
88 5116
89 5116
90 5116
91 5116
92 5116
93 5116
94 5116
95 5116
96 5116
97 5116
98 5116
99 5116
100 5116
101 5116
102 5116
103 5116
104 5116
105 5116
106 5116
107 5116
108 5116
109 5116
110 5116
111 5116
112 5116
113 5116
114 5116
115 5116
116 5116
117 5116
118 5116
119 5116
120 5116
121 5116
122 5116
123 5116
124 5116
125 5116
126 5116
127 5116
128 5116
129 5116
130 5116
131 5116
132 5116
133 5116
134 5116
135 5116
136 5116
137 5116
138 5116
139 5116
140 5116
141 5116
142 5116
143 5116
144 5116
145 5116
146 5116
147 5116
148 5116
149 5116
150 5116
151 5116
152 5116
153 5116
154 5116
155 5116
156 5116
157 5116
158 5116
159 5116
160 5116
161 5116
162 5116
163 5116
164 5116
165 5116
166 5116
167 5116
168 5116
169 5116
170 5116
171 5116
172 5116
173 5116
174 5116
175 5116
176 5116
177 5116
178 5116
179 5116
180 5116
181 5116
182 5116
183 5116
184 5116
185 5116
186 5116
187 5116
188 5116
189 5116
190 5116
191 5116
192 5116
193 5116
194 5116
195 5116
196 5116
197 5116
198 5116
199 5116
200 5116
201 5116
202 5116
203 5116
204 5116
205 5116
206 5116
207 5116
208 5116
209 5116
210 5116
211 5116
212 5116
213 5116
214 5116
215 5116
216 5116
217 5116
218 5116
219 5116
220 5116
221 5116
222 5116
223 5116
224 5116
225 5116
226 5116
227 5116
228 5116
229 5116
230 5116
231 5116
232 5116
233 5116
234 5116
235 5116
236 5116
237 5116
238 5116
239 5116
240 5116
241 5116
242 5116
243 5116
244 5116
245 5116
246 5116
247 5116
248 5116
249 5116
250 5116
251 5116
252 5116
253 5116
254 5116
255 5116
256 5116
257 5116
258 5116
259 5116
260 5116
261 5116
262 5116
263 5116
264 5116
265 5116
266 5116
267 5116
268 5116
269 5116
270 5116
271 5116
272 5116
273 5116
274 5116
275 5116
276 5116
277 5116
278 5116
279 5116
280 5116
281 5116
282 5116
283 5116
284 5116
285 5116
286 5116
287 5116
288 5116
289 5116
290 5116
291 5116
292 5116
293 5116
294 5116
295 5116
296 5116
297 5116
298 5116
299 5116
300 5116
301 5116
302 5116
303 5116
304 5116
305 5116
306 5116
307 5116
308 5116
309 5116
310 5116
311 5116
312 5116
313 5116
314 5116
315 5116
316 5116
317 5116
318 5116
319 5116
320 5116
321 5116
322 5116
323 5116
324 5116
325 5116
326 5116
327 5116
328 5116
329 5116
330 5116
331 5116
332 5116
333 5116
334 5116
335 5116
336 5116
337 5116
338 5116
339 5116
340 5116
341 5116
342 5116
343 5116
344 5116
345 5116
346 5116
347 5116
348 5116
349 5116
350 5116
351 5116
352 5116
353 5116
354 5116
355 5116
356 5116
357 5116
358 5116
359 5116
360 5116
361 5116
362 5116
363 5116
364 5116
365 5116
366 5116
367 5116
368 5116
369 5116
370 5116
371 5116
372 5116
373 5116
374 5116
375 5116
376 5116
377 5116
378 5116
379 5116
380 5116
381 5116
382 5116
383 5116
384 5116
385 5116
386 5116
387 5116
388 5116
389 5116
390 5116
391 5116
392 5116
393 5116
394 5116
395 5116
396 5116
397 5116
398 5116
399 5116
400 5116
401 5116
402 5116
403 5116
404 5116
405 5116
406 5116
407 5116
408 5116
409 5116
410 5116
411 5116
412 5116
413 5116
414 5116
415 5116
416 5116
417 5116
418 5116
419 5116
420 5116
421 5116
422 5116
423 5116
424 5116
425 5116
426 5116
427 5116
428 5116
429 5116
430 5116
431 5116
432 5116
433 5116
434 5116
435 5116
436 5116
437 5116
438 5116
439 5116
440 5116
441 5116
442 5116
443 5116
444 5116
445 5116
446 5116
447 5116
448 5116
449 5116
450 5116
451 5116
452 5116
453 5116
454 5116
455 5116
456 5116
457 5116
458 5116
459 5116
460 5116
461 5116
462 5116
463 5116
464 5116
465 5116
466 5116
467 5116
468 5116
469 5116
470 5116
471 5116
472 5116
473 5116
474 5116
475 5116
476 5116
477 5116
478 5116
479 5116
480 5116
481 5116
482 5116
483 5116
484 5116
485 5116
486 5116
487 5116
488 5116
489 5116
490 5116
491 5116
492 5116
493 5116
494 5116
495 5116
496 5116
497 5116
498 5116
499 5116
500 5116
501 5116
502 5116
503 5116
504 5116
505 5116
506 5116
507 5116
508 5116
509 5116
510 5116
511 5116
512 5116
513 5116
514 5116
515 5116
516 5116
517 5116
518 5116
519 5116
520 5116
521 5116
522 5116
523 5116
524 5116
525 5116
526 5116
527 5116
528 5116
529 5116
530 5116
531 5116
532 5116
533 5116
534 5116
535 5116
536 5116
537 5116
538 5116
539 5116
540 5116
541 5116
542 5116
543 5116
544 5116
545 5116
546 5116
547 5116
548 5116
549 5116
550 5116
551 5116
552 5116
553 5116
554 5116
555 5116
556 5116
557 5116
558 5116
559 5116
560 5116
561 5116
562 5116
563 5116
564 5116
565 5116
566 5116
567 5116
568 5116
569 5116
570 5116
571 5116
572 5116
573 5116
574 5116
575 5116
576 5116
577 5116
578 5116
579 5116
580 5116
581 5116
582 5116
583 5116
584 5116
585 5116
586 5116
587 5116
588 5116
589 5116
590 5116
591 5116
592 5116
593 5116
594 5116
595 5116
596 5116
597 5116
598 5116
599 5116
600 5116
601 5116
602 5116
603 5116
604 5116
605 5116
606 5116
607 5116
608 5116
609 5116
610 5116
611 5116
612 5116
613 5116
614 5116
615 5116
616 5116
617 5116
618 5116
619 5116
620 5116
621 5116
622 5116
623 5116
624 5116
625 5116
626 5116
627 5116
628 5116
629 5116
630 5116
631 5116
632 5116
633 5116
634 5116
635 5116
636 5116
637 5116
638 5116
639 5116
640 5116
641 5116
642 5116
643 5116
644 5116
645 5116
646 5116
647 5116
648 5116
649 5116
650 5116
651 5116
652 5116
653 5116
654 5116
655 5116
656 5116
657 5116
658 5116
659 5116
660 5116
661 5116
662 5116
663 5116
664 5116
665 5116
666 5116
667 5116
668 5116
669 5116
670 5116
671 5116
672 5116
673 5116
674 5116
675 5116
676 5116
677 5116
678 5116
679 5116
680 5116
681 5116
682 5116
683 5116
684 5116
685 5116
686 5116
687 5116
688 5116
689 5116
690 5116
691 5116
692 5116
693 5116
694 5116
695 5116
696 5116
697 5116
698 5116
699 5116
700 5116
701 5116
702 5116
703 5116
704 5116
705 5116
706 5116
707 5116
708 5116
709 5116
710 5116
711 5116
712 5116
713 5116
714 5116
715 5116
716 5116
717 5116
718 5116
719 5116
720 5116
721 5116
722 5116
723 5116
724 5116
725 5116
726 5116
727 5116
728 5116
729 5116
730 5116
731 5116
732 5116
733 5116
734 5116
735 5116
736 5116
737 5116
738 5116
739 5116
740 5116
741 5116
742 5116
743 5116
744 5116
745 5116
746 5116
747 5116
748 5116
749 5116
750 5116
751 5116
752 5116
753 5116
754 5116
755 5116
756 5116
757 5116
758 5116
759 5116
760 5116
761 5116
762 5116
763 5116
764 5116
765 5116
766 5116
767 5116
768 5116
769 5116
770 5116
771 5116
772 5116
773 5116
774 5116
775 5116
776 5116
777 5116
778 5116
779 5116
780 5116
781 5116
782 5116
783 5116
784 5116
785 5116
786 5116
787 5116
788 5116
789 5116
790 5116
791 5116
792 5116
793 5116
794 5116
795 5116
796 5116
797 5116
798 5116
799 5116
800 5116
801 5116
802 5116
803 5116
804 5116
805 5116
806 5116
807 5116
808 5116
809 5116
810 5116
811 5116
812 5116
813 5116
814 5116
815 5116
816 5116
817 5116
818 5116
819 5116
820 5116
821 5116
822 5116
823 5116
824 5116
825 5116
826 5116
827 5116
828 5116
829 5116
830 5116
831 5116
832 5116
833 5116
834 5116
835 5116
836 5116
837 5116
838 5116
839 5116
840 5116
841 5116
842 5116
843 5116
844 5116
845 5116
846 5116
847 5116
848 5116
849 5116
850 5116
851 5116
852 5116
853 5116
854 5116
855 5116
856 5116
857 5116
858 5116
859 5116
860 5116
861 5116
862 5116
863 5116
864 5116
865 5116
866 5116
867 5116
868 5116
869 5116
870 5116
871 5116
872 5116
873 5116
874 5116
875 5116
876 5116
877 5116
878 5116
879 5116
880 5116
881 5116
882 5116
883 5116
884 5116
885 5116
886 5116
887 5116
888 5116
889 5116
890 5116
891 5116
892 5116
893 5116
894 5116
895 5116
896 5116
897 5116
898 5116
899 5116
900 5116
901 5116
902 5116
903 5116
904 5116
905 5116
906 5116
907 5116
908 5116
909 5116
910 5116
911 5116
912 5116
913 5116
914 5116
915 5116
916 5116
917 5116
918 5116
919 5116
920 5116
921 5116
922 5116
923 5116
924 5116
925 5116
926 5116
927 5116
928 5116
929 5116
930 5116
931 5116
932 5116
933 5116
934 5116
935 5116
936 5116
937 5116
938 5116
939 5116
940 5116
941 5116
942 5116
943 5116
944 5116
945 5116
946 5116
947 5116
948 5116
949 5116
950 5116
951 5116
952 5116
953 5116
954 5116
955 5116
956 5116
957 5116
958 5116
959 5116
960 5116
961 5116
962 5116
963 5116
964 5116
965 5116
966 5116
967 5116
968 5116
969 5116
970 5116
971 5116
972 5116
973 5116
974 5116
975 5116
976 5116
977 5116
978 5116
979 5116
980 5116
981 5116
982 5116
983 5116
984 5116
985 5116
986 5116
987 5116
988 5116
989 5116
990 5116
991 5116
992 5116
993 5116
994 5116
995 5116
996 5116
997 5116
998 5116
999 5116
1000 5116
1001 5116
1002 5116
1003 5116
1004 5116
1005 5116
1006 5116
1007 5116
1008 5116
1009 5116
1010 5116
1011 5116
1012 5116
1013 5116
1014 5116
1015 5116
1016 5116
1017 5116
1018 5116
1019 5116
1020 5116
1021 5116
1022 5116
1023 11260
1024 14332
1025 14332
1026 10238
1027 10238
1028 9215
1029 9215
1030 9215
1031 9215
1032 9215
1033 9215
1034 9215
1035 9215
1036 9215
1037 9215
1038 9215
1039 9215
1040 9215
1041 9215
1042 9215
1043 9215
1044 9215
1045 9215
1046 9215
1047 9215
1048 9215
1049 9215
1050 9215
1051 9215
1052 9215
1053 9215
1054 9215
1055 9215
1056 9215
1057 9215
1058 9215
1059 9215
1060 9215
1061 9215
1062 9215
1063 9215
1064 9215
1065 9215
1066 9215
1067 9215
1068 9215
1069 9215
1070 9215
1071 9215
1072 9215
1073 9215
1074 9215
1075 9215
1076 9215
1077 9215
1078 9215
1079 9215
1080 9215
1081 9215
1082 9215
1083 9215
1084 9215
1085 9215
1086 9215
1087 9215
1088 9215
1089 9215
1090 9215
1091 9215
1092 9215
1093 9215
1094 9215
1095 9215
1096 9215
1097 9215
1098 9215
1099 9215
1100 9215
1101 9215
1102 9215
1103 9215
1104 9215
1105 9215
1106 9215
1107 9215
1108 9215
1109 9215
1110 9215
1111 9215
1112 9215
1113 9215
1114 9215
1115 9215
1116 9215
1117 9215
1118 9215
1119 9215
1120 9215
1121 9215
1122 9215
1123 9215
1124 9215
1125 9215
1126 9215
1127 9215
1128 9215
1129 9215
1130 9215
1131 9215
1132 9215
1133 9215
1134 9215
1135 9215
1136 9215
1137 9215
1138 9215
1139 9215
1140 9215
1141 9215
1142 9215
1143 9215
1144 9215
1145 9215
1146 9215
1147 9215
1148 9215
1149 9215
1150 9215
1151 9215
1152 9215
1153 9215
1154 9215
1155 9215
1156 9215
1157 9215
1158 9215
1159 9215
1160 9215
1161 9215
1162 9215
1163 9215
1164 9215
1165 9215
1166 9215
1167 9215
1168 9215
1169 9215
1170 9215
1171 9215
1172 9215
1173 9215
1174 9215
1175 9215
1176 9215
1177 9215
1178 9215
1179 9215
1180 9215
1181 9215
1182 9215
1183 9215
1184 9215
1185 9215
1186 9215
1187 9215
1188 9215
1189 9215
1190 9215
1191 9215
1192 9215
1193 9215
1194 9215
1195 9215
1196 9215
1197 9215
1198 9215
1199 9215
1200 9215
1201 9215
1202 9215
1203 9215
1204 9215
1205 9215
1206 9215
1207 9215
1208 9215
1209 9215
1210 9215
1211 9215
1212 9215
1213 9215
1214 9215
1215 9215
1216 9215
1217 9215
1218 9215
1219 9215
1220 9215
1221 9215
1222 9215
1223 9215
1224 9215
1225 9215
1226 9215
1227 9215
1228 9215
1229 9215
1230 9215
1231 9215
1232 9215
1233 9215
1234 9215
1235 9215
1236 9215
1237 9215
1238 9215
1239 9215
1240 9215
1241 9215
1242 9215
1243 9215
1244 9215
1245 9215
1246 9215
1247 9215
1248 9215
1249 9215
1250 9215
1251 9215
1252 9215
1253 9215
1254 9215
1255 9215
1256 9215
1257 9215
1258 9215
1259 9215
1260 9215
1261 9215
1262 9215
1263 9215
1264 9215
1265 9215
1266 9215
1267 9215
1268 9215
1269 9215
1270 9215
1271 9215
1272 9215
1273 9215
1274 9215
1275 9215
1276 9215
1277 9215
1278 9215
1279 9215
1280 9215
1281 9215
1282 9215
1283 9215
1284 9215
1285 9215
1286 9215
1287 9215
1288 9215
1289 9215
1290 9215
1291 9215
1292 9215
1293 9215
1294 9215
1295 9215
1296 9215
1297 9215
1298 9215
1299 9215
1300 9215
1301 9215
1302 9215
1303 9215
1304 9215
1305 9215
1306 9215
1307 9215
1308 9215
1309 9215
1310 9215
1311 9215
1312 9215
1313 9215
1314 9215
1315 9215
1316 9215
1317 9215
1318 9215
1319 9215
1320 9215
1321 9215
1322 9215
1323 9215
1324 9215
1325 9215
1326 9215
1327 9215
1328 9215
1329 9215
1330 9215
1331 9215
1332 9215
1333 9215
1334 9215
1335 9215
1336 9215
1337 9215
1338 9215
1339 9215
1340 9215
1341 9215
1342 9215
1343 9215
1344 9215
1345 9215
1346 9215
1347 9215
1348 9215
1349 9215
1350 9215
1351 9215
1352 9215
1353 9215
1354 9215
1355 9215
1356 9215
1357 9215
1358 9215
1359 9215
1360 9215
1361 9215
1362 9215
1363 9215
1364 6143
