1 0
2 2141723134
3 1610090494
4 4093
5 3070
6 4093
7 3070
8 4093
9 3070
10 4093
11 3070
12 4093
13 3070
14 4093
15 3070
16 4093
17 3070
18 4093
19 3070
20 4093
21 3070
22 4093
23 3070
24 4093
25 3070
26 4093
27 3070
28 4093
29 3070
30 4093
31 3070
32 4093
33 3070
34 4093
35 3070
36 4093
37 3070
38 4093
39 3070
40 4093
41 3070
42 4093
43 3070
44 4093
45 3070
46 4093
47 3070
48 4093
49 3070
50 4093
51 3070
52 4093
53 3070
54 4093
55 3070
56 4093
57 3070
58 4093
59 3070
60 4093
61 3070
62 4093
63 3070
64 4093
65 3070
66 4093
67 3070
68 4093
69 3070
70 4093
71 3070
72 4093
73 3070
74 4093
75 3070
76 4093
77 3070
78 4093
79 3070
80 4093
81 3070
82 4093
83 3070
84 4093
85 3070
86 4093
87 3070
88 4093
89 3070
90 4093
91 3070
92 4093
93 3070
94 4093
95 3070
96 4093
97 3070
98 4093
99 3070
100 4093
101 3070
102 4093
103 3070
104 4093
105 3070
106 4093
107 3070
108 4093
109 3070
110 4093
111 3070
112 4093
113 3070
114 4093
115 3070
116 4093
117 3070
118 4093
119 3070
120 4093
121 3070
122 4093
123 3070
124 4093
125 3070
126 4093
127 3070
128 4093
129 3070
130 4093
131 3070
132 4093
133 3070
134 4093
135 3070
136 4093
137 3070
138 4093
139 3070
140 4093
141 3070
142 4093
143 3070
144 4093
145 3070
146 4093
147 3070
148 4093
149 3070
150 4093
151 3070
152 4093
153 3070
154 4093
155 3070
156 4093
157 3070
158 4093
159 3070
160 4093
161 3070
162 4093
163 3070
164 4093
165 3070
166 4093
167 3070
168 4093
169 3070
170 4093
171 3070
172 4093
173 3070
174 4093
175 3070
176 4093
177 3070
178 4093
179 3070
180 4093
181 3070
182 4093
183 3070
184 4093
185 3070
186 4093
187 3070
188 4093
189 3070
190 4093
191 3070
192 4093
193 3070
194 4093
195 3070
196 4093
197 3070
198 4093
199 3070
200 4093
201 3070
202 4093
203 3070
204 4093
205 3070
206 4093
207 3070
208 4093
209 3070
210 4093
211 3070
212 4093
213 3070
214 4093
215 3070
216 4093
217 3070
218 4093
219 3070
220 4093
221 3070
222 4093
223 3070
224 4093
225 3070
226 4093
227 3070
228 4093
229 3070
230 4093
231 3070
232 4093
233 3070
234 4093
235 3070
236 4093
237 3070
238 4093
239 3070
240 4093
241 3070
242 4093
243 3070
244 4093
245 3070
246 4093
247 3070
248 4093
249 3070
250 4093
251 3070
252 4093
253 3070
254 4093
255 3070
256 4093
257 3070
258 4093
259 3070
260 4093
261 3070
262 4093
263 3070
264 4093
265 3070
266 4093
267 3070
268 4093
269 3070
270 4093
271 3070
272 4093
273 3070
274 4093
275 3070
276 4093
277 3070
278 4093
279 3070
280 4093
281 3070
282 4093
283 3070
284 4093
285 3070
286 4093
287 3070
288 4093
289 3070
290 4093
291 3070
292 4093
293 3070
294 4093
295 3070
296 4093
297 3070
298 4093
299 3070
300 4093
301 3070
302 4093
303 3070
304 4093
305 3070
306 4093
307 3070
308 4093
309 3070
310 4093
311 3070
312 4093
313 3070
314 4093
315 3070
316 4093
317 3070
318 4093
319 3070
320 4093
321 3070
322 4093
323 3070
324 4093
325 3070
326 4093
327 3070
328 4093
329 3070
330 4093
331 3070
332 4093
333 3070
334 4093
335 3070
336 4093
337 3070
338 4093
339 3070
340 4093
341 3070
342 4093
343 3070
344 4093
345 3070
346 4093
347 3070
348 4093
349 3070
350 4093
351 3070
352 4093
353 3070
354 4093
355 3070
356 4093
357 3070
358 4093
359 3070
360 4093
361 3070
362 4093
363 3070
364 4093
365 3070
366 4093
367 3070
368 4093
369 3070
370 4093
371 3070
372 4093
373 3070
374 4093
375 3070
376 4093
377 3070
378 4093
379 3070
380 4093
381 3070
382 4093
383 3070
384 4093
385 3070
386 4093
387 3070
388 4093
389 3070
390 4093
391 3070
392 4093
393 3070
394 4093
395 3070
396 4093
397 3070
398 4093
399 3070
400 4093
401 3070
402 4093
403 3070
404 4093
405 3070
406 4093
407 3070
408 4093
409 3070
410 4093
411 3070
412 4093
413 3070
414 4093
415 3070
416 4093
417 3070
418 4093
419 3070
420 4093
421 3070
422 4093
423 3070
424 4093
425 3070
426 4093
427 3070
428 4093
429 3070
430 4093
431 3070
432 4093
433 3070
434 4093
435 3070
436 4093
437 3070
438 4093
439 3070
440 4093
441 3070
442 4093
443 3070
444 4093
445 3070
446 4093
447 3070
448 4093
449 3070
450 4093
451 3070
452 4093
453 3070
454 4093
455 3070
456 4093
457 3070
458 4093
459 3070
460 4093
461 3070
462 4093
463 3070
464 4093
465 3070
466 4093
467 3070
468 4093
469 3070
470 4093
471 3070
472 4093
473 3070
474 4093
475 3070
476 4093
477 3070
478 4093
479 3070
480 4093
481 3070
482 4093
483 3070
484 4093
485 3070
486 4093
487 3070
488 4093
489 3070
490 4093
491 3070
492 4093
493 3070
494 4093
495 3070
496 4093
497 3070
498 4093
499 3070
500 4093
501 3070
502 4093
503 3070
504 4093
505 3070
506 4093
507 3070
508 4093
509 3070
510 4093
511 3070
512 4093
513 3070
514 4093
515 3070
516 4093
517 3070
518 4093
519 3070
520 4093
521 3070
522 4093
523 3070
524 4093
525 3070
526 4093
527 3070
528 4093
529 3070
530 4093
531 3070
532 4093
533 3070
534 4093
535 3070
536 4093
537 3070
538 4093
539 3070
540 4093
541 3070
542 4093
543 3070
544 4093
545 3070
546 4093
547 3070
548 4093
549 3070
550 4093
551 3070
552 4093
553 3070
554 4093
555 3070
556 4093
557 3070
558 4093
559 3070
560 4093
561 3070
562 4093
563 3070
564 4093
565 3070
566 4093
567 3070
568 4093
569 3070
570 4093
571 3070
572 4093
573 3070
574 4093
575 3070
576 4093
577 3070
578 4093
579 3070
580 4093
581 3070
582 4093
583 3070
584 4093
585 3070
586 4093
587 3070
588 4093
589 3070
590 4093
591 3070
592 4093
593 3070
594 4093
595 3070
596 4093
597 3070
598 4093
599 3070
600 4093
601 3070
602 4093
603 3070
604 4093
605 3070
606 4093
607 3070
608 4093
609 3070
610 4093
611 3070
612 4093
613 3070
614 4093
615 3070
616 4093
617 3070
618 4093
619 3070
620 4093
621 3070
622 4093
623 3070
624 4093
625 3070
626 4093
627 3070
628 4093
629 3070
630 4093
631 3070
632 4093
633 3070
634 4093
635 3070
636 4093
637 3070
638 4093
639 3070
640 4093
641 3070
642 4093
643 3070
644 4093
645 3070
646 4093
647 3070
648 4093
649 3070
650 4093
651 3070
652 4093
653 3070
654 4093
655 3070
656 4093
657 3070
658 4093
659 3070
660 4093
661 3070
662 4093
663 3070
664 4093
665 3070
666 4093
667 3070
668 4093
669 3070
670 4093
671 3070
672 4093
673 3070
674 4093
675 3070
676 4093
677 3070
678 4093
679 3070
680 4093
681 3070
682 4093
683 3070
684 4093
685 3070
686 4093
687 3070
688 4093
689 3070
690 4093
691 3070
692 4093
693 3070
694 4093
695 3070
696 4093
697 3070
698 4093
699 3070
700 4093
701 3070
702 4093
703 3070
704 4093
705 3070
706 4093
707 3070
708 4093
709 3070
710 4093
711 3070
712 4093
713 3070
714 4093
715 3070
716 4093
717 3070
718 4093
719 3070
720 4093
721 3070
722 4093
723 3070
724 4093
725 3070
726 4093
727 3070
728 4093
729 3070
730 4093
731 3070
732 4093
733 3070
734 4093
735 3070
736 4093
737 3070
738 4093
739 3070
740 4093
741 3070
742 4093
743 3070
744 4093
745 3070
746 4093
747 3070
748 4093
749 3070
750 4093
751 3070
752 4093
753 3070
754 4093
755 3070
756 4093
757 3070
758 4093
759 3070
760 4093
761 3070
762 4093
763 3070
764 4093
765 3070
766 4093
767 3070
768 4093
769 3070
770 4093
771 3070
772 4093
773 3070
774 4093
775 3070
776 4093
777 3070
778 4093
779 3070
780 4093
781 3070
782 4093
783 3070
784 4093
785 3070
786 4093
787 3070
788 4093
789 3070
790 4093
791 3070
792 4093
793 3070
794 4093
795 3070
796 4093
797 3070
798 4093
799 3070
800 4093
801 3070
802 4093
803 3070
804 4093
805 3070
806 4093
807 3070
808 4093
809 3070
810 4093
811 3070
812 4093
813 3070
814 4093
815 3070
816 4093
817 3070
818 4093
819 3070
820 4093
821 3070
822 4093
823 3070
824 4093
825 3070
826 4093
827 3070
828 4093
829 3070
830 4093
831 3070
832 4093
833 3070
834 4093
835 3070
836 4093
837 3070
838 4093
839 3070
840 4093
841 3070
842 4093
843 3070
844 4093
845 3070
846 4093
847 3070
848 4093
849 3070
850 4093
851 3070
852 4093
853 3070
854 4093
855 3070
856 4093
857 3070
858 4093
859 3070
860 4093
861 3070
862 4093
863 3070
864 4093
865 3070
866 4093
867 3070
868 4093
869 3070
870 4093
871 3070
872 4093
873 3070
874 4093
875 3070
876 4093
877 3070
878 4093
879 3070
880 4093
881 3070
882 4093
883 3070
884 4093
885 3070
886 4093
887 3070
888 4093
889 3070
890 4093
891 3070
892 4093
893 3070
894 4093
895 3070
896 4093
897 3070
898 4093
899 3070
900 4093
901 3070
902 4093
903 3070
904 4093
905 3070
906 4093
907 3070
908 4093
909 3070
910 4093
911 3070
912 4093
913 3070
914 4093
915 3070
916 4093
917 3070
918 4093
919 3070
920 4093
921 3070
922 4093
923 3070
924 4093
925 3070
926 4093
927 3070
928 4093
929 3070
930 4093
931 3070
932 4093
933 3070
934 4093
935 3070
936 4093
937 3070
938 4093
939 3070
940 4093
941 3070
942 4093
943 3070
944 4093
945 3070
946 4093
947 3070
948 4093
949 3070
950 4093
951 3070
952 4093
953 3070
954 4093
955 3070
956 4093
957 3070
958 4093
959 3070
960 4093
961 3070
962 4093
963 3070
964 4093
965 3070
966 4093
967 3070
968 4093
969 3070
970 4093
971 3070
972 4093
973 3070
974 4093
975 3070
976 4093
977 3070
978 4093
979 3070
980 4093
981 3070
982 4093
983 3070
984 4093
985 3070
986 4093
987 3070
988 4093
989 3070
990 4093
991 3070
992 4093
993 3070
994 4093
995 3070
996 4093
997 3070
998 4093
999 3070
1000 4093
1001 3070
1002 4093
1003 3070
1004 4093
1005 3070
1006 4093
1007 3070
1008 4093
1009 3070
1010 4093
1011 3070
1012 4093
1013 3070
1014 4093
1015 3070
1016 4093
1017 3070
1018 4093
1019 3070
1020 4093
1021 3070
1022 4093
1023 3070
1024 4093
1025 3070
1026 3069
1027 3070
1028 3069
1029 3070
1030 3069
1031 3070
1032 3069
1033 3070
1034 3069
1035 3070
1036 3069
1037 3070
1038 3069
1039 3070
1040 3069
1041 3070
1042 3069
1043 3070
1044 3069
1045 3070
1046 3069
1047 3070
1048 3069
1049 3070
1050 3069
1051 3070
1052 3069
1053 3070
1054 3069
1055 3070
1056 3069
1057 3070
1058 3069
1059 3070
1060 3069
1061 3070
1062 3069
1063 3070
1064 3069
1065 3070
1066 3069
1067 3070
1068 3069
1069 3070
1070 3069
1071 3070
1072 3069
1073 3070
1074 3069
1075 3070
1076 3069
1077 3070
1078 3069
1079 3070
1080 3069
1081 3070
1082 3069
1083 3070
1084 3069
1085 3070
1086 3069
1087 3070
1088 3069
1089 3070
1090 3069
1091 3070
1092 3069
1093 3070
1094 3069
1095 3070
1096 3069
1097 3070
1098 3069
1099 3070
1100 3069
1101 3070
1102 3069
1103 3070
1104 3069
1105 3070
1106 3069
1107 3070
1108 3069
1109 3070
1110 3069
1111 3070
1112 3069
1113 3070
1114 3069
1115 3070
1116 3069
1117 3070
1118 3069
1119 3070
1120 3069
1121 3070
1122 3069
1123 3070
1124 3069
1125 3070
1126 3069
1127 3070
1128 3069
1129 3070
1130 3069
1131 3070
1132 3069
1133 3070
1134 3069
1135 3070
1136 3069
1137 3070
1138 3069
1139 3070
1140 3069
1141 3070
1142 3069
1143 3070
1144 3069
1145 3070
1146 3069
1147 3070
1148 3069
1149 3070
1150 3069
1151 3070
1152 3069
1153 3070
1154 3069
1155 3070
1156 3069
1157 3070
1158 3069
1159 3070
1160 3069
1161 3070
1162 3069
1163 3070
1164 3069
1165 3070
1166 3069
1167 3070
1168 3069
1169 3070
1170 3069
1171 3070
1172 3069
1173 3070
1174 3069
1175 3070
1176 3069
1177 3070
1178 3069
1179 3070
1180 3069
1181 3070
1182 3069
1183 3070
1184 3069
1185 3070
1186 3069
1187 3070
1188 3069
1189 3070
1190 3069
1191 3070
1192 3069
1193 3070
1194 3069
1195 3070
1196 3069
1197 3070
1198 3069
1199 3070
1200 3069
1201 3070
1202 3069
1203 3070
1204 3069
1205 3070
1206 3069
1207 3070
1208 3069
1209 3070
1210 3069
1211 3070
1212 3069
1213 3070
1214 3069
1215 3070
1216 3069
1217 3070
1218 3069
1219 3070
1220 3069
1221 3070
1222 3069
1223 3070
1224 3069
1225 3070
1226 3069
1227 3070
1228 3069
1229 3070
1230 3069
1231 3070
1232 3069
1233 3070
1234 3069
1235 3070
1236 3069
1237 3070
1238 3069
1239 3070
1240 3069
1241 3070
1242 3069
1243 3070
1244 3069
1245 3070
1246 3069
1247 3070
1248 3069
1249 3070
1250 3069
1251 3070
1252 3069
1253 3070
1254 3069
1255 3070
1256 3069
1257 3070
1258 3069
1259 3070
1260 3069
1261 3070
1262 3069
1263 3070
1264 3069
1265 3070
1266 3069
1267 3070
1268 3069
1269 3070
1270 3069
1271 3070
1272 3069
1273 3070
1274 3069
1275 3070
1276 3069
1277 3070
1278 3069
1279 3070
1280 3069
1281 3070
1282 3069
1283 3070
1284 3069
1285 3070
1286 3069
1287 3070
1288 3069
1289 3070
1290 3069
1291 3070
1292 3069
1293 3070
1294 3069
1295 3070
1296 3069
1297 3070
1298 3069
1299 3070
1300 3069
1301 3070
1302 3069
1303 3070
1304 3069
1305 3070
1306 3069
1307 3070
1308 3069
1309 3070
1310 3069
1311 3070
1312 3069
1313 3070
1314 3069
1315 3070
1316 3069
1317 3070
1318 3069
1319 3070
1320 3069
1321 3070
1322 3069
1323 3070
1324 3069
1325 3070
1326 3069
1327 3070
1328 3069
1329 3070
1330 3069
1331 3070
1332 3069
1333 3070
1334 3069
1335 3070
1336 3069
1337 3070
1338 3069
1339 3070
1340 3069
1341 3070
1342 3069
1343 3070
1344 3069
1345 3070
1346 3069
1347 3070
1348 3069
1349 3070
1350 3069
1351 3070
1352 3069
1353 3070
1354 3069
1355 3070
1356 3069
1357 3070
1358 3069
1359 3070
1360 3069
1361 3070
1362 3069
1363 3070
1364 3069
1365 3070
1366 3069
1367 3070
1368 3069
1369 3070
1370 3069
1371 3070
1372 3069
1373 3070
1374 3069
1375 3070
1376 3069
1377 3070
1378 3069
1379 3070
1380 3069
1381 3070
1382 3069
1383 3070
1384 3069
1385 3070
1386 3069
1387 3070
1388 3069
1389 3070
1390 3069
1391 3070
1392 3069
1393 3070
1394 3069
1395 3070
1396 3069
1397 3070
1398 3069
1399 3070
1400 3069
1401 3070
1402 3069
1403 3070
1404 3069
1405 3070
1406 3069
1407 3070
1408 3069
1409 3070
1410 3069
1411 3070
1412 3069
1413 3070
1414 3069
1415 3070
1416 3069
1417 3070
1418 3069
1419 3070
1420 3069
1421 3070
1422 3069
1423 3070
1424 3069
1425 3070
1426 3069
1427 3070
1428 3069
1429 3070
1430 3069
1431 3070
1432 3069
1433 3070
1434 3069
1435 3070
1436 3069
1437 3070
1438 3069
1439 3070
1440 3069
1441 3070
1442 3069
1443 3070
1444 3069
1445 3070
1446 3069
1447 3070
1448 3069
1449 3070
1450 3069
1451 3070
1452 3069
1453 3070
1454 3069
1455 3070
1456 3069
1457 3070
1458 3069
1459 3070
1460 3069
1461 3070
1462 3069
1463 3070
1464 3069
1465 3070
1466 3069
1467 3070
1468 3069
1469 3070
1470 3069
1471 3070
1472 3069
1473 3070
1474 3069
1475 3070
1476 3069
1477 3070
1478 3069
1479 3070
1480 3069
1481 3070
1482 3069
1483 3070
1484 3069
1485 3070
1486 3069
1487 3070
1488 3069
1489 3070
1490 3069
1491 3070
1492 3069
1493 3070
1494 3069
1495 3070
1496 3069
1497 3070
1498 3069
1499 3070
1500 3069
1501 3070
1502 3069
1503 3070
1504 3069
1505 3070
1506 3069
1507 3070
1508 3069
1509 3070
1510 3069
1511 3070
1512 3069
1513 3070
1514 3069
1515 3070
1516 3069
1517 3070
1518 3069
1519 3070
1520 3069
1521 3070
1522 3069
1523 3070
1524 3069
1525 3070
1526 3069
1527 3070
1528 3069
1529 3070
1530 3069
1531 3070
1532 3069
1533 3070
1534 3069
1535 3070
1536 3069
1537 3070
1538 3069
1539 3070
1540 3069
1541 3070
1542 3069
1543 3070
1544 3069
1545 3070
1546 3069
1547 3070
1548 3069
1549 3070
1550 3069
1551 3070
1552 3069
1553 3070
1554 3069
1555 3070
1556 3069
1557 3070
1558 3069
1559 3070
1560 3069
1561 3070
1562 3069
1563 3070
1564 3069
1565 3070
1566 3069
1567 3070
1568 3069
1569 3070
1570 3069
1571 3070
1572 3069
1573 3070
1574 3069
1575 3070
1576 3069
1577 3070
1578 3069
1579 3070
1580 3069
1581 3070
1582 3069
1583 3070
1584 3069
1585 3070
1586 3069
1587 3070
1588 3069
1589 3070
1590 3069
1591 3070
1592 3069
1593 3070
1594 3069
1595 3070
1596 3069
1597 3070
1598 3069
1599 3070
1600 3069
1601 3070
1602 3069
1603 3070
1604 3069
1605 3070
1606 3069
1607 3070
1608 3069
1609 3070
1610 3069
1611 3070
1612 3069
1613 3070
1614 3069
1615 3070
1616 3069
1617 3070
1618 3069
1619 3070
1620 3069
1621 3070
1622 3069
1623 3070
1624 3069
1625 3070
1626 3069
1627 3070
1628 3069
1629 3070
1630 3069
1631 3070
1632 3069
1633 3070
1634 3069
1635 3070
1636 3069
1637 3070
1638 3069
1639 3070
1640 3069
1641 3070
1642 3069
1643 3070
1644 3069
1645 3070
1646 3069
1647 3070
1648 3069
1649 3070
1650 3069
1651 3070
1652 3069
1653 3070
1654 3069
1655 3070
1656 3069
1657 3070
1658 3069
1659 3070
1660 3069
1661 3070
1662 3069
1663 3070
1664 3069
1665 3070
1666 3069
1667 3070
1668 3069
1669 3070
1670 3069
1671 3070
1672 3069
1673 3070
1674 3069
1675 3070
1676 3069
1677 3070
1678 3069
1679 3070
1680 3069
1681 3070
1682 3069
1683 3070
1684 3069
1685 3070
1686 3069
1687 3070
1688 3069
1689 3070
1690 3069
1691 3070
1692 3069
1693 3070
1694 3069
1695 3070
1696 3069
1697 3070
1698 3069
1699 3070
1700 3069
1701 3070
1702 3069
1703 5118
1704 8189
1705 7166
1706 8189
1707 7166
1708 8189
1709 7166
1710 8189
1711 7166
1712 8189
1713 7166
1714 8189
1715 7166
1716 8189
1717 7166
1718 8189
1719 7166
1720 8189
1721 7166
1722 8189
1723 7166
1724 8189
1725 7166
1726 8189
1727 7166
1728 8189
1729 7166
1730 8189
1731 7166
1732 8189
1733 7166
1734 8189
1735 7166
1736 8189
1737 7166
1738 8189
1739 7166
1740 8189
1741 7166
1742 8189
1743 7166
1744 8189
1745 7166
1746 8189
1747 7166
1748 8189
1749 7166
1750 8189
1751 7166
1752 8189
1753 7166
1754 8189
1755 7166
1756 8189
1757 7166
1758 8189
1759 7166
1760 8189
1761 7166
1762 8189
1763 7166
1764 8189
1765 7166
1766 8189
1767 7166
1768 8189
1769 7166
1770 8189
1771 7166
1772 8189
1773 7166
1774 8189
1775 7166
1776 8189
1777 7166
1778 8189
1779 7166
1780 8189
1781 7166
1782 8189
1783 7166
1784 8189
1785 7166
1786 8189
1787 7166
1788 8189
1789 7166
1790 8189
1791 7166
1792 8189
1793 7166
1794 8189
1795 7166
1796 8189
1797 7166
1798 8189
1799 7166
1800 8189
1801 7166
1802 8189
1803 7166
1804 8189
1805 7166
1806 8189
1807 7166
1808 8189
1809 7166
1810 8189
1811 7166
1812 8189
1813 7166
1814 8189
1815 7166
1816 8189
1817 7166
1818 8189
1819 7166
1820 8189
1821 7166
1822 8189
1823 7166
1824 8189
1825 7166
1826 8189
1827 7166
1828 8189
1829 7166
1830 8189
1831 7166
1832 8189
1833 7166
1834 8189
1835 7166
1836 8189
1837 7166
1838 8189
1839 7166
1840 8189
1841 7166
1842 8189
1843 7166
1844 8189
1845 7166
1846 8189
1847 7166
1848 8189
1849 7166
1850 8189
1851 7166
1852 8189
1853 7166
1854 8189
1855 7166
1856 8189
1857 7166
1858 8189
1859 7166
1860 8189
1861 7166
1862 8189
1863 7166
1864 8189
1865 7166
1866 8189
1867 7166
1868 8189
1869 7166
1870 8189
1871 7166
1872 8189
1873 7166
1874 8189
1875 7166
1876 8189
1877 7166
1878 8189
1879 7166
1880 8189
1881 7166
1882 8189
1883 7166
1884 8189
1885 7166
1886 8189
1887 7166
1888 8189
1889 7166
1890 8189
1891 7166
1892 8189
1893 7166
1894 8189
1895 7166
1896 8189
1897 7166
1898 8189
1899 7166
1900 8189
1901 7166
1902 8189
1903 7166
1904 8189
1905 7166
1906 8189
1907 7166
1908 8189
1909 7166
1910 8189
1911 7166
1912 8189
1913 7166
1914 8189
1915 7166
1916 8189
1917 7166
1918 8189
1919 7166
1920 8189
1921 7166
1922 8189
1923 7166
1924 8189
1925 7166
1926 8189
1927 7166
1928 8189
1929 7166
1930 8189
1931 7166
1932 8189
1933 7166
1934 8189
1935 7166
1936 8189
1937 7166
1938 8189
1939 7166
1940 8189
1941 7166
1942 8189
1943 7166
1944 8189
1945 7166
1946 8189
1947 7166
1948 8189
1949 7166
1950 8189
1951 7166
1952 8189
1953 7166
1954 8189
1955 7166
1956 8189
1957 7166
1958 8189
1959 7166
1960 8189
1961 7166
1962 8189
1963 7166
1964 8189
1965 7166
1966 8189
1967 7166
1968 8189
1969 7166
1970 8189
1971 7166
1972 8189
1973 7166
1974 8189
1975 7166
1976 8189
1977 7166
1978 8189
1979 7166
1980 8189
1981 7166
1982 8189
1983 7166
1984 8189
1985 7166
1986 8189
1987 7166
1988 8189
1989 7166
1990 8189
1991 7166
1992 8189
1993 7166
1994 8189
1995 7166
1996 8189
1997 7166
1998 8189
1999 7166
2000 8189
2001 7166
2002 8189
2003 7166
2004 8189
2005 7166
2006 8189
2007 7166
2008 8189
2009 7166
2010 8189
2011 7166
2012 8189
2013 7166
2014 8189
2015 7166
2016 8189
2017 7166
2018 8189
2019 7166
2020 8189
2021 7166
2022 8189
2023 7166
2024 8189
2025 7166
2026 8189
2027 7166
2028 8189
2029 7166
2030 8189
2031 7166
2032 8189
2033 7166
2034 8189
2035 7166
2036 8189
2037 7166
2038 8189
2039 7166
2040 8189
2041 7166
2042 8189
2043 7166
2044 7165
2045 3070
2046 3069
2047 3070
2048 3069
2049 3070
2050 1022
2051 1022
