1 0
2 2144873983
3 1610092542
4 4095
5 4095
6 4095
7 4095
8 4095
9 4095
10 4095
11 4095
12 4095
13 4095
14 4095
15 4095
16 4095
17 4095
18 4095
19 4095
20 4095
21 4095
22 4095
23 4095
24 4095
25 4095
26 4095
27 4095
28 4095
29 4095
30 4095
31 4095
32 4095
33 4095
34 4095
35 4095
36 4095
37 4095
38 4095
39 4095
40 4095
41 4095
42 4095
43 4095
44 4095
45 4095
46 4095
47 4095
48 4095
49 4095
50 4095
51 4095
52 4095
53 4095
54 4095
55 4095
56 4095
57 4095
58 4095
59 4095
60 4095
61 4095
62 4095
63 4095
64 4095
65 4095
66 4095
67 4095
68 4095
69 4095
70 4095
71 4095
72 4095
73 4095
74 4095
75 4095
76 4095
77 4095
78 4095
79 4095
80 4095
81 4095
82 4095
83 4095
84 4095
85 4095
86 4095
87 4095
88 4095
89 4095
90 4095
91 4095
92 4095
93 4095
94 4095
95 4095
96 4095
97 4095
98 4095
99 4095
100 4095
101 4095
102 4095
103 4095
104 4095
105 4095
106 4095
107 4095
108 4095
109 4095
110 4095
111 4095
112 4095
113 4095
114 4095
115 4095
116 4095
117 4095
118 4095
119 4095
120 4095
121 4095
122 4095
123 4095
124 4095
125 4095
126 4095
127 4095
128 4095
129 4095
130 4095
131 4095
132 4095
133 4095
134 4095
135 4095
136 4095
137 4095
138 4095
139 4095
140 4095
141 4095
142 4095
143 4095
144 4095
145 4095
146 4095
147 4095
148 4095
149 4095
150 4095
151 4095
152 4095
153 4095
154 4095
155 4095
156 4095
157 4095
158 4095
159 4095
160 4095
161 4095
162 4095
163 4095
164 4095
165 4095
166 4095
167 4095
168 4095
169 4095
170 4095
171 4095
172 4095
173 4095
174 4095
175 4095
176 4095
177 4095
178 4095
179 4095
180 4095
181 4095
182 4095
183 4095
184 4095
185 4095
186 4095
187 4095
188 4095
189 4095
190 4095
191 4095
192 4095
193 4095
194 4095
195 4095
196 4095
197 4095
198 4095
199 4095
200 4095
201 4095
202 4095
203 4095
204 4095
205 4095
206 4095
207 4095
208 4095
209 4095
210 4095
211 4095
212 4095
213 4095
214 4095
215 4095
216 4095
217 4095
218 4095
219 4095
220 4095
221 4095
222 4095
223 4095
224 4095
225 4095
226 4095
227 4095
228 4095
229 4095
230 4095
231 4095
232 4095
233 4095
234 4095
235 4095
236 4095
237 4095
238 4095
239 4095
240 4095
241 4095
242 4095
243 4095
244 4095
245 4095
246 4095
247 4095
248 4095
249 4095
250 4095
251 4095
252 4095
253 4095
254 4095
255 4095
256 4095
257 4095
258 4095
259 4095
260 4095
261 4095
262 4095
263 4095
264 4095
265 4095
266 4095
267 4095
268 4095
269 4095
270 4095
271 4095
272 4095
273 4095
274 4095
275 4095
276 4095
277 4095
278 4095
279 4095
280 4095
281 4095
282 4095
283 4095
284 4095
285 4095
286 4095
287 4095
288 4095
289 4095
290 4095
291 4095
292 4095
293 4095
294 4095
295 4095
296 4095
297 4095
298 4095
299 4095
300 4095
301 4095
302 4095
303 4095
304 4095
305 4095
306 4095
307 4095
308 4095
309 4095
310 4095
311 4095
312 4095
313 4095
314 4095
315 4095
316 4095
317 4095
318 4095
319 4095
320 4095
321 4095
322 4095
323 4095
324 4095
325 4095
326 4095
327 4095
328 4095
329 4095
330 4095
331 4095
332 4095
333 4095
334 4095
335 4095
336 4095
337 4095
338 4095
339 4095
340 4095
341 4095
342 4095
343 4095
344 4095
345 4095
346 4095
347 4095
348 4095
349 4095
350 4095
351 4095
352 4095
353 4095
354 4095
355 4095
356 4095
357 4095
358 4095
359 4095
360 4095
361 4095
362 4095
363 4095
364 4095
365 4095
366 4095
367 4095
368 4095
369 4095
370 4095
371 4095
372 4095
373 4095
374 4095
375 4095
376 4095
377 4095
378 4095
379 4095
380 4095
381 4095
382 4095
383 4095
384 4095
385 4095
386 4095
387 4095
388 4095
389 4095
390 4095
391 4095
392 4095
393 4095
394 4095
395 4095
396 4095
397 4095
398 4095
399 4095
400 4095
401 4095
402 4095
403 4095
404 4095
405 4095
406 4095
407 4095
408 4095
409 4095
410 4095
411 4095
412 4095
413 4095
414 4095
415 4095
416 4095
417 4095
418 4095
419 4095
420 4095
421 4095
422 4095
423 4095
424 4095
425 4095
426 4095
427 4095
428 4095
429 4095
430 4095
431 4095
432 4095
433 4095
434 4095
435 4095
436 4095
437 4095
438 4095
439 4095
440 4095
441 4095
442 4095
443 4095
444 4095
445 4095
446 4095
447 4095
448 4095
449 4095
450 4095
451 4095
452 4095
453 4095
454 4095
455 4095
456 4095
457 4095
458 4095
459 4095
460 4095
461 4095
462 4095
463 4095
464 4095
465 4095
466 4095
467 4095
468 4095
469 4095
470 4095
471 4095
472 4095
473 4095
474 4095
475 4095
476 4095
477 4095
478 4095
479 4095
480 4095
481 4095
482 4095
483 4095
484 4095
485 4095
486 4095
487 4095
488 4095
489 4095
490 4095
491 4095
492 4095
493 4095
494 4095
495 4095
496 4095
497 4095
498 4095
499 4095
500 4095
501 4095
502 4095
503 4095
504 4095
505 4095
506 4095
507 4095
508 4095
509 4095
510 4095
511 4095
512 4095
513 4095
514 4095
515 4095
516 4095
517 4095
518 4095
519 4095
520 4095
521 4095
522 4095
523 4095
524 4095
525 4095
526 4095
527 4095
528 4095
529 4095
530 4095
531 4095
532 4095
533 4095
534 4095
535 4095
536 4095
537 4095
538 4095
539 4095
540 4095
541 4095
542 4095
543 4095
544 4095
545 4095
546 4095
547 4095
548 4095
549 4095
550 4095
551 4095
552 4095
553 4095
554 4095
555 4095
556 4095
557 4095
558 4095
559 4095
560 4095
561 4095
562 4095
563 4095
564 4095
565 4095
566 4095
567 4095
568 4095
569 4095
570 4095
571 4095
572 4095
573 4095
574 4095
575 4095
576 4095
577 4095
578 4095
579 4095
580 4095
581 4095
582 4095
583 4095
584 4095
585 4095
586 4095
587 4095
588 4095
589 4095
590 4095
591 4095
592 4095
593 4095
594 4095
595 4095
596 4095
597 4095
598 4095
599 4095
600 4095
601 4095
602 4095
603 4095
604 4095
605 4095
606 4095
607 4095
608 4095
609 4095
610 4095
611 4095
612 4095
613 4095
614 4095
615 4095
616 4095
617 4095
618 4095
619 4095
620 4095
621 4095
622 4095
623 4095
624 4095
625 4095
626 4095
627 4095
628 4095
629 4095
630 4095
631 4095
632 4095
633 4095
634 4095
635 4095
636 4095
637 4095
638 4095
639 4095
640 4095
641 4095
642 4095
643 4095
644 4095
645 4095
646 4095
647 4095
648 4095
649 4095
650 4095
651 4095
652 4095
653 4095
654 4095
655 4095
656 4095
657 4095
658 4095
659 4095
660 4095
661 4095
662 4095
663 4095
664 4095
665 4095
666 4095
667 4095
668 4095
669 4095
670 4095
671 4095
672 4095
673 4095
674 4095
675 4095
676 4095
677 4095
678 4095
679 4095
680 4095
681 4095
682 4095
683 4095
684 4095
685 4095
686 4095
687 4095
688 4095
689 4095
690 4095
691 4095
692 4095
693 4095
694 4095
695 4095
696 4095
697 4095
698 4095
699 4095
700 4095
701 4095
702 4095
703 4095
704 4095
705 4095
706 4095
707 4095
708 4095
709 4095
710 4095
711 4095
712 4095
713 4095
714 4095
715 4095
716 4095
717 4095
718 4095
719 4095
720 4095
721 4095
722 4095
723 4095
724 4095
725 4095
726 4095
727 4095
728 4095
729 4095
730 4095
731 4095
732 4095
733 4095
734 4095
735 4095
736 4095
737 4095
738 4095
739 4095
740 4095
741 4095
742 4095
743 4095
744 4095
745 4095
746 4095
747 4095
748 4095
749 4095
750 4095
751 4095
752 4095
753 4095
754 4095
755 4095
756 4095
757 4095
758 4095
759 4095
760 4095
761 4095
762 4095
763 4095
764 4095
765 4095
766 4095
767 4095
768 4095
769 4095
770 4095
771 4095
772 4095
773 4095
774 4095
775 4095
776 4095
777 4095
778 4095
779 4095
780 4095
781 4095
782 4095
783 4095
784 4095
785 4095
786 4095
787 4095
788 4095
789 4095
790 4095
791 4095
792 4095
793 4095
794 4095
795 4095
796 4095
797 4095
798 4095
799 4095
800 4095
801 4095
802 4095
803 4095
804 4095
805 4095
806 4095
807 4095
808 4095
809 4095
810 4095
811 4095
812 4095
813 4095
814 4095
815 4095
816 4095
817 4095
818 4095
819 4095
820 4095
821 4095
822 4095
823 4095
824 4095
825 4095
826 4095
827 4095
828 4095
829 4095
830 4095
831 4095
832 4095
833 4095
834 4095
835 4095
836 4095
837 4095
838 4095
839 4095
840 4095
841 4095
842 4095
843 4095
844 4095
845 4095
846 4095
847 4095
848 4095
849 4095
850 4095
851 4095
852 4095
853 4095
854 4095
855 4095
856 4095
857 4095
858 4095
859 4095
860 4095
861 4095
862 4095
863 4095
864 4095
865 4095
866 4095
867 4095
868 4095
869 4095
870 4095
871 4095
872 4095
873 4095
874 4095
875 4095
876 4095
877 4095
878 4095
879 4095
880 4095
881 4095
882 4095
883 4095
884 4095
885 4095
886 4095
887 4095
888 4095
889 4095
890 4095
891 4095
892 4095
893 4095
894 4095
895 4095
896 4095
897 4095
898 4095
899 4095
900 4095
901 4095
902 4095
903 4095
904 4095
905 4095
906 4095
907 4095
908 4095
909 4095
910 4095
911 4095
912 4095
913 4095
914 4095
915 4095
916 4095
917 4095
918 4095
919 4095
920 4095
921 4095
922 4095
923 4095
924 4095
925 4095
926 4095
927 4095
928 4095
929 4095
930 4095
931 4095
932 4095
933 4095
934 4095
935 4095
936 4095
937 4095
938 4095
939 4095
940 4095
941 4095
942 4095
943 4095
944 4095
945 4095
946 4095
947 4095
948 4095
949 4095
950 4095
951 4095
952 4095
953 4095
954 4095
955 4095
956 4095
957 4095
958 4095
959 4095
960 4095
961 4095
962 4095
963 4095
964 4095
965 4095
966 4095
967 4095
968 4095
969 4095
970 4095
971 4095
972 4095
973 4095
974 4095
975 4095
976 4095
977 4095
978 4095
979 4095
980 4095
981 4095
982 4095
983 4095
984 4095
985 4095
986 4095
987 4095
988 4095
989 4095
990 4095
991 4095
992 4095
993 4095
994 4095
995 4095
996 4095
997 4095
998 4095
999 4095
1000 4095
1001 4095
1002 4095
1003 4095
1004 4095
1005 4095
1006 4095
1007 4095
1008 4095
1009 4095
1010 4095
1011 4095
1012 4095
1013 4095
1014 4095
1015 4095
1016 4095
1017 4095
1018 4095
1019 4095
1020 4095
1021 4095
1022 4095
1023 4095
1024 4095
1025 4095
1026 1041407
