1 0
2 523777
3 2098174
4 3141634
5 1572352
6 1571329
7 2096128
8 1047553
9 1572352
10 2095105
11 1048576
12 2095105
13 1048576
14 1571329
15 2096128
16 1047553
17 1572352
18 2095105
19 1048576
20 2095105
21 1048576
22 1571329
23 2096128
24 1047553
25 1572352
26 2095105
27 1048576
28 2095105
29 1048576
30 1571329
31 2096128
32 1047553
33 1572352
34 2095105
35 1048576
36 2095105
37 1048576
38 1571329
39 2096128
40 1047553
41 1572352
42 2095105
43 1048576
44 2095105
45 1048576
46 1571329
47 2096128
48 1047553
49 1572352
50 2095105
51 1048576
52 2095105
53 1048576
54 1571329
55 2096128
56 1047553
57 1572352
58 2095105
59 1048576
60 2095105
61 1048576
62 1571329
63 2096128
64 1047553
65 1572352
66 2095105
67 1048576
68 2095105
69 1048576
70 1571329
71 2096128
72 1047553
73 1572352
74 2095105
75 1048576
76 2095105
77 1048576
78 1571329
79 2096128
80 1047553
81 1572352
82 2095105
83 1048576
84 2095105
85 1048576
86 1571329
87 2096128
88 1047553
89 1572352
90 2095105
91 1048576
92 2095105
93 1048576
94 1571329
95 2096128
96 1047553
97 1572352
98 2095105
99 1048576
100 2095105
101 1048576
102 1571329
103 2096128
104 1047553
105 1572352
106 2095105
107 1048576
108 2095105
109 1048576
110 1571329
111 2096128
112 1047553
113 1572352
114 2095105
115 1048576
116 2095105
117 1048576
118 1571329
119 2096128
120 1047553
121 1572352
122 2095105
123 1048576
124 2095105
125 1048576
126 1571329
127 2096128
128 1047553
129 1572352
130 2095105
131 1048576
132 2095105
133 1048576
134 1571329
135 2096128
136 1047553
137 1572352
138 2095105
139 1048576
140 2095105
141 1048576
142 1571329
143 2096128
144 1047553
145 1572352
146 2095105
147 1048576
148 2095105
149 1048576
150 1571329
151 2096128
152 1047553
153 1572352
154 2095105
155 1048576
156 2095105
157 1048576
158 1571329
159 2096128
160 1047553
161 1572352
162 2095105
163 1048576
164 2095105
165 1048576
166 1571329
167 2096128
168 1047553
169 1572352
170 2095105
171 1048576
172 2095105
173 1048576
174 1571329
175 2096128
176 1047553
177 1572352
178 2095105
179 1048576
180 2095105
181 1048576
182 1571329
183 2096128
184 1047553
185 1572352
186 2095105
187 1048576
188 2095105
189 1048576
190 1571329
191 2096128
192 1047553
193 1572352
194 2095105
195 1048576
196 2095105
197 1048576
198 1571329
199 2096128
200 1047553
201 1572352
202 2095105
203 1048576
204 2095105
205 1048576
206 1571329
207 2096128
208 1047553
209 1572352
210 2095105
211 1048576
212 2095105
213 1048576
214 1571329
215 2096128
216 1047553
217 1572352
218 2095105
219 1048576
220 2095105
221 1048576
222 1571329
223 2096128
224 1047553
225 1572352
226 2095105
227 1048576
228 2095105
229 1048576
230 1571329
231 2096128
232 1047553
233 1572352
234 2095105
235 1048576
236 2095105
237 1048576
238 1571329
239 2096128
240 1047553
241 1572352
242 2095105
243 1048576
244 2095105
245 1048576
246 1571329
247 2096128
248 1047553
249 1572352
250 2095105
251 1048576
252 2095105
253 1048576
254 1571329
255 2096128
256 1047553
257 1572352
258 2095105
259 1048576
260 2095105
261 1048576
262 1571329
263 2096128
264 1047553
265 1572352
266 2095105
267 1048576
268 2095105
269 1048576
270 1571329
271 2096128
272 1047553
273 1572352
274 2095105
275 1048576
276 2095105
277 1048576
278 1571329
279 2096128
280 1047553
281 1572352
282 2095105
283 1048576
284 2095105
285 1048576
286 1571329
287 2096128
288 1047553
289 1572352
290 2095105
291 1048576
292 2095105
293 1048576
294 1571329
295 2096128
296 1047553
297 1572352
298 2095105
299 1048576
300 2095105
301 1048576
302 1571329
303 2096128
304 1047553
305 1572352
306 2095105
307 1048576
308 2095105
309 1048576
310 1571329
311 2096128
312 1047553
313 1572352
314 2095105
315 1048576
316 2095105
317 1048576
318 1571329
319 2096128
320 1047553
321 1572352
322 2095105
323 1048576
324 2095105
325 1048576
326 1571329
327 2096128
328 1047553
329 1572352
330 2095105
331 1048576
332 2095105
333 1048576
334 1571329
335 2096128
336 1047553
337 1572352
338 2095105
339 1048576
340 2095105
341 1048576
342 1571329
343 2096128
344 1047553
345 1572352
346 2095105
347 1048576
348 2095105
349 1048576
350 1571329
351 2096128
352 1047553
353 1572352
354 2095105
355 1048576
356 2095105
357 1048576
358 1571329
359 2096128
360 1047553
361 1572352
362 2095105
363 1048576
364 2095105
365 1048576
366 1571329
367 2096128
368 1047553
369 1572352
370 2095105
371 1048576
372 2095105
373 1048576
374 1571329
375 2096128
376 1047553
377 1572352
378 2095105
379 1048576
380 2095105
381 1048576
382 1571329
383 2096128
384 1047553
385 1572352
386 2095105
387 1048576
388 2095105
389 1048576
390 1571329
391 2096128
392 1047553
393 1572352
394 2095105
395 1048576
396 2095105
397 1048576
398 1571329
399 2096128
400 1047553
401 1572352
402 2095105
403 1048576
404 2095105
405 1048576
406 1571329
407 2096128
408 1047553
409 1572352
410 2095105
411 1048576
412 2095105
413 1048576
414 1571329
415 2096128
416 1047553
417 1572352
418 2095105
419 1048576
420 2095105
421 1048576
422 1571329
423 2096128
424 1047553
425 1572352
426 2095105
427 1048576
428 2095105
429 1048576
430 1571329
431 2096128
432 1047553
433 1572352
434 2095105
435 1048576
436 2095105
437 1048576
438 1571329
439 2096128
440 1047553
441 1572352
442 2095105
443 1048576
444 2095105
445 1048576
446 1571329
447 2096128
448 1047553
449 1572352
450 2095105
451 1048576
452 2095105
453 1048576
454 1571329
455 2096128
456 1047553
457 1572352
458 2095105
459 1048576
460 2095105
461 1048576
462 1571329
463 2096128
464 1047553
465 1572352
466 2095105
467 1048576
468 2095105
469 1048576
470 1571329
471 2096128
472 1047553
473 1572352
474 2095105
475 1048576
476 2095105
477 1048576
478 1571329
479 2096128
480 1047553
481 1572352
482 2095105
483 1048576
484 2095105
485 1048576
486 1571329
487 2096128
488 1047553
489 1572352
490 2095105
491 1048576
492 2095105
493 1048576
494 1571329
495 2096128
496 1047553
497 1572352
498 2095105
499 1048576
500 2095105
501 1048576
502 1571329
503 2096128
504 1047553
505 1572352
506 2095105
507 1048576
508 2095105
509 1048576
510 1571329
511 2096128
512 1047553
513 1572352
514 2095105
515 1048576
516 2095105
517 1048576
518 1571329
519 2096128
520 1047553
521 1572352
522 2095105
523 1048576
524 2095105
525 1048576
526 1571329
527 2096128
528 1047553
529 1572352
530 2095105
531 1048576
532 2095105
533 1048576
534 1571329
535 2096128
536 1047553
537 1572352
538 2095105
539 1048576
540 2095105
541 1048576
542 1571329
543 2096128
544 1047553
545 1572352
546 2095105
547 1048576
548 2095105
549 1048576
550 1571329
551 2096128
552 1047553
553 1572352
554 2095105
555 1048576
556 2095105
557 1048576
558 1571329
559 2096128
560 1047553
561 1572352
562 2095105
563 1048576
564 2095105
565 1048576
566 1571329
567 2096128
568 1047553
569 1572352
570 2095105
571 1048576
572 2095105
573 1048576
574 1571329
575 2096128
576 1047553
577 1572352
578 2095105
579 1048576
580 2095105
581 1048576
582 1571329
583 2096128
584 1047553
585 1572352
586 2095105
587 1048576
588 2095105
589 1048576
590 1571329
591 2096128
592 1047553
593 1572352
594 2095105
595 1048576
596 2095105
597 1048576
598 1571329
599 2096128
600 1047553
601 1572352
602 2095105
603 1048576
604 2095105
605 1048576
606 1571329
607 2096128
608 1047553
609 1572352
610 2095105
611 1048576
612 2095105
613 1048576
614 1571329
615 2096128
616 1047553
617 1572352
618 2095105
619 1048576
620 2095105
621 1048576
622 1571329
623 2096128
624 1047553
625 1572352
626 2095105
627 1048576
628 2095105
629 1048576
630 1571329
631 2096128
632 1047553
633 1572352
634 2095105
635 1048576
636 2095105
637 1048576
638 1571329
639 2096128
640 1047553
641 1572352
642 2095105
643 1048576
644 2095105
645 1048576
646 1571329
647 2096128
648 1047553
649 1572352
650 2095105
651 1048576
652 2095105
653 1048576
654 1571329
655 2096128
656 1047553
657 1572352
658 2095105
659 1048576
660 2095105
661 1048576
662 1571329
663 2096128
664 1047553
665 1572352
666 2095105
667 1048576
668 2095105
669 1048576
670 1571329
671 2096128
672 1047553
673 1572352
674 2095105
675 1048576
676 2095105
677 1048576
678 1571329
679 2096128
680 1047553
681 1572352
682 2095105
683 1048576
684 2095105
685 1048576
686 1571329
687 2096128
688 1047553
689 1572352
690 2095105
691 1048576
692 2095105
693 1048576
694 1571329
695 2096128
696 1047553
697 1572352
698 2095105
699 1048576
700 2095105
701 1048576
702 1571329
703 2096128
704 1047553
705 1572352
706 2095105
707 1048576
708 2095105
709 1048576
710 1571329
711 2096128
712 1047553
713 1572352
714 2095105
715 1048576
716 2095105
717 1048576
718 1571329
719 2096128
720 1047553
721 1572352
722 2095105
723 1048576
724 2095105
725 1048576
726 1571329
727 2096128
728 1047553
729 1572352
730 2095105
731 1048576
732 2095105
733 1048576
734 1571329
735 2096128
736 1047553
737 1572352
738 2095105
739 1048576
740 2095105
741 1048576
742 1571329
743 2096128
744 1047553
745 1572352
746 2095105
747 1048576
748 2095105
749 1048576
750 1571329
751 2096128
752 1047553
753 1572352
754 2095105
755 1048576
756 2095105
757 1048576
758 1571329
759 2096128
760 1047553
761 1572352
762 2095105
763 1048576
764 2095105
765 1048576
766 1571329
767 2096128
768 1047553
769 1572352
770 2095105
771 1048576
772 2095105
773 1048576
774 1571329
775 2096128
776 1047553
777 1572352
778 2095105
779 1048576
780 2095105
781 1048576
782 1571329
783 2096128
784 1047553
785 1572352
786 2095105
787 1048576
788 2095105
789 1048576
790 1571329
791 2096128
792 1047553
793 1572352
794 2095105
795 1048576
796 2095105
797 1048576
798 1571329
799 2096128
800 1047553
801 1572352
802 2095105
803 1048576
804 2095105
805 1048576
806 1571329
807 2096128
808 1047553
809 1572352
810 2095105
811 1048576
812 2095105
813 1048576
814 1571329
815 2096128
816 1047553
817 1572352
818 2095105
819 1048576
820 2095105
821 1048576
822 1571329
823 2096128
824 1047553
825 1572352
826 2095105
827 1048576
828 2095105
829 1048576
830 1571329
831 2096128
832 1047553
833 1572352
834 2095105
835 1048576
836 2095105
837 1048576
838 1571329
839 2096128
840 1047553
841 1572352
842 2095105
843 1048576
844 2095105
845 1048576
846 1571329
847 2096128
848 1047553
849 1572352
850 2095105
851 1048576
852 2095105
853 1048576
854 1571329
855 2096128
856 1047553
857 1572352
858 2095105
859 1048576
860 2095105
861 1048576
862 1571329
863 2096128
864 1047553
865 1572352
866 2095105
867 1048576
868 2095105
869 1048576
870 1571329
871 2096128
872 1047553
873 1572352
874 2095105
875 1048576
876 2095105
877 1048576
878 1571329
879 2096128
880 1047553
881 1572352
882 2095105
883 1048576
884 2095105
885 1048576
886 1571329
887 2096128
888 1047553
889 1572352
890 2095105
891 1048576
892 2095105
893 1048576
894 1571329
895 2096128
896 1047553
897 1572352
898 2095105
899 1048576
900 2095105
901 1048576
902 1571329
903 2096128
904 1047553
905 1572352
906 2095105
907 1048576
908 2095105
909 1048576
910 1571329
911 2096128
912 1047553
913 1572352
914 2095105
915 1048576
916 2095105
917 1048576
918 1571329
919 2096128
920 1047553
921 1572352
922 2095105
923 1048576
924 2095105
925 1048576
926 1571329
927 2096128
928 1047553
929 1572352
930 2095105
931 1048576
932 2095105
933 1048576
934 1571329
935 2096128
936 1047553
937 1572352
938 2095105
939 1048576
940 2095105
941 1048576
942 1571329
943 2096128
944 1047553
945 1572352
946 2095105
947 1048576
948 2095105
949 1048576
950 1571329
951 2096128
952 1047553
953 1572352
954 2095105
955 1048576
956 2095105
957 1048576
958 1571329
959 2096128
960 1047553
961 1572352
962 2095105
963 1048576
964 2095105
965 1048576
966 1571329
967 2096128
968 1047553
969 1572352
970 2095105
971 1048576
972 2095105
973 1048576
974 1571329
975 2096128
976 1047553
977 1572352
978 2095105
979 1048576
980 2095105
981 1048576
982 1571329
983 2096128
984 1047553
985 1572352
986 2095105
987 1048576
988 2095105
989 1048576
990 1571329
991 2096128
992 1047553
993 1572352
994 2095105
995 1048576
996 2095105
997 1048576
998 1571329
999 2096128
1000 1047553
1001 1572352
1002 2095105
1003 1048576
1004 2095105
1005 1048576
1006 1571329
1007 2096128
1008 1047553
1009 1572352
1010 2095105
1011 1048576
1012 2095105
1013 1048576
1014 1571329
1015 2096128
1016 1047553
1017 1572352
1018 2095105
1019 1048576
1020 2095105
1021 1048576
1022 1571329
1023 2096128
1024 1047553
1025 1572352
1026 2094081
1027 1048576
1028 2094081
1029 1048576
1030 1570305
1031 2096128
1032 1046529
1033 1572352
1034 2094081
1035 1048576
1036 2094081
1037 1048576
1038 1570305
1039 2096128
1040 1046529
1041 1572352
1042 2094081
1043 1048576
1044 2094081
1045 1048576
1046 1570305
1047 2096128
1048 1046529
1049 1572352
1050 2094081
1051 1048576
1052 2094081
1053 1048576
1054 1570305
1055 2096128
1056 1046529
1057 1572352
1058 2094081
1059 1048576
1060 2094081
1061 1048576
1062 1570305
1063 2096128
1064 1046529
1065 1572352
1066 2094081
1067 1048576
1068 2094081
1069 1048576
1070 1570305
1071 2096128
1072 1046529
1073 1572352
1074 2094081
1075 1048576
1076 2094081
1077 1048576
1078 1570305
1079 2096128
1080 1046529
1081 1572352
1082 2094081
1083 1048576
1084 2094081
1085 1048576
1086 1570305
1087 2096128
1088 1046529
1089 1572352
1090 2094081
1091 1048576
1092 2094081
1093 1048576
1094 1570305
1095 2096128
1096 1046529
1097 1572352
1098 2094081
1099 1048576
1100 2094081
1101 1048576
1102 1570305
1103 2096128
1104 1046529
1105 1572352
1106 2094081
1107 1048576
1108 2094081
1109 1048576
1110 1570305
1111 2096128
1112 1046529
1113 1572352
1114 2094081
1115 1048576
1116 2094081
1117 1048576
1118 1570305
1119 2096128
1120 1046529
1121 1572352
1122 2094081
1123 1048576
1124 2094081
1125 1048576
1126 1570305
1127 2096128
1128 1046529
1129 1572352
1130 2094081
1131 1048576
1132 2094081
1133 1048576
1134 1570305
1135 2096128
1136 1046529
1137 1572352
1138 2094081
1139 1048576
1140 2094081
1141 1048576
1142 1570305
1143 2096128
1144 1046529
1145 1572352
1146 2094081
1147 1048576
1148 2094081
1149 1048576
1150 1570305
1151 2096128
1152 1046529
1153 1572352
1154 2094081
1155 1048576
1156 2094081
1157 1048576
1158 1570305
1159 2096128
1160 1046529
1161 1572352
1162 2094081
1163 1048576
1164 2094081
1165 1048576
1166 1570305
1167 2096128
1168 1046529
1169 1572352
1170 2094081
1171 1048576
1172 2094081
1173 1048576
1174 1570305
1175 2096128
1176 1046529
1177 1572352
1178 2094081
1179 1048576
1180 2094081
1181 1048576
1182 1570305
1183 2096128
1184 1046529
1185 1572352
1186 2094081
1187 1048576
1188 2094081
1189 1048576
1190 1570305
1191 2096128
1192 1046529
1193 1572352
1194 2094081
1195 1048576
1196 2094081
1197 1048576
1198 1570305
1199 2096128
1200 1046529
1201 1572352
1202 2094081
1203 1048576
1204 2094081
1205 1048576
1206 1570305
1207 2096128
1208 1046529
1209 1572352
1210 2094081
1211 1048576
1212 2094081
1213 1048576
1214 1570305
1215 2096128
1216 1046529
1217 1572352
1218 2094081
1219 1048576
1220 2094081
1221 1048576
1222 1570305
1223 2096128
1224 1046529
1225 1572352
1226 2094081
1227 1048576
1228 2094081
1229 1048576
1230 1570305
1231 2096128
1232 1046529
1233 1572352
1234 2094081
1235 1048576
1236 2094081
1237 1048576
1238 1570305
1239 2096128
1240 1046529
1241 1572352
1242 2094081
1243 1048576
1244 2094081
1245 1048576
1246 1570305
1247 2096128
1248 1046529
1249 1572352
1250 2094081
1251 1048576
1252 2094081
1253 1048576
1254 1570305
1255 2096128
1256 1046529
1257 1572352
1258 2094081
1259 1048576
1260 2094081
1261 1048576
1262 1570305
1263 2096128
1264 1046529
1265 1572352
1266 2094081
1267 1048576
1268 2094081
1269 1048576
1270 1570305
1271 2096128
1272 1046529
1273 1572352
1274 2094081
1275 1048576
1276 2094081
1277 1048576
1278 1570305
1279 2096128
1280 1046529
1281 1572352
1282 2094081
1283 1048576
1284 2094081
1285 1048576
1286 1570305
1287 2096128
1288 1046529
1289 1572352
1290 2094081
1291 1048576
1292 2094081
1293 1048576
1294 1570305
1295 2096128
1296 1046529
1297 1572352
1298 2094081
1299 1048576
1300 2094081
1301 1048576
1302 1570305
1303 2096128
1304 1046529
1305 1572352
1306 2094081
1307 1048576
1308 2094081
1309 1048576
1310 1570305
1311 2096128
1312 1046529
1313 1572352
1314 2094081
1315 1048576
1316 2094081
1317 1048576
1318 1570305
1319 2096128
1320 1046529
1321 1572352
1322 2094081
1323 1048576
1324 2094081
1325 1048576
1326 1570305
1327 2096128
1328 1046529
1329 1572352
1330 2094081
1331 1048576
1332 2094081
1333 1048576
1334 1570305
1335 2096128
1336 1046529
1337 1572352
1338 2094081
1339 1048576
1340 2094081
1341 1048576
1342 1570305
1343 2096128
1344 1046529
1345 1572352
1346 2094081
1347 1048576
1348 2094081
1349 1048576
1350 1570305
1351 2096128
1352 1046529
1353 1572352
1354 2094081
1355 1048576
1356 2094081
1357 1048576
1358 1570305
1359 2096128
1360 1046529
1361 1572352
1362 2094081
1363 1048576
1364 2094081
1365 1048576
1366 1570305
1367 2096128
1368 1046529
1369 1572352
1370 2094081
1371 1048576
1372 2094081
1373 1048576
1374 1570305
1375 2096128
1376 1046529
1377 1572352
1378 2094081
1379 1048576
1380 2094081
1381 1048576
1382 1570305
1383 2096128
1384 1046529
1385 1572352
1386 2094081
1387 1048576
1388 2094081
1389 1048576
1390 1570305
1391 2096128
1392 1046529
1393 1572352
1394 2094081
1395 1048576
1396 2094081
1397 1048576
1398 1570305
1399 2096128
1400 1046529
1401 1572352
1402 2094081
1403 1048576
1404 2094081
1405 1048576
1406 1570305
1407 2096128
1408 1046529
1409 1572352
1410 2094081
1411 1048576
1412 2094081
1413 1048576
1414 1570305
1415 2096128
1416 1046529
1417 1572352
1418 2094081
1419 1048576
1420 2094081
1421 1048576
1422 1570305
1423 2096128
1424 1046529
1425 1572352
1426 2094081
1427 1048576
1428 2094081
1429 1048576
1430 1570305
1431 2096128
1432 1046529
1433 1572352
1434 2094081
1435 1048576
1436 2094081
1437 1048576
1438 1570305
1439 2096128
1440 1046529
1441 1572352
1442 2094081
1443 1048576
1444 2094081
1445 1048576
1446 1570305
1447 2096128
1448 1046529
1449 1572352
1450 2094081
1451 1048576
1452 2094081
1453 1048576
1454 1570305
1455 2096128
1456 1046529
1457 1572352
1458 2094081
1459 1048576
1460 2094081
1461 1048576
1462 1570305
1463 2096128
1464 1046529
1465 1572352
1466 2094081
1467 1048576
1468 2094081
1469 1048576
1470 1570305
1471 2096128
1472 1046529
1473 1572352
1474 2094081
1475 1048576
1476 2094081
1477 1048576
1478 1570305
1479 2096128
1480 1046529
1481 1572352
1482 2094081
1483 1048576
1484 2094081
1485 1048576
1486 1570305
1487 2096128
1488 1046529
1489 1572352
1490 2094081
1491 1048576
1492 2094081
1493 1048576
1494 1570305
1495 2096128
1496 1046529
1497 1572352
1498 2094081
1499 1048576
1500 2094081
1501 1048576
1502 1570305
1503 2096128
1504 1046529
1505 1572352
1506 2094081
1507 1048576
1508 2094081
1509 1048576
1510 1570305
1511 2096128
1512 1046529
1513 1572352
1514 2094081
1515 1048576
1516 2094081
1517 1048576
1518 1570305
1519 2096128
1520 1046529
1521 1572352
1522 2094081
1523 1048576
1524 2094081
1525 1048576
1526 1570305
1527 2096128
1528 1046529
1529 1572352
1530 2094081
1531 1048576
1532 2094081
1533 1048576
1534 1570305
1535 2096128
1536 1046529
1537 1572352
1538 2094081
1539 1048576
1540 2094081
1541 1048576
1542 1570305
1543 2096128
1544 1046529
1545 1572352
1546 2094081
1547 1048576
1548 2094081
1549 1048576
1550 1570305
1551 2096128
1552 1046529
1553 1572352
1554 2094081
1555 1048576
1556 2094081
1557 1048576
1558 1570305
1559 2096128
1560 1046529
1561 1572352
1562 2094081
1563 1048576
1564 2094081
1565 1048576
1566 1570305
1567 2096128
1568 1046529
1569 1572352
1570 2094081
1571 1048576
1572 2094081
1573 1048576
1574 1570305
1575 2096128
1576 1046529
1577 1572352
1578 2094081
1579 1048576
1580 2094081
1581 1048576
1582 1570305
1583 2096128
1584 1046529
1585 1572352
1586 2094081
1587 1048576
1588 2094081
1589 1048576
1590 1570305
1591 2096128
1592 1046529
1593 1572352
1594 2094081
1595 1048576
1596 2094081
1597 1048576
1598 1570305
1599 2096128
1600 1046529
1601 1572352
1602 2094081
1603 1048576
1604 2094081
1605 1048576
1606 1570305
1607 2096128
1608 1046529
1609 1572352
1610 2094081
1611 1048576
1612 2094081
1613 1048576
1614 1570305
1615 2096128
1616 1046529
1617 1572352
1618 2094081
1619 1048576
1620 2094081
1621 1048576
1622 1570305
1623 2096128
1624 1046529
1625 1572352
1626 2094081
1627 1048576
1628 2094081
1629 1048576
1630 1570305
1631 2096128
1632 1046529
1633 1572352
1634 2094081
1635 1048576
1636 2094081
1637 1048576
1638 1570305
1639 2096128
1640 1046529
1641 1572352
1642 2094081
1643 1048576
1644 2094081
1645 1048576
1646 1570305
1647 2096128
1648 1046529
1649 1572352
1650 2094081
1651 1048576
1652 2094081
1653 1048576
1654 1570305
1655 2096128
1656 1046529
1657 1572352
1658 2094081
1659 1048576
1660 2094081
1661 1048576
1662 1570305
1663 2096128
1664 1046529
1665 1572352
1666 2094081
1667 1048576
1668 2094081
1669 1048576
1670 1570305
1671 2096128
1672 1046529
1673 1572352
1674 2094081
1675 1048576
1676 2094081
1677 1048576
1678 1570305
1679 2096128
1680 1046529
1681 1572352
1682 2094081
1683 1048576
1684 2094081
1685 1048576
1686 1570305
1687 2096128
1688 1046529
1689 1572352
1690 2094081
1691 1048576
1692 2094081
1693 1048576
1694 1570305
1695 2096128
1696 1046529
1697 1572352
1698 2094081
1699 1048576
1700 2094081
1701 1048576
1702 1570305
1703 2098176
1704 1051649
1705 1576448
1706 2099201
1707 1052672
1708 2099201
1709 1052672
1710 1575425
1711 2100224
1712 1051649
1713 1576448
1714 2099201
1715 1052672
1716 2099201
1717 1052672
1718 1575425
1719 2100224
1720 1051649
1721 1576448
1722 2099201
1723 1052672
1724 2099201
1725 1052672
1726 1575425
1727 2100224
1728 1051649
1729 1576448
1730 2099201
1731 1052672
1732 2099201
1733 1052672
1734 1575425
1735 2100224
1736 1051649
1737 1576448
1738 2099201
1739 1052672
1740 2099201
1741 1052672
1742 1575425
1743 2100224
1744 1051649
1745 1576448
1746 2099201
1747 1052672
1748 2099201
1749 1052672
1750 1575425
1751 2100224
1752 1051649
1753 1576448
1754 2099201
1755 1052672
1756 2099201
1757 1052672
1758 1575425
1759 2100224
1760 1051649
1761 1576448
1762 2099201
1763 1052672
1764 2099201
1765 1052672
1766 1575425
1767 2100224
1768 1051649
1769 1576448
1770 2099201
1771 1052672
1772 2099201
1773 1052672
1774 1575425
1775 2100224
1776 1051649
1777 1576448
1778 2099201
1779 1052672
1780 2099201
1781 1052672
1782 1575425
1783 2100224
1784 1051649
1785 1576448
1786 2099201
1787 1052672
1788 2099201
1789 1052672
1790 1575425
1791 2100224
1792 1051649
1793 1576448
1794 2099201
1795 1052672
1796 2099201
1797 1052672
1798 1575425
1799 2100224
1800 1051649
1801 1576448
1802 2099201
1803 1052672
1804 2099201
1805 1052672
1806 1575425
1807 2100224
1808 1051649
1809 1576448
1810 2099201
1811 1052672
1812 2099201
1813 1052672
1814 1575425
1815 2100224
1816 1051649
1817 1576448
1818 2099201
1819 1052672
1820 2099201
1821 1052672
1822 1575425
1823 2100224
1824 1051649
1825 1576448
1826 2099201
1827 1052672
1828 2099201
1829 1052672
1830 1575425
1831 2100224
1832 1051649
1833 1576448
1834 2099201
1835 1052672
1836 2099201
1837 1052672
1838 1575425
1839 2100224
1840 1051649
1841 1576448
1842 2099201
1843 1052672
1844 2099201
1845 1052672
1846 1575425
1847 2100224
1848 1051649
1849 1576448
1850 2099201
1851 1052672
1852 2099201
1853 1052672
1854 1575425
1855 2100224
1856 1051649
1857 1576448
1858 2099201
1859 1052672
1860 2099201
1861 1052672
1862 1575425
1863 2100224
1864 1051649
1865 1576448
1866 2099201
1867 1052672
1868 2099201
1869 1052672
1870 1575425
1871 2100224
1872 1051649
1873 1576448
1874 2099201
1875 1052672
1876 2099201
1877 1052672
1878 1575425
1879 2100224
1880 1051649
1881 1576448
1882 2099201
1883 1052672
1884 2099201
1885 1052672
1886 1575425
1887 2100224
1888 1051649
1889 1576448
1890 2099201
1891 1052672
1892 2099201
1893 1052672
1894 1575425
1895 2100224
1896 1051649
1897 1576448
1898 2099201
1899 1052672
1900 2099201
1901 1052672
1902 1575425
1903 2100224
1904 1051649
1905 1576448
1906 2099201
1907 1052672
1908 2099201
1909 1052672
1910 1575425
1911 2100224
1912 1051649
1913 1576448
1914 2099201
1915 1052672
1916 2099201
1917 1052672
1918 1575425
1919 2100224
1920 1051649
1921 1576448
1922 2099201
1923 1052672
1924 2099201
1925 1052672
1926 1575425
1927 2100224
1928 1051649
1929 1576448
1930 2099201
1931 1052672
1932 2099201
1933 1052672
1934 1575425
1935 2100224
1936 1051649
1937 1576448
1938 2099201
1939 1052672
1940 2099201
1941 1052672
1942 1575425
1943 2100224
1944 1051649
1945 1576448
1946 2099201
1947 1052672
1948 2099201
1949 1052672
1950 1575425
1951 2100224
1952 1051649
1953 1576448
1954 2099201
1955 1052672
1956 2099201
1957 1052672
1958 1575425
1959 2100224
1960 1051649
1961 1576448
1962 2099201
1963 1052672
1964 2099201
1965 1052672
1966 1575425
1967 2100224
1968 1051649
1969 1576448
1970 2099201
1971 1052672
1972 2099201
1973 1052672
1974 1575425
1975 2100224
1976 1051649
1977 1576448
1978 2099201
1979 1052672
1980 2099201
1981 1052672
1982 1575425
1983 2100224
1984 1051649
1985 1576448
1986 2099201
1987 1052672
1988 2099201
1989 1052672
1990 1575425
1991 2100224
1992 1051649
1993 1576448
1994 2099201
1995 1052672
1996 2099201
1997 1052672
1998 1575425
1999 2100224
2000 1051649
2001 1576448
2002 2099201
2003 1052672
2004 2099201
2005 1052672
2006 1575425
2007 2100224
2008 1051649
2009 1576448
2010 2099201
2011 1052672
2012 2099201
2013 1052672
2014 1575425
2015 2100224
2016 1051649
2017 1576448
2018 2099201
2019 1052672
2020 2099201
2021 1052672
2022 1575425
2023 2100224
2024 1051649
2025 1576448
2026 2099201
2027 1052672
2028 2099201
2029 1052672
2030 1575425
2031 2100224
2032 1051649
2033 1576448
2034 2099201
2035 1052672
2036 2099201
2037 1052672
2038 1575425
2039 2100224
2040 1051649
2041 1576448
2042 2099201
2043 1052672
2044 2098177
2045 1048576
2046 1570305
2047 2096128
2048 1046529
2049 2619904
2050 138275840
2051 399642110
