1 0
2 1
3 1
4 1
5 1
6 1
7 1
8 1
9 1
10 1
11 1
12 1
13 1
14 1
15 1
16 1
17 1
18 1
19 1
20 1
21 1
22 1
23 1
24 1
25 1
26 1
27 1
28 1
29 1
30 1
31 1
32 1
33 1
34 1
35 1
36 1
37 1
38 1
39 1
40 1
41 1
42 1
43 1
44 1
45 1
46 1
47 1
48 1
49 1
50 1
51 1
52 1
53 1
54 1
55 1
56 1
57 1
58 1
59 1
60 1
61 1
62 1
63 1
64 1
65 1
66 1
67 1
68 1
69 1
70 1
71 1
72 1
73 1
74 1
75 1
76 1
77 1
78 1
79 1
80 1
81 1
82 1
83 1
84 1
85 1
86 1
87 1
88 1
89 1
90 1
91 1
92 1
93 1
94 1
95 1
96 1
97 1
98 1
99 1
100 1
101 1
102 1
103 1
104 1
105 1
106 1
107 1
108 1
109 1
110 1
111 1
112 1
113 1
114 1
115 1
116 1
117 1
118 1
119 1
120 1
121 1
122 1
123 1
124 1
125 1
126 1
127 1
128 1
129 1
130 1
131 1
132 1
133 1
134 1
135 1
136 1
137 1
138 1
139 1
140 1
141 1
142 1
143 1
144 1
145 1
146 1
147 1
148 1
149 1
150 1
151 1
152 1
153 1
154 1
155 1
156 1
157 1
158 1
159 1
160 1
161 1
162 1
163 1
164 1
165 1
166 1
167 1
168 1
169 1
170 1
171 1
172 1
173 1
174 1
175 1
176 1
177 1
178 1
179 1
180 1
181 1
182 1
183 1
184 1
185 1
186 1
187 1
188 1
189 1
190 1
191 1
192 1
193 1
194 1
195 1
196 1
197 1
198 1
199 1
200 1
201 1
202 1
203 1
204 1
205 1
206 1
207 1
208 1
209 1
210 1
211 1
212 1
213 1
214 1
215 1
216 1
217 1
218 1
219 1
220 1
221 1
222 1
223 1
224 1
225 1
226 1
227 1
228 1
229 1
230 1
231 1
232 1
233 1
234 1
235 1
236 1
237 1
238 1
239 1
240 1
241 1
242 1
243 1
244 1
245 1
246 1
247 1
248 1
249 1
250 1
251 1
252 1
253 1
254 1
255 1
256 1
257 1
258 1
259 1
260 1
261 1
262 1
263 1
264 1
265 1
266 1
267 1
268 1
269 1
270 1
271 1
272 1
273 1
274 1
275 1
276 1
277 1
278 1
279 1
280 1
281 1
282 1
283 1
284 1
285 1
286 1
287 1
288 1
289 1
290 1
291 1
292 1
293 1
294 1
295 1
296 1
297 1
298 1
299 1
300 1
301 1
302 1
303 1
304 1
305 1
306 1
307 1
308 1
309 1
310 1
311 1
312 1
313 1
314 1
315 1
316 1
317 1
318 1
319 1
320 1
321 1
322 1
323 1
324 1
325 1
326 1
327 1
328 1
329 1
330 1
331 1
332 1
333 1
334 1
335 1
336 1
337 1
338 1
339 1
340 1
341 1
342 1
343 1
344 1
345 1
346 1
347 1
348 1
349 1
350 1
351 1
352 1
353 1
354 1
355 1
356 1
357 1
358 1
359 1
360 1
361 1
362 1
363 1
364 1
365 1
366 1
367 1
368 1
369 1
370 1
371 1
372 1
373 1
374 1
375 1
376 1
377 1
378 1
379 1
380 1
381 1
382 1
383 1
384 1
385 1
386 1
387 1
388 1
389 1
390 1
391 1
392 1
393 1
394 1
395 1
396 1
397 1
398 1
399 1
400 1
401 1
402 1
403 1
404 1
405 1
406 1
407 1
408 1
409 1
410 1
411 1
412 1
413 1
414 1
415 1
416 1
417 1
418 1
419 1
420 1
421 1
422 1
423 1
424 1
425 1
426 1
427 1
428 1
429 1
430 1
431 1
432 1
433 1
434 1
435 1
436 1
437 1
438 1
439 1
440 1
441 1
442 1
443 1
444 1
445 1
446 1
447 1
448 1
449 1
450 1
451 1
452 1
453 1
454 1
455 1
456 1
457 1
458 1
459 1
460 1
461 1
462 1
463 1
464 1
465 1
466 1
467 1
468 1
469 1
470 1
471 1
472 1
473 1
474 1
475 1
476 1
477 1
478 1
479 1
480 1
481 1
482 1
483 1
484 1
485 1
486 1
487 1
488 1
489 1
490 1
491 1
492 1
493 1
494 1
495 1
496 1
497 1
498 1
499 1
500 1
501 1
502 1
503 1
504 1
505 1
506 1
507 1
508 1
509 1
510 1
511 1
512 1
513 1
514 1
515 1
516 1
517 1
518 1
519 1
520 1
521 1
522 1
523 1
524 1
525 1
526 1
527 1
528 1
529 1
530 1
531 1
532 1
533 1
534 1
535 1
536 1
537 1
538 1
539 1
540 1
541 1
542 1
543 1
544 1
545 1
546 1
547 1
548 1
549 1
550 1
551 1
552 1
553 1
554 1
555 1
556 1
557 1
558 1
559 1
560 1
561 1
562 1
563 1
564 1
565 1
566 1
567 1
568 1
569 1
570 1
571 1
572 1
573 1
574 1
575 1
576 1
577 1
578 1
579 1
580 1
581 1
582 1
583 1
584 1
585 1
586 1
587 1
588 1
589 1
590 1
591 1
592 1
593 1
594 1
595 1
596 1
597 1
598 1
599 1
600 1
601 1
602 1
603 1
604 1
605 1
606 1
607 1
608 1
609 1
610 1
611 1
612 1
613 1
614 1
615 1
616 1
617 1
618 1
619 1
620 1
621 1
622 1
623 1
624 1
625 1
626 1
627 1
628 1
629 1
630 1
631 1
632 1
633 1
634 1
635 1
636 1
637 1
638 1
639 1
640 1
641 1
642 1
643 1
644 1
645 1
646 1
647 1
648 1
649 1
650 1
651 1
652 1
653 1
654 1
655 1
656 1
657 1
658 1
659 1
660 1
661 1
662 1
663 1
664 1
665 1
666 1
667 1
668 1
669 1
670 1
671 1
672 1
673 1
674 1
675 1
676 1
677 1
678 1
679 1
680 1
681 1
682 1
683 1
684 1
685 1
686 1
687 1
688 1
689 1
690 1
691 1
692 1
693 1
694 1
695 1
696 1
697 1
698 1
699 1
700 1
701 1
702 1
703 1
704 1
705 1
706 1
707 1
708 1
709 1
710 1
711 1
712 1
713 1
714 1
715 1
716 1
717 1
718 1
719 1
720 1
721 1
722 1
723 1
724 1
725 1
726 1
727 1
728 1
729 1
730 1
731 1
732 1
733 1
734 1
735 1
736 1
737 1
738 1
739 1
740 1
741 1
742 1
743 1
744 1
745 1
746 1
747 1
748 1
749 1
750 1
751 1
752 1
753 1
754 1
755 1
756 1
757 1
758 1
759 1
760 1
761 1
762 1
763 1
764 1
765 1
766 1
767 1
768 1
769 1
770 1
771 1
772 1
773 1
774 1
775 1
776 1
777 1
778 1
779 1
780 1
781 1
782 1
783 1
784 1
785 1
786 1
787 1
788 1
789 1
790 1
791 1
792 1
793 1
794 1
795 1
796 1
797 1
798 1
799 1
800 1
801 1
802 1
803 1
804 1
805 1
806 1
807 1
808 1
809 1
810 1
811 1
812 1
813 1
814 1
815 1
816 1
817 1
818 1
819 1
820 1
821 1
822 1
823 1
824 1
825 1
826 1
827 1
828 1
829 1
830 1
831 1
832 1
833 1
834 1
835 1
836 1
837 1
838 1
839 1
840 1
841 1
842 1
843 1
844 1
845 1
846 1
847 1
848 1
849 1
850 1
851 1
852 1
853 1
854 1
855 1
856 1
857 1
858 1
859 1
860 1
861 1
862 1
863 1
864 1
865 1
866 1
867 1
868 1
869 1
870 1
871 1
872 1
873 1
874 1
875 1
876 1
877 1
878 1
879 1
880 1
881 1
882 1
883 1
884 1
885 1
886 1
887 1
888 1
889 1
890 1
891 1
892 1
893 1
894 1
895 1
896 1
897 1
898 1
899 1
900 1
901 1
902 1
903 1
904 1
905 1
906 1
907 1
908 1
909 1
910 1
911 1
912 1
913 1
914 1
915 1
916 1
917 1
918 1
919 1
920 1
921 1
922 1
923 1
924 1
925 1
926 1
927 1
928 1
929 1
930 1
931 1
932 1
933 1
934 1
935 1
936 1
937 1
938 1
939 1
940 1
941 1
942 1
943 1
944 1
945 1
946 1
947 1
948 1
949 1
950 1
951 1
952 1
953 1
954 1
955 1
956 1
957 1
958 1
959 1
960 1
961 1
962 1
963 1
964 1
965 1
966 1
967 1
968 1
969 1
970 1
971 1
972 1
973 1
974 1
975 1
976 1
977 1
978 1
979 1
980 1
981 1
982 1
983 1
984 1
985 1
986 1
987 1
988 1
989 1
990 1
991 1
992 1
993 1
994 1
995 1
996 1
997 1
998 1
999 1
1000 1
1001 1
1002 1
1003 1
1004 1
1005 1
1006 1
1007 1
1008 1
1009 1
1010 1
1011 1
1012 1
1013 1
1014 1
1015 1
1016 1
1017 1
1018 1
1019 1
1020 1
1021 1
1022 1
1023 1
1024 1
1025 1
1026 0
1027 1
1028 0
1029 1
1030 0
1031 1
1032 0
1033 1
1034 0
1035 1
1036 0
1037 1
1038 0
1039 1
1040 0
1041 1
1042 0
1043 1
1044 0
1045 1
1046 0
1047 1
1048 0
1049 1
1050 0
1051 1
1052 0
1053 1
1054 0
1055 1
1056 0
1057 1
1058 0
1059 1
1060 0
1061 1
1062 0
1063 1
1064 0
1065 1
1066 0
1067 1
1068 0
1069 1
1070 0
1071 1
1072 0
1073 1
1074 0
1075 1
1076 0
1077 1
1078 0
1079 1
1080 0
1081 1
1082 0
1083 1
1084 0
1085 1
1086 0
1087 1
1088 0
1089 1
1090 0
1091 1
1092 0
1093 1
1094 0
1095 1
1096 0
1097 1
1098 0
1099 1
1100 0
1101 1
1102 0
1103 1
1104 0
1105 1
1106 0
1107 1
1108 0
1109 1
1110 0
1111 1
1112 0
1113 1
1114 0
1115 1
1116 0
1117 1
1118 0
1119 1
1120 0
1121 1
1122 0
1123 1
1124 0
1125 1
1126 0
1127 1
1128 0
1129 1
1130 0
1131 1
1132 0
1133 1
1134 0
1135 1
1136 0
1137 1
1138 0
1139 1
1140 0
1141 1
1142 0
1143 1
1144 0
1145 1
1146 0
1147 1
1148 0
1149 1
1150 0
1151 1
1152 0
1153 1
1154 0
1155 1
1156 0
1157 1
1158 0
1159 1
1160 0
1161 1
1162 0
1163 1
1164 0
1165 1
1166 0
1167 1
1168 0
1169 1
1170 0
1171 1
1172 0
1173 1
1174 0
1175 1
1176 0
1177 1
1178 0
1179 1
1180 0
1181 1
1182 0
1183 1
1184 0
1185 1
1186 0
1187 1
1188 0
1189 1
1190 0
1191 1
1192 0
1193 1
1194 0
1195 1
1196 0
1197 1
1198 0
1199 1
1200 0
1201 1
1202 0
1203 1
1204 0
1205 1
1206 0
1207 1
1208 0
1209 1
1210 0
1211 1
1212 0
1213 1
1214 0
1215 1
1216 0
1217 1
1218 0
1219 1
1220 0
1221 1
1222 0
1223 1
1224 0
1225 1
1226 0
1227 1
1228 0
1229 1
1230 0
1231 1
1232 0
1233 1
1234 0
1235 1
1236 0
1237 1
1238 0
1239 1
1240 0
1241 1
1242 0
1243 1
1244 0
1245 1
1246 0
1247 1
1248 0
1249 1
1250 0
1251 1
1252 0
1253 1
1254 0
1255 1
1256 0
1257 1
1258 0
1259 1
1260 0
1261 1
1262 0
1263 1
1264 0
1265 1
1266 0
1267 1
1268 0
1269 1
1270 0
1271 1
1272 0
1273 1
1274 0
1275 1
1276 0
1277 1
1278 0
1279 1
1280 0
1281 1
1282 0
1283 1
1284 0
1285 1
1286 0
1287 1
1288 0
1289 1
1290 0
1291 1
1292 0
1293 1
1294 0
1295 1
1296 0
1297 1
1298 0
1299 1
1300 0
1301 1
1302 0
1303 1
1304 0
1305 1
1306 0
1307 1
1308 0
1309 1
1310 0
1311 1
1312 0
1313 1
1314 0
1315 1
1316 0
1317 1
1318 0
1319 1
1320 0
1321 1
1322 0
1323 1
1324 0
1325 1
1326 0
1327 1
1328 0
1329 1
1330 0
1331 1
1332 0
1333 1
1334 0
1335 1
1336 0
1337 1
1338 0
1339 1
1340 0
1341 1
1342 0
1343 1
1344 0
1345 1
1346 0
1347 1
1348 0
1349 1
1350 0
1351 1
1352 0
1353 1
1354 0
1355 1
1356 0
1357 1
1358 0
1359 1
1360 0
1361 1
1362 0
1363 1
1364 0
1365 1
1366 0
1367 1
1368 0
1369 1
1370 0
1371 1
1372 0
1373 1
1374 0
1375 1
1376 0
1377 1
1378 0
1379 1
1380 0
1381 1
1382 0
1383 1
1384 0
1385 1
1386 0
1387 1
1388 0
1389 1
1390 0
1391 1
1392 0
1393 1
1394 0
1395 1
1396 0
1397 1
1398 0
1399 1
1400 0
1401 1
1402 0
1403 1
1404 0
1405 1
1406 0
1407 1
1408 0
1409 1
1410 0
1411 1
1412 0
1413 1
1414 0
1415 1
1416 0
1417 1
1418 0
1419 1
1420 0
1421 1
1422 0
1423 1
1424 0
1425 1
1426 0
1427 1
1428 0
1429 1
1430 0
1431 1
1432 0
1433 1
1434 0
1435 1
1436 0
1437 1
1438 0
1439 1
1440 0
1441 1
1442 0
1443 1
1444 0
1445 1
1446 0
1447 1
1448 0
1449 1
1450 0
1451 1
1452 0
1453 1
1454 0
1455 1
1456 0
1457 1
1458 0
1459 1
1460 0
1461 1
1462 0
1463 1
1464 0
1465 1
1466 0
1467 1
1468 0
1469 1
1470 0
1471 1
1472 0
1473 1
1474 0
1475 1
1476 0
1477 1
1478 0
1479 1
1480 0
1481 1
1482 0
1483 1
1484 0
1485 1
1486 0
1487 1
1488 0
1489 1
1490 0
1491 1
1492 0
1493 1
1494 0
1495 1
1496 0
1497 1
1498 0
1499 1
1500 0
1501 1
1502 0
1503 1
1504 0
1505 1
1506 0
1507 1
1508 0
1509 1
1510 0
1511 1
1512 0
1513 1
1514 0
1515 1
1516 0
1517 1
1518 0
1519 1
1520 0
1521 1
1522 0
1523 1
1524 0
1525 1
1526 0
1527 1
1528 0
1529 1
1530 0
1531 1
1532 0
1533 1
1534 0
1535 1
1536 0
1537 1
1538 0
1539 1
1540 0
1541 1
1542 0
1543 1
1544 0
1545 1
1546 0
1547 1
1548 0
1549 1
1550 0
1551 1
1552 0
1553 1
1554 0
1555 1
1556 0
1557 1
1558 0
1559 1
1560 0
1561 1
1562 0
1563 1
1564 0
1565 1
1566 0
1567 1
1568 0
1569 1
1570 0
1571 1
1572 0
1573 1
1574 0
1575 1
1576 0
1577 1
1578 0
1579 1
1580 0
1581 1
1582 0
1583 1
1584 0
1585 1
1586 0
1587 1
1588 0
1589 1
1590 0
1591 1
1592 0
1593 1
1594 0
1595 1
1596 0
1597 1
1598 0
1599 1
1600 0
1601 1
1602 0
1603 1
1604 0
1605 1
1606 0
1607 1
1608 0
1609 1
1610 0
1611 1
1612 0
1613 1
1614 0
1615 1
1616 0
1617 1
1618 0
1619 1
1620 0
1621 1
1622 0
1623 1
1624 0
1625 1
1626 0
1627 1
1628 0
1629 1
1630 0
1631 1
1632 0
1633 1
1634 0
1635 1
1636 0
1637 1
1638 0
1639 1
1640 0
1641 1
1642 0
1643 1
1644 0
1645 1
1646 0
1647 1
1648 0
1649 1
1650 0
1651 1
1652 0
1653 1
1654 0
1655 1
1656 0
1657 1
1658 0
1659 1
1660 0
1661 1
1662 0
1663 1
1664 0
1665 1
1666 0
1667 1
1668 0
1669 1
1670 0
1671 1
1672 0
1673 1
1674 0
1675 1
1676 0
1677 1
1678 0
1679 1
1680 0
1681 1
1682 0
1683 1
1684 0
1685 1
1686 0
1687 1
1688 0
1689 1
1690 0
1691 1
1692 0
1693 1
1694 0
1695 1
1696 0
1697 1
1698 0
1699 1
1700 0
1701 1
1702 0
1703 3
1704 5
1705 5
1706 5
1707 5
1708 5
1709 5
1710 5
1711 5
1712 5
1713 5
1714 5
1715 5
1716 5
1717 5
1718 5
1719 5
1720 5
1721 5
1722 5
1723 5
1724 5
1725 5
1726 5
1727 5
1728 5
1729 5
1730 5
1731 5
1732 5
1733 5
1734 5
1735 5
1736 5
1737 5
1738 5
1739 5
1740 5
1741 5
1742 5
1743 5
1744 5
1745 5
1746 5
1747 5
1748 5
1749 5
1750 5
1751 5
1752 5
1753 5
1754 5
1755 5
1756 5
1757 5
1758 5
1759 5
1760 5
1761 5
1762 5
1763 5
1764 5
1765 5
1766 5
1767 5
1768 5
1769 5
1770 5
1771 5
1772 5
1773 5
1774 5
1775 5
1776 5
1777 5
1778 5
1779 5
1780 5
1781 5
1782 5
1783 5
1784 5
1785 5
1786 5
1787 5
1788 5
1789 5
1790 5
1791 5
1792 5
1793 5
1794 5
1795 5
1796 5
1797 5
1798 5
1799 5
1800 5
1801 5
1802 5
1803 5
1804 5
1805 5
1806 5
1807 5
1808 5
1809 5
1810 5
1811 5
1812 5
1813 5
1814 5
1815 5
1816 5
1817 5
1818 5
1819 5
1820 5
1821 5
1822 5
1823 5
1824 5
1825 5
1826 5
1827 5
1828 5
1829 5
1830 5
1831 5
1832 5
1833 5
1834 5
1835 5
1836 5
1837 5
1838 5
1839 5
1840 5
1841 5
1842 5
1843 5
1844 5
1845 5
1846 5
1847 5
1848 5
1849 5
1850 5
1851 5
1852 5
1853 5
1854 5
1855 5
1856 5
1857 5
1858 5
1859 5
1860 5
1861 5
1862 5
1863 5
1864 5
1865 5
1866 5
1867 5
1868 5
1869 5
1870 5
1871 5
1872 5
1873 5
1874 5
1875 5
1876 5
1877 5
1878 5
1879 5
1880 5
1881 5
1882 5
1883 5
1884 5
1885 5
1886 5
1887 5
1888 5
1889 5
1890 5
1891 5
1892 5
1893 5
1894 5
1895 5
1896 5
1897 5
1898 5
1899 5
1900 5
1901 5
1902 5
1903 5
1904 5
1905 5
1906 5
1907 5
1908 5
1909 5
1910 5
1911 5
1912 5
1913 5
1914 5
1915 5
1916 5
1917 5
1918 5
1919 5
1920 5
1921 5
1922 5
1923 5
1924 5
1925 5
1926 5
1927 5
1928 5
1929 5
1930 5
1931 5
1932 5
1933 5
1934 5
1935 5
1936 5
1937 5
1938 5
1939 5
1940 5
1941 5
1942 5
1943 5
1944 5
1945 5
1946 5
1947 5
1948 5
1949 5
1950 5
1951 5
1952 5
1953 5
1954 5
1955 5
1956 5
1957 5
1958 5
1959 5
1960 5
1961 5
1962 5
1963 5
1964 5
1965 5
1966 5
1967 5
1968 5
1969 5
1970 5
1971 5
1972 5
1973 5
1974 5
1975 5
1976 5
1977 5
1978 5
1979 5
1980 5
1981 5
1982 5
1983 5
1984 5
1985 5
1986 5
1987 5
1988 5
1989 5
1990 5
1991 5
1992 5
1993 5
1994 5
1995 5
1996 5
1997 5
1998 5
1999 5
2000 5
2001 5
2002 5
2003 5
2004 5
2005 5
2006 5
2007 5
2008 5
2009 5
2010 5
2011 5
2012 5
2013 5
2014 5
2015 5
2016 5
2017 5
2018 5
2019 5
2020 5
2021 5
2022 5
2023 5
2024 5
2025 5
2026 5
2027 5
2028 5
2029 5
2030 5
2031 5
2032 5
2033 5
2034 5
2035 5
2036 5
2037 5
2038 5
2039 5
2040 5
2041 5
2042 5
2043 5
2044 4
2045 1
2046 0
2047 1
2048 523776
2049 3142657
2050 8386552
2051 4198388
2052 5245939
2053 3673588
2054 5245939
2055 3673588
2056 5245939
2057 3673588
2058 4723186
2059 4196341
2060 4723186
2061 4196341
2062 4723186
2063 3673588
2064 5245939
2065 3673588
2066 5245939
2067 3673588
2068 4723186
2069 4196341
2070 4723186
2071 4196341
2072 4723186
2073 3673588
2074 5245939
2075 3673588
2076 5245939
2077 3673588
2078 4723186
2079 4196341
2080 4723186
2081 4196341
2082 4723186
2083 3673588
2084 5245939
2085 3673588
2086 5245939
2087 3673588
2088 4723186
2089 4196341
2090 4723186
2091 4196341
2092 4723186
2093 3673588
2094 5245939
2095 3673588
2096 5245939
2097 3673588
2098 4723186
2099 4196341
2100 4723186
2101 4196341
2102 4723186
2103 3673588
2104 5245939
2105 3673588
2106 5245939
2107 3673588
2108 4723186
2109 4196341
2110 4723186
2111 4196341
2112 4723186
2113 3673588
2114 5245939
2115 3673588
2116 5245939
2117 3673588
2118 4723186
2119 4196341
2120 4723186
2121 4196341
2122 4723186
2123 3673588
2124 5245939
2125 3673588
2126 5245939
2127 3673588
2128 4723186
2129 4196341
2130 4723186
2131 4196341
2132 4723186
2133 3673588
2134 5245939
2135 3673588
2136 5245939
2137 3673588
2138 4723186
2139 4196341
2140 4723186
2141 4196341
2142 4723186
2143 3673588
2144 5245939
2145 3673588
2146 5245939
2147 3673588
2148 4723186
2149 4196341
2150 4723186
2151 4196341
2152 4723186
2153 3673588
2154 5245939
2155 3673588
2156 5245939
2157 3673588
2158 4723186
2159 4196341
2160 4723186
2161 4196341
2162 4723186
2163 3673588
2164 5245939
2165 3673588
2166 5245939
2167 3673588
2168 4723186
2169 4196341
2170 4723186
2171 4196341
2172 4723186
2173 3673588
2174 5245939
2175 3673588
2176 5245939
2177 3673588
2178 4723186
2179 4196341
2180 4723186
2181 4196341
2182 4723186
2183 3673588
2184 5245939
2185 3673588
2186 5245939
2187 3673588
2188 4723186
2189 4196341
2190 4723186
2191 4196341
2192 4723186
2193 3673588
2194 5245939
2195 3673588
2196 5245939
2197 3673588
2198 4723186
2199 4196341
2200 4723186
2201 4196341
2202 4723186
2203 3673588
2204 5245939
2205 3673588
2206 5245939
2207 3673588
2208 4723186
2209 4196341
2210 4723186
2211 4196341
2212 4723186
2213 3673588
2214 5245939
2215 3673588
2216 5245939
2217 3673588
2218 4200433
2219 2105329
2220 2632174
2221 2628082
2222 2109421
2223 3150835
2224 2109421
2225 2628082
2226 2632174
2227 2105329
2228 3154927
2229 2105329
2230 2632174
2231 2628082
2232 2109421
2233 3150835
2234 2109421
2235 2628082
2236 2632174
2237 2105329
2238 3154927
2239 2105329
2240 2632174
2241 2628082
2242 2109421
2243 3150835
2244 2109421
2245 2628082
2246 2632174
2247 2105329
2248 3154927
2249 2105329
2250 2632174
2251 2628082
2252 2109421
2253 3150835
2254 2109421
2255 2628082
2256 2632174
2257 2105329
2258 3154927
2259 2105329
2260 2632174
2261 2628082
2262 2109421
2263 3150835
2264 2109421
2265 2628082
2266 2632174
2267 2105329
2268 3154927
2269 2105329
2270 2632174
2271 2628082
2272 2109421
2273 3150835
2274 2109421
2275 2628082
2276 2632174
2277 2105329
2278 3154927
2279 2105329
2280 2632174
2281 2628082
2282 2109421
2283 3150835
2284 2109421
2285 2628082
2286 2632174
2287 2105329
2288 3154927
2289 2105329
2290 2632174
2291 2628082
2292 2109421
2293 3150835
2294 2109421
2295 2628082
2296 2632174
2297 2105329
2298 3154927
2299 2105329
2300 2632174
2301 2628082
2302 2111467
2303 3162088
2304 2124766
2305 2642404
2306 2643429
2307 2114539
2308 3163115
2309 2113517
2310 2640362
2311 2636270
2312 2117609
2313 3159023
2314 2117609
2315 2636270
2316 2640362
2317 2113517
2318 3163115
2319 2113517
2320 2640362
2321 2636270
2322 2117609
2323 3159023
2324 2117609
2325 2636270
2326 2640362
2327 2113517
2328 3163115
2329 2113517
2330 2640362
2331 2636270
2332 2117609
2333 3159023
2334 2117609
2335 2636270
2336 2640362
2337 2113517
2338 3163115
2339 2113517
2340 2640362
2341 2636270
2342 2117609
2343 3159023
2344 2117609
2345 2636270
2346 2640362
2347 2113517
2348 3163115
2349 2113517
2350 2640362
2351 2636270
2352 2117609
2353 3159023
2354 2117609
2355 2636270
2356 2640362
2357 2113517
2358 3163115
2359 2113517
2360 2640362
2361 2636270
2362 2117609
2363 3159023
2364 2117609
2365 2636270
2366 2640362
2367 2113517
2368 3163115
2369 2113517
2370 2640362
2371 2636270
2372 2117609
2373 3159023
2374 2117609
2375 2636270
2376 2640362
2377 2113517
2378 3163115
2379 2113517
2380 2640362
2381 2636270
2382 2117609
2383 3159023
2384 2117609
2385 2636270
2386 2640362
2387 2110448
2388 3154931
2389 2104310
2390 2630132
2391 2628086
2392 2108402
2393 3149816
2394 2107379
2395 2628086
2396 2631155
2397 2104310
2398 3152885
2399 2105333
2400 2631155
2401 2627063
2402 2107379
2403 3150839
2404 2108402
2405 2627063
2406 2630132
2407 2105333
2408 3153908
2409 2104310
2410 2630132
2411 2628086
2412 2108402
2413 3149816
2414 2107379
2415 2628086
2416 2631155
2417 2104310
2418 3152885
2419 2105333
2420 2631155
2421 2627063
2422 2107379
2423 3150839
2424 2108402
2425 2627063
2426 2630132
2427 2105333
2428 3153908
2429 2104310
2430 2630132
2431 2628086
2432 2108402
2433 3149816
2434 2107379
2435 2628086
2436 2631155
2437 2104310
2438 3152885
2439 2105333
2440 2631155
2441 2627063
2442 2107379
2443 3150839
2444 2108402
2445 2627063
2446 2630132
2447 2105333
2448 3153908
2449 2104310
2450 2630132
2451 2628086
2452 2108402
2453 3149816
2454 2107379
2455 2628086
2456 2631155
2457 2104310
2458 3152885
2459 2105333
2460 2631155
2461 2627063
2462 2107379
2463 3150839
2464 2108402
2465 2627063
2466 2630132
2467 2105333
2468 3153908
2469 2104310
2470 2630132
2471 2628086
2472 2108402
2473 3149816
2474 2107379
2475 2628086
2476 2631155
2477 2104310
2478 3152885
2479 2105333
2480 2631155
2481 2627063
2482 2107379
2483 3150839
2484 2108402
2485 2627063
2486 2630132
2487 2105333
2488 3153908
2489 2104310
2490 2630132
2491 2628086
2492 2108402
2493 3149816
2494 2107379
2495 2628086
2496 2631155
2497 2104310
2498 3152885
2499 2105333
2500 2631155
2501 2627063
2502 2107379
2503 3150839
2504 2108402
2505 2627063
2506 2630132
2507 2105333
2508 3153908
2509 2104310
2510 2630132
2511 2628086
2512 2108402
2513 3149816
2514 2107379
2515 2628086
2516 2631155
2517 2104310
2518 3152885
2519 2105333
2520 2631155
2521 2627063
2522 2107379
2523 3150839
2524 2108402
2525 2627063
2526 2630132
2527 2105333
2528 3153908
2529 2104310
2530 2630132
2531 2628086
2532 2108402
2533 3149816
2534 2107379
2535 2628086
2536 2631155
2537 2104310
2538 3152885
2539 2105333
2540 2631155
2541 2627063
2542 2107379
2543 3150839
2544 2108402
2545 2627063
2546 2630132
2547 2105333
2548 3153908
2549 2104310
2550 2630132
2551 2628086
2552 2108402
2553 3149816
2554 2107379
2555 2628086
2556 2631155
2557 2104310
2558 3152885
2559 2109425
2560 2623994
2561 2620925
2562 2096126
2563 3147770
2564 2099195
2565 2623994
2566 2620925
2567 2102264
2568 3144701
2569 2101241
2570 2620925
2571 2625017
2572 2099195
2573 3146747
2574 2098172
2575 2625017
2576 2621948
2577 2101241
2578 3143678
2579 2102264
2580 2621948
2581 2623994
2582 2098172
2583 3147770
2584 2099195
2585 2623994
2586 2620925
2587 2102264
2588 3144701
2589 2101241
2590 2620925
2591 2625017
2592 2099195
2593 3146747
2594 2098172
2595 2625017
2596 2621948
2597 2101241
2598 3143678
2599 2102264
2600 2621948
2601 2623994
2602 2098172
2603 3147770
2604 2099195
2605 2623994
2606 2620925
2607 2102264
2608 3144701
2609 2101241
2610 2620925
2611 2625017
2612 2099195
2613 3146747
2614 2098172
2615 2625017
2616 2621948
2617 2101241
2618 3143678
2619 2102264
2620 2621948
2621 2623994
2622 2098172
2623 3147770
2624 2099195
2625 2623994
2626 2620925
2627 2102264
2628 3144701
2629 2101241
2630 2620925
2631 2625017
2632 2099195
2633 3146747
2634 2098172
2635 2625017
2636 2621948
2637 2101241
2638 3143678
2639 2102264
2640 2621948
2641 2623994
2642 2098172
2643 3147770
2644 2099195
2645 2623994
2646 2620925
2647 2102264
2648 3144701
2649 2101241
2650 2620925
2651 2625017
2652 2099195
2653 3146747
2654 2098172
2655 2625017
2656 2621948
2657 2101241
2658 3143678
2659 2102264
2660 2621948
2661 2623994
2662 2098172
2663 3147770
2664 2099195
2665 2623994
2666 2620925
2667 2102264
2668 3144701
2669 2101241
2670 2620925
2671 2625017
2672 2099195
2673 3146747
2674 2098172
2675 2625017
2676 2621948
2677 2101241
2678 3143678
2679 2102264
2680 2621948
2681 2623994
2682 2098172
2683 3147770
2684 2099195
2685 2623994
2686 2620925
2687 2102264
2688 3144701
2689 2101241
2690 2620925
2691 2625017
2692 2099195
2693 3146747
2694 2098172
2695 2625017
2696 2621948
2697 2101241
2698 3143678
2699 2102264
2700 2621948
2701 2623994
2702 2098172
2703 3147770
2704 2099195
2705 2623994
2706 2620925
2707 2102264
2708 3144701
2709 2101241
2710 2620925
2711 2625017
2712 2099195
2713 3146747
2714 2098172
2715 2625017
2716 2621948
2717 2101241
2718 3143678
2719 2102264
2720 2621948
2721 2623994
2722 2098172
2723 3147770
2724 2099195
2725 2623994
2726 2620925
2727 2102264
2728 3144701
2729 2101241
2730 2620925
2731 2621948
2732 2091011
2733 3136517
2734 2091011
2735 2613764
2736 2613764
2737 2091011
2738 3136517
2739 2091011
2740 2613764
2741 2613764
2742 2091011
2743 3136517
2744 2091011
2745 2613764
2746 2613764
2747 2091011
2748 3136517
2749 2091011
2750 2613764
2751 2613764
2752 2091011
2753 3136517
2754 2091011
2755 2613764
2756 2613764
2757 2091011
2758 3136517
2759 2091011
2760 2613764
2761 2613764
2762 2091011
2763 3136517
2764 2091011
2765 2613764
2766 2613764
2767 2091011
2768 3136517
2769 2091011
2770 2613764
2771 2613764
2772 2091011
2773 3136517
2774 2091011
2775 2613764
2776 2613764
2777 2091011
2778 3136517
2779 2091011
2780 2613764
2781 2613764
2782 2091011
2783 3136517
2784 2091011
2785 2613764
2786 2613764
2787 2091011
2788 3136517
2789 2091011
2790 2613764
2791 2613764
2792 2091011
2793 3136517
2794 2091011
2795 2613764
2796 2613764
2797 2091011
2798 3136517
2799 2091011
2800 2613764
2801 2613764
2802 2091011
2803 3136517
2804 2091011
2805 2613764
2806 2613764
2807 2091011
2808 3136517
2809 2091011
2810 2613764
2811 2613764
2812 2091011
2813 3136517
2814 2091011
2815 2613764
2816 2613764
2817 2091011
2818 3136517
2819 2091011
2820 2613764
2821 2613764
2822 2091011
2823 3136517
2824 2091011
2825 2613764
2826 2613764
2827 2091011
2828 3136517
2829 2091011
2830 2613764
2831 2613764
2832 2091011
2833 3136517
2834 2091011
2835 2613764
2836 2613764
2837 2091011
2838 3136517
2839 2091011
2840 2613764
2841 2613764
2842 2091011
2843 3136517
2844 2091011
2845 2613764
2846 2613764
2847 2091011
2848 3136517
2849 2091011
2850 2613764
2851 2613764
2852 2091011
2853 3136517
2854 2091011
2855 2613764
2856 2613764
2857 2091011
2858 3136517
2859 2091011
2860 2613764
2861 2613764
2862 2091011
2863 3136517
2864 2091011
2865 2613764
2866 2613764
2867 2091011
2868 3136517
2869 2091011
2870 2613764
2871 2613764
2872 2091011
2873 3136517
2874 2091011
2875 2613764
2876 2613764
2877 2091011
2878 3136517
2879 2091011
2880 2613764
2881 2613764
2882 2091011
2883 3136517
2884 2091011
2885 2613764
2886 2613764
2887 2091011
2888 3136517
2889 2091011
2890 2613764
2891 2613764
2892 2091011
2893 3136517
2894 2091011
2895 2613764
2896 2613764
2897 2091011
2898 3136517
2899 2091011
2900 2613764
2901 2613764
2902 2091011
2903 3136517
2904 3659270
2905 4182023
2906 4704776
2907 3659270
2908 5750282
2909 3136517
2910 5227529
2911 3659270
2912 4704776
2913 4704776
2914 4182023
2915 4182023
2916 4704776
2917 3659270
2918 5750282
2919 3136517
2920 5227529
2921 3659270
2922 4704776
2923 4704776
2924 4182023
2925 4182023
2926 4704776
2927 3659270
2928 5750282
2929 3136517
2930 5227529
2931 3659270
2932 4704776
2933 4704776
2934 4182023
2935 4182023
2936 4704776
2937 3659270
2938 5750282
2939 3136517
2940 5227529
2941 3659270
2942 4704776
2943 4704776
2944 4182023
2945 4182023
2946 4704776
2947 3659270
2948 5750282
2949 3136517
2950 5227529
2951 3659270
2952 4704776
2953 4704776
2954 4182023
2955 4182023
2956 4704776
2957 3659270
2958 5750282
2959 3136517
2960 5227529
2961 3659270
2962 4704776
2963 4704776
2964 4182023
2965 4182023
2966 4704776
2967 3659270
2968 5750282
2969 3136517
2970 5227529
2971 3659270
2972 4704776
2973 4704776
2974 4182023
2975 4182023
2976 4704776
2977 3659270
2978 5750282
2979 3136517
2980 5227529
2981 3659270
2982 4704776
2983 4704776
2984 4182023
2985 4182023
2986 4704776
2987 3659270
2988 5750282
2989 3136517
2990 5227529
2991 3659270
2992 4704776
2993 4704776
2994 4182023
2995 4182023
2996 4704776
2997 3659270
2998 5750282
2999 3136517
3000 5227529
3001 3659270
3002 4704776
3003 4704776
3004 4182023
3005 4182023
3006 4704776
3007 3659270
3008 5750282
3009 3136517
3010 5227529
3011 3659270
3012 4704776
3013 4704776
3014 4182023
3015 4182023
3016 4704776
3017 3659270
3018 5750282
3019 3136517
3020 5227529
3021 3659270
3022 4704776
3023 4704776
3024 4182023
3025 4182023
3026 4704776
3027 3659270
3028 5750282
3029 3136517
3030 5227529
3031 3659270
3032 4704776
3033 4704776
3034 4182023
3035 4182023
3036 4704776
3037 3659270
3038 5750282
3039 3136517
3040 5227529
3041 3659270
3042 4704776
3043 4704776
3044 4182023
3045 4182023
3046 4704776
3047 3659270
3048 5750282
3049 3136517
3050 5227529
3051 3659270
3052 4704776
3053 4704776
3054 4182023
3055 4182023
3056 4704776
3057 3659270
3058 5750282
3059 3136517
3060 5227529
3061 3659270
3062 4704776
3063 4704776
3064 4182023
3065 4182023
3066 4704776
3067 3659270
3068 5750282
3069 3136517
3070 5227529
3071 3659270
3072 4704776
3073 4704776
3074 269217794
3075 266081276
