1 0
2 1571329
3 6808066
4 2617858
5 3665410
6 3141634
7 3141634
8 2617858
9 3665410
10 3141634
11 3141634
12 2617858
13 3665410
14 3141634
15 3141634
16 2617858
17 3665410
18 3141634
19 3141634
20 2617858
21 3665410
22 3141634
23 3141634
24 2617858
25 3665410
26 3141634
27 3141634
28 2617858
29 3665410
30 3141634
31 3141634
32 2617858
33 3665410
34 3141634
35 3141634
36 2617858
37 3665410
38 3141634
39 3141634
40 2617858
41 3665410
42 3141634
43 3141634
44 2617858
45 3665410
46 3141634
47 3141634
48 2617858
49 3665410
50 3141634
51 3141634
52 2617858
53 3665410
54 3141634
55 3141634
56 2617858
57 3665410
58 3141634
59 3141634
60 2617858
61 3665410
62 3141634
63 3141634
64 2617858
65 3665410
66 3141634
67 3141634
68 2617858
69 3665410
70 3141634
71 3141634
72 2617858
73 3665410
74 3141634
75 3141634
76 2617858
77 3665410
78 3141634
79 3141634
80 2617858
81 3665410
82 3141634
83 3141634
84 2617858
85 3665410
86 3141634
87 3141634
88 2617858
89 3665410
90 3141634
91 3141634
92 2617858
93 3665410
94 3141634
95 3141634
96 2617858
97 3665410
98 3141634
99 3141634
100 2617858
101 3665410
102 3141634
103 3141634
104 2617858
105 3665410
106 3141634
107 3141634
108 2617858
109 3665410
110 3141634
111 3141634
112 2617858
113 3665410
114 3141634
115 3141634
116 2617858
117 3665410
118 3141634
119 3141634
120 2617858
121 3665410
122 3141634
123 3141634
124 2617858
125 3665410
126 3141634
127 3141634
128 2617858
129 3665410
130 3141634
131 3141634
132 2617858
133 3665410
134 3141634
135 3141634
136 2617858
137 3665410
138 3141634
139 3141634
140 2617858
141 3665410
142 3141634
143 3141634
144 2617858
145 3665410
146 3141634
147 3141634
148 2617858
149 3665410
150 3141634
151 3141634
152 2617858
153 3665410
154 3141634
155 3141634
156 2617858
157 3665410
158 3141634
159 3141634
160 2617858
161 3665410
162 3141634
163 3141634
164 2617858
165 3665410
166 3141634
167 3141634
168 2617858
169 3665410
170 3141634
171 3141634
172 2617858
173 3665410
174 3141634
175 3141634
176 2617858
177 3665410
178 3141634
179 3141634
180 2617858
181 3665410
182 3141634
183 3141634
184 2617858
185 3665410
186 3141634
187 3141634
188 2617858
189 3665410
190 3141634
191 3141634
192 2617858
193 3665410
194 3141634
195 3141634
196 2617858
197 3665410
198 3141634
199 3141634
200 2617858
201 3665410
202 3141634
203 3141634
204 2617858
205 3665410
206 3141634
207 3141634
208 2617858
209 3665410
210 3141634
211 3141634
212 2617858
213 3665410
214 3141634
215 3141634
216 2617858
217 3665410
218 3141634
219 3141634
220 2617858
221 3665410
222 3141634
223 3141634
224 2617858
225 3665410
226 3141634
227 3141634
228 2617858
229 3665410
230 3141634
231 3141634
232 2617858
233 3665410
234 3141634
235 3141634
236 2617858
237 3665410
238 3141634
239 3141634
240 2617858
241 3665410
242 3141634
243 3141634
244 2617858
245 3665410
246 3141634
247 3141634
248 2617858
249 3665410
250 3141634
251 3141634
252 2617858
253 3665410
254 3141634
255 3141634
256 2617858
257 3665410
258 3141634
259 3141634
260 2617858
261 3665410
262 3141634
263 3141634
264 2617858
265 3665410
266 3141634
267 3141634
268 2617858
269 3665410
270 3141634
271 3141634
272 2617858
273 3665410
274 3141634
275 3141634
276 2617858
277 3665410
278 3141634
279 3141634
280 2617858
281 3665410
282 3141634
283 3141634
284 2617858
285 3665410
286 3141634
287 3141634
288 2617858
289 3665410
290 3141634
291 3141634
292 2617858
293 3665410
294 3141634
295 3141634
296 2617858
297 3665410
298 3141634
299 3141634
300 2617858
301 3665410
302 3141634
303 3141634
304 2617858
305 3665410
306 3141634
307 3141634
308 2617858
309 3665410
310 3141634
311 3141634
312 2617858
313 3665410
314 3141634
315 3141634
316 2617858
317 3665410
318 3141634
319 3141634
320 2617858
321 3665410
322 3141634
323 3141634
324 2617858
325 3665410
326 3141634
327 3141634
328 2617858
329 3665410
330 3141634
331 3141634
332 2617858
333 3665410
334 3141634
335 3141634
336 2617858
337 3665410
338 3141634
339 3141634
340 2617858
341 3665410
342 3141634
343 3141634
344 2617858
345 3665410
346 3141634
347 3141634
348 2617858
349 3665410
350 3141634
351 3141634
352 2617858
353 3665410
354 3141634
355 3141634
356 2617858
357 3665410
358 3141634
359 3141634
360 2617858
361 3665410
362 3141634
363 3141634
364 2617858
365 3665410
366 3141634
367 3141634
368 2617858
369 3665410
370 3141634
371 3141634
372 2617858
373 3665410
374 3141634
375 3141634
376 2617858
377 3665410
378 3141634
379 3141634
380 2617858
381 3665410
382 3141634
383 3141634
384 2617858
385 3665410
386 3141634
387 3141634
388 2617858
389 3665410
390 3141634
391 3141634
392 2617858
393 3665410
394 3141634
395 3141634
396 2617858
397 3665410
398 3141634
399 3141634
400 2617858
401 3665410
402 3141634
403 3141634
404 2617858
405 3665410
406 3141634
407 3141634
408 2617858
409 3665410
410 3141634
411 3141634
412 2617858
413 3665410
414 3141634
415 3141634
416 2617858
417 3665410
418 3141634
419 3141634
420 2617858
421 3665410
422 3141634
423 3141634
424 2617858
425 3665410
426 3141634
427 3141634
428 2617858
429 3665410
430 3141634
431 3141634
432 2617858
433 3665410
434 3141634
435 3141634
436 2617858
437 3665410
438 3141634
439 3141634
440 2617858
441 3665410
442 3141634
443 3141634
444 2617858
445 3665410
446 3141634
447 3141634
448 2617858
449 3665410
450 3141634
451 3141634
452 2617858
453 3665410
454 3141634
455 3141634
456 2617858
457 3665410
458 3141634
459 3141634
460 2617858
461 3665410
462 3141634
463 3141634
464 2617858
465 3665410
466 3141634
467 3141634
468 2617858
469 3665410
470 3141634
471 3141634
472 2617858
473 3665410
474 3141634
475 3141634
476 2617858
477 3665410
478 3141634
479 3141634
480 2617858
481 3665410
482 3141634
483 3141634
484 2617858
485 3665410
486 3141634
487 3141634
488 2617858
489 3665410
490 3141634
491 3141634
492 2617858
493 3665410
494 3141634
495 3141634
496 2617858
497 3665410
498 3141634
499 3141634
500 2617858
501 3665410
502 3141634
503 3141634
504 2617858
505 3665410
506 3141634
507 3141634
508 2617858
509 3665410
510 3141634
511 3141634
512 2617858
513 3665410
514 3141634
515 3141634
516 2617858
517 3665410
518 3141634
519 3141634
520 2617858
521 3665410
522 3141634
523 3141634
524 2617858
525 3665410
526 3141634
527 3141634
528 2617858
529 3665410
530 3141634
531 3141634
532 2617858
533 3665410
534 3141634
535 3141634
536 2617858
537 3665410
538 3141634
539 3141634
540 2617858
541 3665410
542 3141634
543 3141634
544 2617858
545 3665410
546 3141634
547 3141634
548 2617858
549 3665410
550 3141634
551 3141634
552 2617858
553 3665410
554 3141634
555 3141634
556 2617858
557 3665410
558 3141634
559 3141634
560 2617858
561 3665410
562 3141634
563 3141634
564 2617858
565 3665410
566 3141634
567 3141634
568 2617858
569 3665410
570 3141634
571 3141634
572 2617858
573 3665410
574 3141634
575 3141634
576 2617858
577 3665410
578 3141634
579 3141634
580 2617858
581 3665410
582 3141634
583 3141634
584 2617858
585 3665410
586 3141634
587 3141634
588 2617858
589 3665410
590 3141634
591 3141634
592 2617858
593 3665410
594 3141634
595 3141634
596 2617858
597 3665410
598 3141634
599 3141634
600 2617858
601 3665410
602 3141634
603 3141634
604 2617858
605 3665410
606 3141634
607 3141634
608 2617858
609 3665410
610 3141634
611 3141634
612 2617858
613 3665410
614 3141634
615 3141634
616 2617858
617 3665410
618 3141634
619 3141634
620 2617858
621 3665410
622 3141634
623 3141634
624 2617858
625 3665410
626 3141634
627 3141634
628 2617858
629 3665410
630 3141634
631 3141634
632 2617858
633 3665410
634 3141634
635 3141634
636 2617858
637 3665410
638 3141634
639 3141634
640 2617858
641 3665410
642 3141634
643 3141634
644 2617858
645 3665410
646 3141634
647 3141634
648 2617858
649 3665410
650 3141634
651 3141634
652 2617858
653 3665410
654 3141634
655 3141634
656 2617858
657 3665410
658 3141634
659 3141634
660 2617858
661 3665410
662 3141634
663 3141634
664 2617858
665 3665410
666 3141634
667 3141634
668 2617858
669 3665410
670 3141634
671 3141634
672 2617858
673 3665410
674 3141634
675 3141634
676 2617858
677 3665410
678 3141634
679 3141634
680 2617858
681 3665410
682 3141634
683 3141634
684 2617858
685 3665410
686 3141634
687 3141634
688 2617858
689 3665410
690 3141634
691 3141634
692 2617858
693 3665410
694 3141634
695 3141634
696 2617858
697 3665410
698 3141634
699 3141634
700 2617858
701 3665410
702 3141634
703 3141634
704 2617858
705 3665410
706 3141634
707 3141634
708 2617858
709 3665410
710 3141634
711 3141634
712 2617858
713 3665410
714 3141634
715 3141634
716 2617858
717 3665410
718 3141634
719 3141634
720 2617858
721 3665410
722 3141634
723 3141634
724 2617858
725 3665410
726 3141634
727 3141634
728 2617858
729 3665410
730 3141634
731 3141634
732 2617858
733 3665410
734 3141634
735 3141634
736 2617858
737 3665410
738 3141634
739 3141634
740 2617858
741 3665410
742 3141634
743 3141634
744 2617858
745 3665410
746 3141634
747 3141634
748 2617858
749 3665410
750 3141634
751 3141634
752 2617858
753 3665410
754 3141634
755 3141634
756 2617858
757 3665410
758 3141634
759 3141634
760 2617858
761 3665410
762 3141634
763 3141634
764 2617858
765 3665410
766 3141634
767 3141634
768 2617858
769 3665410
770 3141634
771 3141634
772 2617858
773 3665410
774 3141634
775 3141634
776 2617858
777 3665410
778 3141634
779 3141634
780 2617858
781 3665410
782 3141634
783 3141634
784 2617858
785 3665410
786 3141634
787 3141634
788 2617858
789 3665410
790 3141634
791 3141634
792 2617858
793 3665410
794 3141634
795 3141634
796 2617858
797 3665410
798 3141634
799 3141634
800 2617858
801 3665410
802 3141634
803 3141634
804 2617858
805 3665410
806 3141634
807 3141634
808 2617858
809 3665410
810 3141634
811 3141634
812 2617858
813 3665410
814 3141634
815 3141634
816 2617858
817 3665410
818 3141634
819 3141634
820 2617858
821 3665410
822 3141634
823 3141634
824 2617858
825 3665410
826 3141634
827 3141634
828 2617858
829 3665410
830 3141634
831 3141634
832 2617858
833 3665410
834 3141634
835 3141634
836 2617858
837 3665410
838 3141634
839 3141634
840 2617858
841 3665410
842 3141634
843 3141634
844 2617858
845 3665410
846 3141634
847 3141634
848 2617858
849 3665410
850 3141634
851 3141634
852 2617858
853 3665410
854 3141634
855 3141634
856 2617858
857 3665410
858 3141634
859 3141634
860 2617858
861 3665410
862 3141634
863 3141634
864 2617858
865 3665410
866 3141634
867 3141634
868 2617858
869 3665410
870 3141634
871 3141634
872 2617858
873 3665410
874 3141634
875 3141634
876 2617858
877 3665410
878 3141634
879 3141634
880 2617858
881 3665410
882 3141634
883 3141634
884 2617858
885 3665410
886 3141634
887 3141634
888 2617858
889 3665410
890 3141634
891 3141634
892 2617858
893 3665410
894 3141634
895 3141634
896 2617858
897 3665410
898 3141634
899 3141634
900 2617858
901 3665410
902 3141634
903 3141634
904 2617858
905 3665410
906 3141634
907 3141634
908 2617858
909 3665410
910 3141634
911 3141634
912 2617858
913 3665410
914 3141634
915 3141634
916 2617858
917 3665410
918 3141634
919 3141634
920 2617858
921 3665410
922 3141634
923 3141634
924 2617858
925 3665410
926 3141634
927 3141634
928 2617858
929 3665410
930 3141634
931 3141634
932 2617858
933 3665410
934 3141634
935 3141634
936 2617858
937 3665410
938 3141634
939 3141634
940 2617858
941 3665410
942 3141634
943 3141634
944 2617858
945 3665410
946 3141634
947 3141634
948 2617858
949 3665410
950 3141634
951 3141634
952 2617858
953 3665410
954 3141634
955 3141634
956 2617858
957 3665410
958 3141634
959 3141634
960 2617858
961 3665410
962 3141634
963 3141634
964 2617858
965 3665410
966 3141634
967 3141634
968 2617858
969 3665410
970 3141634
971 3141634
972 2617858
973 3665410
974 3141634
975 3141634
976 2617858
977 3665410
978 3141634
979 3141634
980 2617858
981 3665410
982 3141634
983 3141634
984 2617858
985 3665410
986 3141634
987 3141634
988 2617858
989 3665410
990 3141634
991 3141634
992 2617858
993 3665410
994 3141634
995 3141634
996 2617858
997 3665410
998 3141634
999 3141634
1000 2617858
1001 3665410
1002 3141634
1003 3141634
1004 2617858
1005 3665410
1006 3141634
1007 3141634
1008 2617858
1009 3665410
1010 3141634
1011 3141634
1012 2617858
1013 3665410
1014 3141634
1015 3141634
1016 2617858
1017 3665410
1018 3141634
1019 3141634
1020 2617858
1021 3665410
1022 3141634
1023 3141634
1024 2617858
1025 3665410
1026 135136254
1027 399646204
1028 4092
1029 5116
1030 4092
1031 5116
1032 4092
1033 5116
1034 4092
1035 5116
1036 4092
1037 5116
1038 4092
1039 5116
1040 4092
1041 5116
1042 4092
1043 5116
1044 4092
1045 5116
1046 4092
1047 5116
1048 4092
1049 5116
1050 4092
1051 5116
1052 4092
1053 5116
1054 4092
1055 5116
1056 4092
1057 5116
1058 4092
1059 5116
1060 4092
1061 5116
1062 4092
1063 5116
1064 4092
1065 5116
1066 4092
1067 5116
1068 4092
1069 5116
1070 4092
1071 5116
1072 4092
1073 5116
1074 4092
1075 5116
1076 4092
1077 5116
1078 4092
1079 5116
1080 4092
1081 5116
1082 4092
1083 5116
1084 4092
1085 5116
1086 4092
1087 5116
1088 4092
1089 5116
1090 4092
1091 5116
1092 4092
1093 5116
1094 4092
1095 5116
1096 4092
1097 5116
1098 4092
1099 5116
1100 4092
1101 5116
1102 4092
1103 5116
1104 4092
1105 5116
1106 4092
1107 5116
1108 4092
1109 5116
1110 4092
1111 5116
1112 4092
1113 5116
1114 4092
1115 5116
1116 4092
1117 5116
1118 4092
1119 5116
1120 4092
1121 5116
1122 4092
1123 5116
1124 4092
1125 5116
1126 4092
1127 5116
1128 4092
1129 5116
1130 4092
1131 5116
1132 4092
1133 5116
1134 4092
1135 5116
1136 4092
1137 5116
1138 4092
1139 5116
1140 4092
1141 5116
1142 4092
1143 5116
1144 4092
1145 5116
1146 4092
1147 5116
1148 4092
1149 5116
1150 4092
1151 5116
1152 4092
1153 5116
1154 4092
1155 5116
1156 4092
1157 5116
1158 4092
1159 5116
1160 4092
1161 5116
1162 4092
1163 5116
1164 4092
1165 5116
1166 4092
1167 5116
1168 4092
1169 5116
1170 4092
1171 5116
1172 4092
1173 5116
1174 4092
1175 5116
1176 4092
1177 5116
1178 4092
1179 5116
1180 4092
1181 5116
1182 4092
1183 5116
1184 4092
1185 5116
1186 4092
1187 5116
1188 4092
1189 5116
1190 4092
1191 5116
1192 4092
1193 5116
1194 4092
1195 5116
1196 4092
1197 5116
1198 4092
1199 5116
1200 4092
1201 5116
1202 4092
1203 5116
1204 4092
1205 5116
1206 4092
1207 5116
1208 4092
1209 5116
1210 4092
1211 5116
1212 4092
1213 5116
1214 4092
1215 5116
1216 4092
1217 5116
1218 4092
1219 5116
1220 4092
1221 5116
1222 4092
1223 5116
1224 4092
1225 5116
1226 4092
1227 5116
1228 4092
1229 5116
1230 4092
1231 5116
1232 4092
1233 5116
1234 4092
1235 5116
1236 4092
1237 5116
1238 4092
1239 5116
1240 4092
1241 5116
1242 4092
1243 5116
1244 4092
1245 5116
1246 4092
1247 5116
1248 4092
1249 5116
1250 4092
1251 5116
1252 4092
1253 5116
1254 4092
1255 5116
1256 4092
1257 5116
1258 4092
1259 5116
1260 4092
1261 5116
1262 4092
1263 5116
1264 4092
1265 5116
1266 4092
1267 5116
1268 4092
1269 5116
1270 4092
1271 5116
1272 4092
1273 5116
1274 4092
1275 5116
1276 4092
1277 5116
1278 4092
1279 5116
1280 4092
1281 5116
1282 4092
1283 5116
1284 4092
1285 5116
1286 4092
1287 5116
1288 4092
1289 5116
1290 4092
1291 5116
1292 4092
1293 5116
1294 4092
1295 5116
1296 4092
1297 5116
1298 4092
1299 5116
1300 4092
1301 5116
1302 4092
1303 5116
1304 4092
1305 5116
1306 4092
1307 5116
1308 4092
1309 5116
1310 4092
1311 5116
1312 4092
1313 5116
1314 4092
1315 5116
1316 4092
1317 5116
1318 4092
1319 5116
1320 4092
1321 5116
1322 4092
1323 5116
1324 4092
1325 5116
1326 4092
1327 5116
1328 4092
1329 5116
1330 4092
1331 5116
1332 4092
1333 5116
1334 4092
1335 5116
1336 4092
1337 5116
1338 4092
1339 5116
1340 4092
1341 5116
1342 4092
1343 5116
1344 4092
1345 5116
1346 4092
1347 5116
1348 4092
1349 5116
1350 4092
1351 5116
1352 4092
1353 5116
1354 4092
1355 5116
1356 4092
1357 5116
1358 4092
1359 5116
1360 4092
1361 5116
1362 4092
1363 5116
1364 4092
1365 5116
1366 4092
1367 5116
1368 4092
1369 5116
1370 4092
1371 5116
1372 4092
1373 5116
1374 4092
1375 5116
1376 4092
1377 5116
1378 4092
1379 5116
1380 4092
1381 5116
1382 4092
1383 5116
1384 4092
1385 5116
1386 4092
1387 5116
1388 4092
1389 5116
1390 4092
1391 5116
1392 4092
1393 5116
1394 4092
1395 5116
1396 4092
1397 5116
1398 4092
1399 5116
1400 4092
1401 5116
1402 4092
1403 5116
1404 4092
1405 5116
1406 4092
1407 5116
1408 4092
1409 5116
1410 4092
1411 5116
1412 4092
1413 5116
1414 4092
1415 5116
1416 4092
1417 5116
1418 4092
1419 5116
1420 4092
1421 5116
1422 4092
1423 5116
1424 4092
1425 5116
1426 4092
1427 5116
1428 4092
1429 5116
1430 4092
1431 5116
1432 4092
1433 5116
1434 4092
1435 5116
1436 4092
1437 5116
1438 4092
1439 5116
1440 4092
1441 5116
1442 4092
1443 5116
1444 4092
1445 5116
1446 4092
1447 5116
1448 4092
1449 5116
1450 4092
1451 5116
1452 4092
1453 5116
1454 4092
1455 5116
1456 4092
1457 5116
1458 4092
1459 5116
1460 4092
1461 5116
1462 4092
1463 5116
1464 4092
1465 5116
1466 4092
1467 5116
1468 4092
1469 5116
1470 4092
1471 5116
1472 4092
1473 5116
1474 4092
1475 5116
1476 4092
1477 5116
1478 4092
1479 5116
1480 4092
1481 5116
1482 4092
1483 5116
1484 4092
1485 5116
1486 4092
1487 5116
1488 4092
1489 5116
1490 4092
1491 5116
1492 4092
1493 5116
1494 4092
1495 5116
1496 4092
1497 5116
1498 4092
1499 5116
1500 4092
1501 5116
1502 4092
1503 5116
1504 4092
1505 5116
1506 4092
1507 5116
1508 4092
1509 5116
1510 4092
1511 5116
1512 4092
1513 5116
1514 4092
1515 5116
1516 4092
1517 5116
1518 4092
1519 5116
1520 4092
1521 5116
1522 4092
1523 5116
1524 4092
1525 5116
1526 4092
1527 5116
1528 4092
1529 5116
1530 4092
1531 5116
1532 4092
1533 5116
1534 4092
1535 5116
1536 4092
1537 5116
1538 4092
1539 5116
1540 4092
1541 5116
1542 4092
1543 5116
1544 4092
1545 5116
1546 4092
1547 5116
1548 4092
1549 5116
1550 4092
1551 5116
1552 4092
1553 5116
1554 4092
1555 5116
1556 4092
1557 5116
1558 4092
1559 5116
1560 4092
1561 5116
1562 4092
1563 5116
1564 4092
1565 5116
1566 4092
1567 5116
1568 4092
1569 5116
1570 4092
1571 5116
1572 4092
1573 5116
1574 4092
1575 5116
1576 4092
1577 5116
1578 4092
1579 5116
1580 4092
1581 5116
1582 4092
1583 5116
1584 4092
1585 5116
1586 4092
1587 5116
1588 4092
1589 5116
1590 4092
1591 5116
1592 4092
1593 5116
1594 4092
1595 5116
1596 4092
1597 5116
1598 4092
1599 5116
1600 4092
1601 5116
1602 4092
1603 5116
1604 4092
1605 5116
1606 4092
1607 5116
1608 4092
1609 5116
1610 4092
1611 5116
1612 4092
1613 5116
1614 4092
1615 5116
1616 4092
1617 5116
1618 4092
1619 5116
1620 4092
1621 5116
1622 4092
1623 5116
1624 4092
1625 5116
1626 4092
1627 5116
1628 4092
1629 5116
1630 4092
1631 5116
1632 4092
1633 5116
1634 4092
1635 5116
1636 4092
1637 5116
1638 4092
1639 5116
1640 4092
1641 5116
1642 4092
1643 5116
1644 4092
1645 5116
1646 4092
1647 5116
1648 4092
1649 5116
1650 4092
1651 5116
1652 4092
1653 5116
1654 4092
1655 5116
1656 4092
1657 5116
1658 4092
1659 5116
1660 4092
1661 5116
1662 4092
1663 5116
1664 4092
1665 5116
1666 4092
1667 5116
1668 4092
1669 5116
1670 4092
1671 5116
1672 4092
1673 5116
1674 4092
1675 5116
1676 4092
1677 5116
1678 4092
1679 5116
1680 4092
1681 5116
1682 4092
1683 5116
1684 4092
1685 5116
1686 4092
1687 5116
1688 4092
1689 5116
1690 4092
1691 5116
1692 4092
1693 5116
1694 4092
1695 5116
1696 4092
1697 5116
1698 4092
1699 5116
1700 4092
1701 5116
1702 4092
1703 7164
1704 9212
1705 9212
1706 9212
1707 9212
1708 9212
1709 9212
1710 9212
1711 9212
1712 9212
1713 9212
1714 9212
1715 9212
1716 9212
1717 9212
1718 9212
1719 9212
1720 9212
1721 9212
1722 9212
1723 9212
1724 9212
1725 9212
1726 9212
1727 9212
1728 9212
1729 9212
1730 9212
1731 9212
1732 9212
1733 9212
1734 9212
1735 9212
1736 9212
1737 9212
1738 9212
1739 9212
1740 9212
1741 9212
1742 9212
1743 9212
1744 9212
1745 9212
1746 9212
1747 9212
1748 9212
1749 9212
1750 9212
1751 9212
1752 9212
1753 9212
1754 9212
1755 9212
1756 9212
1757 9212
1758 9212
1759 9212
1760 9212
1761 9212
1762 9212
1763 9212
1764 9212
1765 9212
1766 9212
1767 9212
1768 9212
1769 9212
1770 9212
1771 9212
1772 9212
1773 9212
1774 9212
1775 9212
1776 9212
1777 9212
1778 9212
1779 9212
1780 9212
1781 9212
1782 9212
1783 9212
1784 9212
1785 9212
1786 9212
1787 9212
1788 9212
1789 9212
1790 9212
1791 9212
1792 9212
1793 9212
1794 9212
1795 9212
1796 9212
1797 9212
1798 9212
1799 9212
1800 9212
1801 9212
1802 9212
1803 9212
1804 9212
1805 9212
1806 9212
1807 9212
1808 9212
1809 9212
1810 9212
1811 9212
1812 9212
1813 9212
1814 9212
1815 9212
1816 9212
1817 9212
1818 9212
1819 9212
1820 9212
1821 9212
1822 9212
1823 9212
1824 9212
1825 9212
1826 9212
1827 9212
1828 9212
1829 9212
1830 9212
1831 9212
1832 9212
1833 9212
1834 9212
1835 9212
1836 9212
1837 9212
1838 9212
1839 9212
1840 9212
1841 9212
1842 9212
1843 9212
1844 9212
1845 9212
1846 9212
1847 9212
1848 9212
1849 9212
1850 9212
1851 9212
1852 9212
1853 9212
1854 9212
1855 9212
1856 9212
1857 9212
1858 9212
1859 9212
1860 9212
1861 9212
1862 9212
1863 9212
1864 9212
1865 9212
1866 9212
1867 9212
1868 9212
1869 9212
1870 9212
1871 9212
1872 9212
1873 9212
1874 9212
1875 9212
1876 9212
1877 9212
1878 9212
1879 9212
1880 9212
1881 9212
1882 9212
1883 9212
1884 9212
1885 9212
1886 9212
1887 9212
1888 9212
1889 9212
1890 9212
1891 9212
1892 9212
1893 9212
1894 9212
1895 9212
1896 9212
1897 9212
1898 9212
1899 9212
1900 9212
1901 9212
1902 9212
1903 9212
1904 9212
1905 9212
1906 9212
1907 9212
1908 9212
1909 9212
1910 9212
1911 9212
1912 9212
1913 9212
1914 9212
1915 9212
1916 9212
1917 9212
1918 9212
1919 9212
1920 9212
1921 9212
1922 9212
1923 9212
1924 9212
1925 9212
1926 9212
1927 9212
1928 9212
1929 9212
1930 9212
1931 9212
1932 9212
1933 9212
1934 9212
1935 9212
1936 9212
1937 9212
1938 9212
1939 9212
1940 9212
1941 9212
1942 9212
1943 9212
1944 9212
1945 9212
1946 9212
1947 9212
1948 9212
1949 9212
1950 9212
1951 9212
1952 9212
1953 9212
1954 9212
1955 9212
1956 9212
1957 9212
1958 9212
1959 9212
1960 9212
1961 9212
1962 9212
1963 9212
1964 9212
1965 9212
1966 9212
1967 9212
1968 9212
1969 9212
1970 9212
1971 9212
1972 9212
1973 9212
1974 9212
1975 9212
1976 9212
1977 9212
1978 9212
1979 9212
1980 9212
1981 9212
1982 9212
1983 9212
1984 9212
1985 9212
1986 9212
1987 9212
1988 9212
1989 9212
1990 9212
1991 9212
1992 9212
1993 9212
1994 9212
1995 9212
1996 9212
1997 9212
1998 9212
1999 9212
2000 9212
2001 9212
2002 9212
2003 9212
2004 9212
2005 9212
2006 9212
2007 9212
2008 9212
2009 9212
2010 9212
2011 9212
2012 9212
2013 9212
2014 9212
2015 9212
2016 9212
2017 9212
2018 9212
2019 9212
2020 9212
2021 9212
2022 9212
2023 9212
2024 9212
2025 9212
2026 9212
2027 9212
2028 9212
2029 9212
2030 9212
2031 9212
2032 9212
2033 9212
2034 9212
2035 9212
2036 9212
2037 9212
2038 9212
2039 9212
2040 9212
2041 9212
2042 9212
2043 9212
2044 8188
2045 5116
2046 4092
2047 5116
2048 4092
2049 5116
2050 1022
2051 1022
