0 1
0.0625 0.749626011296
0.1875 0.3901083804
17.625 0.376431079225
17.6875 0.374538238437
18.0625 0.265119829034
32.0625 0.140558693329
516.0625 0.139635926737
518.0625 0.124988551366
1532.0625 0.124988543913
1536.0625 0.124988514099
1540.0625 0.124988484284
1544.0625 0.12498845447
1548.0625 0.124988428383
1552.0625 0.124988424656
1568.0625 0.124988420929
1584.0625 0.124988417203
1600.0625 0.124988413476
1616.0625 0.124988409749
1632.0625 0.124988406022
1648.0625 0.124988402295
1664.0625 0.124988398569
1680.0625 0.124988394842
1696.0625 0.124988391115
1712.0625 0.124988387388
1728.0625 0.124988383662
1744.0625 0.124988379935
1760.0625 0.124988376208
1776.0625 0.124988372481
1792.0625 0.124988368755
1808.0625 0.124988365028
1824.0625 0.124988361301
1840.0625 0.124988357574
1856.0625 0.124988353847
1872.0625 0.124988350121
1888.0625 0.124988346394
1904.0625 0.124988342667
1920.0625 0.12498833894
1936.0625 0.124988335214
1952.0625 0.124988331487
1968.0625 0.12498832776
1984.0625 0.124988324033
2000.0625 0.124988320307
2016.0625 0.12498831658
2032.0625 0.124988312853
2044.0625 0.124985480509
2048.0625 0.124958021676
4112.0625 0.124933048598
4128.0625 0.05502291292
4144.0625 0.000396885971607
12256.0625 0.00039659528364
12288.0625 0.000395920738485
12320.0625 0.000395917011716
12352.0625 0.000395909558178
12384.0625 0.000395898377872
12416.0625 0.000395890924334
12448.0625 0.000395887197565
12480.0625 0.000395879744028
12512.0625 0.000395868563721
12544.0625 0.000395864836952
12576.0625 0.000395853656646
12608.0625 0.000395846203108
12640.0625 0.000395838749571
12672.0625 0.000395831296033
12704.0625 0.000395827569264
12736.0625 0.000395820115727
12768.0625 0.000395812662189
12800.0625 0.000395805208651
12832.0625 0.000395797755114
12864.0625 0.000395786574807
12896.0625 0.00039577912127
12928.0625 0.000395771667732
12960.0625 0.000395764214194
12992.0625 0.000395760487426
13024.0625 0.000395753033888
13056.0625 0.00039574558035
13088.0625 0.000395734400044
13120.0625 0.000395726946506
13152.0625 0.000395719492969
13184.0625 0.000395712039431
13216.0625 0.000395704585893
13248.0625 0.000395697132356
13280.0625 0.000395693405587
13312.0625 0.000395685952049
13344.0625 0.000395678498512
13376.0625 0.000395667318205
13408.0625 0.000395659864668
13440.0625 0.00039565241113
13472.0625 0.000395648684361
13504.0625 0.000395637504055
13536.0625 0.000395633777286
13568.0625 0.000395622596979
13600.0625 0.000395615143442
13632.0625 0.000395611416673
13664.0625 0.000395600236367
13696.0625 0.000395596509598
13728.0625 0.000395585329291
13760.0625 0.000395577875754
13792.0625 0.000395574148985
13824.0625 0.000395566695447
13856.0625 0.00039555924191
13888.0625 0.000395551788372
13920.0625 0.000395544334834
13952.0625 0.000395533154528
13984.0625 0.00039552570099
14016.0625 0.000395521974221
14048.0625 0.000395510793915
14080.0625 0.000395503340377
14112.0625 0.00039549588684
14144.0625 0.000395488433302
14176.0625 0.000395484706533
14208.0625 0.000395473526227
14240.0625 0.000395466072689
14272.0625 0.000395458619152
14304.0625 0.000395454892383
14336.0625 0.000395447438845
14368.0625 0.000395436258539
14400.0625 0.000395428805001
14432.0625 0.000395421351464
14464.0625 0.000395413897926
14496.0625 0.000395410171157
14528.0625 0.000395398990851
14560.0625 0.000395391537313
14592.0625 0.000395387810544
14624.0625 0.000395376630238
14656.0625 0.0003953691767
14688.0625 0.000395365449931
14720.0625 0.000395354269625
14752.0625 0.000395350542856
14784.0625 0.000395343089318
14816.0625 0.000395331909012
14848.0625 0.000395324455474
14880.0625 0.000395320728706
14912.0625 0.000395313275168
14944.0625 0.00039530582163
14976.0625 0.000395298368093
15008.0625 0.000395287187786
15040.0625 0.000395279734249
15072.0625 0.00039527600748
15104.0625 0.000395264827173
15136.0625 0.000395257373636
15168.0625 0.000395249920098
15200.0625 0.00039524246656
15232.0625 0.000395238739792
15264.0625 0.000395227559485
15296.0625 0.000395223832716
15328.0625 0.000395216379179
15360.0625 0.000395208925641
15392.0625 0.000395197745335
15424.0625 0.000395194018566
15456.0625 0.000395186565028
15488.0625 0.000395179111491
15520.0625 0.000395167931184
15552.0625 0.000395160477647
15584.0625 0.000395156750878
15616.0625 0.000395145570571
15648.0625 0.000395138117034
15680.0625 0.000395130663496
15712.0625 0.000395126936727
15744.0625 0.00039511948319
15776.0625 0.000395112029652
15808.0625 0.000395104576114
15840.0625 0.000395097122577
15872.0625 0.00039508594227
15904.0625 0.000395082215501
15936.0625 0.000395071035195
15968.0625 0.000395067308426
16000.0625 0.000395059854889
16032.0625 0.000395052401351
16064.0625 0.000395041221044
16096.0625 0.000395033767507
16128.0625 0.000395030040738
16160.0625 0.0003950225872
16192.0625 0.000395015133663
16224.0625 0.000395003953356
16256.0625 0.000395000226588
16288.0625 0.00039499277305
16320.0625 0.000394985319512
16352.0625 0.000212071779356
16384.0625 0.000152648450618
