0 1
0.0625 0.749638765085
0.1875 0.390154059059
17.625 0.376478010461
17.6875 0.374585343021
18.0625 0.26517695423
32.0625 0.140627225919
514.0625 0.140627223435
516.0625 0.139711749503
518.0625 0.125058430383
538.0625 0.125058427899
540.0625 0.125058425415
544.0625 0.125058422931
548.0625 0.125058420446
552.0625 0.125058415478
556.0625 0.125058410509
560.0625 0.125058405541
564.0625 0.125058400572
568.0625 0.125058393119
572.0625 0.125058385666
576.0625 0.125058378213
580.0625 0.125058370761
584.0625 0.125058360823
588.0625 0.125058350886
592.0625 0.125058340949
596.0625 0.125058331012
600.0625 0.125058318591
604.0625 0.125058306169
608.0625 0.125058293748
610.0625 0.125058288779
612.0625 0.125058281326
614.0625 0.125058273873
616.0625 0.125058266421
618.0625 0.125058256483
620.0625 0.125058251515
622.0625 0.125058241578
624.0625 0.125058236609
626.0625 0.125058226672
628.0625 0.125058221703
630.0625 0.125058209282
632.0625 0.125058204313
634.0625 0.125058191892
636.0625 0.125058186923
638.0625 0.125058174502
640.0625 0.125058167049
642.0625 0.125058157112
644.0625 0.125058147175
646.0625 0.125058137238
648.0625 0.125058127301
650.0625 0.125058117364
652.0625 0.125058102458
654.0625 0.125058095005
656.0625 0.125058082584
658.0625 0.125058075131
660.0625 0.125058062709
662.0625 0.125058052772
664.0625 0.125058037866
666.0625 0.125058027929
668.0625 0.125058015508
670.0625 0.125058000602
672.0625 0.125057993149
674.0625 0.125057975759
676.0625 0.125057965822
678.0625 0.125057950916
680.0625 0.125057940979
682.0625 0.125057926074
684.0625 0.125057916136
686.0625 0.125057901231
688.0625 0.125057883841
690.0625 0.125057868935
692.0625 0.125057858998
694.0625 0.125057844092
696.0625 0.125057829186
698.0625 0.125057814281
700.0625 0.125057796891
702.0625 0.125057786954
704.0625 0.125057767079
706.0625 0.125057757142
708.0625 0.125057739752
710.0625 0.125057722362
712.0625 0.125057707456
714.0625 0.125057690066
716.0625 0.125057675161
718.0625 0.125057655286
720.0625 0.125057642865
722.0625 0.125057620507
724.0625 0.125057613054
726.0625 0.125057590695
728.0625 0.125057573305
730.0625 0.125057555915
732.0625 0.125057533557
734.0625 0.125057516167
736.0625 0.125057496292
738.0625 0.125057481387
740.0625 0.125057461512
742.0625 0.125057446607
744.0625 0.125057421764
746.0625 0.125057404374
748.0625 0.125057386984
750.0625 0.125057362141
752.0625 0.125057349719
754.0625 0.125057322392
756.0625 0.125057309971
758.0625 0.125057287612
760.0625 0.125057260285
762.0625 0.125057242895
764.0625 0.125057218052
766.0625 0.125057200662
768.0625 0.125057178304
770.0625 0.125057160914
772.0625 0.125057131102
774.0625 0.125057113712
776.0625 0.125057091354
778.0625 0.125057064027
780.0625 0.125057049121
782.0625 0.12505701931
784.0625 0.125056999435
786.0625 0.125056974592
788.0625 0.12505694975
790.0625 0.125056927391
792.0625 0.125056902548
794.0625 0.125056877705
796.0625 0.125056855347
798.0625 0.125056830504
800.0625 0.125056803177
802.0625 0.125056780818
804.0625 0.12505675846
806.0625 0.125056726164
808.0625 0.12505670629
810.0625 0.125056673994
812.0625 0.125056644182
814.0625 0.125056629277
816.0625 0.125056594497
818.0625 0.125056574623
820.0625 0.125056544811
822.0625 0.125056517484
824.0625 0.125056487673
826.0625 0.12505646283
828.0625 0.125056430534
830.0625 0.125056403207
832.0625 0.125056373395
834.0625 0.125056353521
836.0625 0.125056313773
838.0625 0.125056298867
840.0625 0.125056259118
842.0625 0.125056229307
844.0625 0.12505620198
846.0625 0.125056174653
848.0625 0.125056137388
850.0625 0.12505611503
852.0625 0.12505608025
854.0625 0.125056052923
856.0625 0.125056018143
858.0625 0.125055983363
860.0625 0.125055953551
862.0625 0.125055916287
864.0625 0.125055893928
866.0625 0.12505585418
868.0625 0.125055824368
870.0625 0.125055794557
872.0625 0.125055757293
874.0625 0.125055722513
876.0625 0.125055695186
878.0625 0.125055655437
880.0625 0.125055623141
882.0625 0.125055585877
884.0625 0.125055556066
886.0625 0.125055521286
888.0625 0.125055481537
890.0625 0.125055446757
892.0625 0.125055414461
894.0625 0.125055372229
896.0625 0.125055344901
898.0625 0.125055305153
900.0625 0.125055265404
902.0625 0.12505522814
904.0625 0.125055198329
906.0625 0.125055153611
908.0625 0.125055121316
910.0625 0.125055076599
912.0625 0.125055044303
914.0625 0.12505500207
916.0625 0.125054969774
918.0625 0.125054927542
920.0625 0.125054890277
922.0625 0.125054848044
924.0625 0.125054805812
926.0625 0.125054768547
928.0625 0.125054718862
930.0625 0.125054694019
932.0625 0.12505465427
934.0625 0.125054612037
936.0625 0.125054564836
938.0625 0.125054520119
940.0625 0.125054482855
942.0625 0.125054440622
944.0625 0.125054395905
946.0625 0.125054351187
948.0625 0.125054321376
950.0625 0.125054269206
952.0625 0.125054226973
954.0625 0.125054187225
956.0625 0.125054137539
958.0625 0.125054095306
960.0625 0.125054050589
962.0625 0.12505401084
964.0625 0.125053963639
966.0625 0.125053918922
968.0625 0.125053869236
970.0625 0.125053817066
972.0625 0.125053787255
974.0625 0.1250537326
976.0625 0.125053690368
978.0625 0.125053638198
980.0625 0.125053593481
982.0625 0.125053543795
984.0625 0.125053496593
986.0625 0.125053456845
988.0625 0.125053402191
990.0625 0.125053354989
992.0625 0.125053302819
994.0625 0.125053245681
996.0625 0.125053213385
998.0625 0.125053156246
1000.0625 0.125053096624
1002.0625 0.125053059359
1004.0625 0.125053004705
1006.0625 0.125052955019
1008.0625 0.125052897881
1010.0625 0.125052855648
1012.0625 0.125052800994
1014.0625 0.125052746339
1016.0625 0.125052694169
1018.0625 0.125052639515
1020.0625 0.125052574924
1022.0625 0.125052537659
1024.0625 0.125052433319
1028.0625 0.125052319042
1032.0625 0.125052204765
1036.0625 0.125052095457
1040.0625 0.125051991117
1044.0625 0.125051874355
1048.0625 0.125051762562
1052.0625 0.125051645801
1056.0625 0.125051543945
1060.0625 0.1250514247
1064.0625 0.125051315391
1068.0625 0.125051203598
1072.0625 0.125051099258
1076.0625 0.125050982497
1080.0625 0.125050875673
1084.0625 0.12505076388
1088.0625 0.125050647118
1092.0625 0.12505053781
1096.0625 0.125050426017
1100.0625 0.12505031174
1104.0625 0.125050199947
1108.0625 0.12505008567
1112.0625 0.12504998133
1116.0625 0.1250498596
1120.0625 0.12504975526
1124.0625 0.125049643467
1128.0625 0.125049534159
1132.0625 0.125049419882
1136.0625 0.125049300636
1140.0625 0.125049193812
1144.0625 0.125049082019
1148.0625 0.12504897271
1152.0625 0.125048865886
1156.0625 0.125048751609
1160.0625 0.125048637332
1164.0625 0.125048523055
1168.0625 0.125048411262
1172.0625 0.125048309406
1176.0625 0.125048202582
1180.0625 0.125048088305
1184.0625 0.125047966575
1188.0625 0.125047862235
1192.0625 0.125047745474
1196.0625 0.125047641134
1200.0625 0.125047524372
1204.0625 0.125047417548
1208.0625 0.125047298302
1212.0625 0.125047196447
1216.0625 0.125047074717
1220.0625 0.125046967892
1224.0625 0.125046863552
1228.0625 0.125046749275
1232.0625 0.125046634998
1236.0625 0.125046523205
1240.0625 0.12504642135
1244.0625 0.125046297135
1248.0625 0.125046185343
1252.0625 0.125046081003
1256.0625 0.125045961757
1260.0625 0.125045849964
1264.0625 0.125045748108
1268.0625 0.125045626378
1272.0625 0.12504551707
1276.0625 0.12504541273
1280.0625 0.125045298453
1284.0625 0.12504518666
1288.0625 0.125045074867
1292.0625 0.125044968043
1296.0625 0.125044853766
1300.0625 0.125044741973
1304.0625 0.125044625212
1308.0625 0.12504452584
1312.0625 0.125044416532
1316.0625 0.125044304739
1320.0625 0.125044190462
1324.0625 0.125044078669
1328.0625 0.125043966876
1332.0625 0.125043850115
1336.0625 0.125043740806
1340.0625 0.125043629013
1344.0625 0.125043519705
1348.0625 0.125043410396
1352.0625 0.125043303572
1356.0625 0.125043194263
1360.0625 0.125043082471
1364.0625 0.125042968194
1368.0625 0.125042851432
1372.0625 0.125042747092
1376.0625 0.125042632815
1380.0625 0.125042521022
1384.0625 0.125042409229
1388.0625 0.125042304889
1392.0625 0.125042185644
1396.0625 0.125042073851
1400.0625 0.12504197448
1404.0625 0.125041857718
1408.0625 0.125041743441
1412.0625 0.125041634132
1416.0625 0.125041519855
1420.0625 0.125041418
1424.0625 0.125041298754
1428.0625 0.125041186961
1432.0625 0.125041072684
1436.0625 0.12504096586
1440.0625 0.125040856551
1444.0625 0.125040737306
1448.0625 0.12504063545
1452.0625 0.125040523657
1456.0625 0.125040404411
1460.0625 0.125040292619
1464.0625 0.12504018331
1468.0625 0.125040081454
1472.0625 0.125039964693
1476.0625 0.1250398529
1480.0625 0.125039738623
1484.0625 0.12503962683
1488.0625 0.125039517522
1492.0625 0.125039410697
1496.0625 0.125039293936
1500.0625 0.125039179659
1504.0625 0.12503907035
1508.0625 0.125038958558
1512.0625 0.125038841796
1516.0625 0.125038732488
1520.0625 0.125038620695
1524.0625 0.12503851387
1528.0625 0.125038402078
1532.0625 0.125038285316
1536.0625 0.125038161102
1540.0625 0.125038158618
2552.0625 0.125038156133
2576.0625 0.125038153649
2592.0625 0.125038151165
2608.0625 0.125038148681
2624.0625 0.125038146196
2640.0625 0.125038143712
2656.0625 0.125038141228
2672.0625 0.125038138743
2688.0625 0.125038136259
2704.0625 0.125038133775
2720.0625 0.125038131291
2736.0625 0.125038128806
2752.0625 0.125038126322
2768.0625 0.125038123838
2784.0625 0.125038121353
2800.0625 0.125038118869
2816.0625 0.125038116385
2832.0625 0.125038113901
2848.0625 0.125038111416
2864.0625 0.125038108932
2880.0625 0.125038106448
2896.0625 0.125038103963
2912.0625 0.125038101479
2928.0625 0.125038098995
2944.0625 0.125038096511
2960.0625 0.125038094026
2976.0625 0.125038091542
2992.0625 0.125038089058
3008.0625 0.125038086573
3024.0625 0.125038084089
3040.0625 0.125038081605
3056.0625 0.125038079121
3064.0625 0.125037363647
3072.0625 0.125017807355
4112.0625 0.124992400572
4128.0625 0.0547932063271
4144.0625 0.000467443067342
4176.0625 0.000467440583057
4192.0625 0.000467438098772
4208.0625 0.000467435614487
4224.0625 0.000467430645917
4240.0625 0.000467423193062
4256.0625 0.000467415740207
4272.0625 0.000467405803067
4288.0625 0.000467395865927
4304.0625 0.000467383444502
4320.0625 0.000467371023077
4336.0625 0.000467353633082
4352.0625 0.000467338727372
4368.0625 0.000467321337377
4384.0625 0.000467303947382
4400.0625 0.000467286557387
4416.0625 0.000467264198822
4432.0625 0.000467241840257
4448.0625 0.000467219481691
4464.0625 0.000467194638841
4480.0625 0.000467172280276
4496.0625 0.000467142468856
4512.0625 0.000467115141721
4528.0625 0.000467085330301
4544.0625 0.000467055518881
4560.0625 0.000467023223176
4576.0625 0.000466990927471
4592.0625 0.000466956147481
4608.0625 0.00046692136749
4624.0625 0.000466884103215
4640.0625 0.00046684683894
4656.0625 0.00046680709038
4672.0625 0.00046676734182
4688.0625 0.000466725108975
4704.0625 0.000466682876129
4720.0625 0.000466638158999
4736.0625 0.000466593441869
4752.0625 0.000466546240454
4768.0625 0.000466499039039
4784.0625 0.000466449353339
4800.0625 0.000466397183353
4816.0625 0.000466337560513
4832.0625 0.000466282906243
4848.0625 0.000466223283403
4864.0625 0.000466166144848
4880.0625 0.000466104037722
4896.0625 0.000466046899167
4912.0625 0.000465982307757
4928.0625 0.000465922684917
4944.0625 0.000465860577791
4960.0625 0.000465788533526
4976.0625 0.000465723942116
4992.0625 0.000465659350706
5008.0625 0.00046559227501
5024.0625 0.000465520230745
5040.0625 0.000465450670765
5056.0625 0.0004653786265
5072.0625 0.000465301613664
5088.0625 0.000465227085114
5104.0625 0.000465145103709
5120.0625 0.000465063122303
5136.0625 0.000464986109468
5152.0625 0.000464894190923
5168.0625 0.000464809725233
5184.0625 0.000464727743827
5200.0625 0.000464635825282
5216.0625 0.000464548875307
5232.0625 0.000464459441046
5248.0625 0.000464372491071
5264.0625 0.000464283056811
5280.0625 0.00046419362255
5296.0625 0.000464101704005
5312.0625 0.00046400481689
5328.0625 0.000463900476919
5344.0625 0.000463798621234
5360.0625 0.000463699249833
5376.0625 0.000463594909863
5392.0625 0.000463488085608
5408.0625 0.000463388714207
5424.0625 0.000463281889952
5440.0625 0.000463170097126
5456.0625 0.000463063272871
5472.0625 0.000462951480046
5488.0625 0.00046284465579
5504.0625 0.00046273037868
5520.0625 0.000462608648714
5536.0625 0.000462484434464
5552.0625 0.000462360220213
5568.0625 0.000462245943103
5584.0625 0.000462124213138
5600.0625 0.000462002483172
5616.0625 0.000461880753207
5632.0625 0.000461763991811
5648.0625 0.000461629840421
5664.0625 0.000461498173315
5680.0625 0.00046136153764
5696.0625 0.000461234839104
5712.0625 0.000461098203429
5728.0625 0.000460964052038
5744.0625 0.000460824932078
5760.0625 0.000460693264972
5776.0625 0.000460549176442
5792.0625 0.000460412540766
5808.0625 0.000460258515096
5824.0625 0.00046011194228
5840.0625 0.000459965369464
5856.0625 0.000459818796649
5872.0625 0.000459677192403
5888.0625 0.000459528135303
5904.0625 0.000459374109632
5920.0625 0.000459217599677
5936.0625 0.000459058605436
5952.0625 0.00045889215834
5968.0625 0.00045873813267
5984.0625 0.000458576654144
6000.0625 0.000458412691334
6016.0625 0.000458251212808
6032.0625 0.000458089734282
6048.0625 0.000457925771472
6064.0625 0.000457749387236
6080.0625 0.000457573003001
6096.0625 0.000457396618765
6112.0625 0.000457230171669
6128.0625 0.000457066208859
6144.0625 0.000456884856053
6160.0625 0.000456696050392
6176.0625 0.000456517181872
6192.0625 0.000456335829066
6208.0625 0.000456151991975
6224.0625 0.00045597560774
6240.0625 0.000455786802079
6256.0625 0.000455585574993
6272.0625 0.000455399253617
6288.0625 0.000455202995102
6304.0625 0.000455004252301
6320.0625 0.00045482041521
6336.0625 0.00045463657812
6352.0625 0.000454427898179
6368.0625 0.000454226671093
6384.0625 0.000454027928292
6400.0625 0.000453824216922
6416.0625 0.000453625474121
6432.0625 0.00045341182561
6448.0625 0.000453200661384
6464.0625 0.000452984528588
6480.0625 0.000452775848648
6496.0625 0.000452562200137
6512.0625 0.000452356004481
6528.0625 0.000452124965975
6544.0625 0.000451906348894
6560.0625 0.000451687731814
6576.0625 0.000451451724738
6592.0625 0.000451238076227
6608.0625 0.000451004553436
6624.0625 0.0004507784835
6640.0625 0.000450542476424
6656.0625 0.000450313922203
6672.0625 0.000450082883698
6688.0625 0.000449849360907
6704.0625 0.000449605900976
6720.0625 0.00044937486247
6736.0625 0.000449133886824
6752.0625 0.000448897879748
6768.0625 0.000448646966962
6784.0625 0.000448391085606
6800.0625 0.000448147625675
6816.0625 0.0004479116186
6832.0625 0.000447648284389
6848.0625 0.000447389918748
6864.0625 0.000447129068822
6880.0625 0.000446870703181
6896.0625 0.00044661233754
6912.0625 0.000446349003329
6928.0625 0.000446085669118
6944.0625 0.000445827303477
6960.0625 0.000445571422121
6976.0625 0.000445285729345
6992.0625 0.000445009973709
7008.0625 0.000444739186643
7024.0625 0.000444475852432
7040.0625 0.000444195128226
7056.0625 0.000443916888305
7072.0625 0.000443641132669
7088.0625 0.000443365377033
7104.0625 0.000443077199972
7120.0625 0.000442776601485
7136.0625 0.000442493392994
7152.0625 0.000442205215933
7168.0625 0.000441909586017
7184.0625 0.000441613956101
7200.0625 0.000441323294755
7216.0625 0.000441022696269
7232.0625 0.000440727066353
7248.0625 0.000440409077872
7264.0625 0.00044012090081
7280.0625 0.000439797943759
7296.0625 0.000439507282413
7312.0625 0.000439191778217
7328.0625 0.000438883726876
7344.0625 0.00043856822268
7360.0625 0.000438240297058
7376.0625 0.000437934730002
7392.0625 0.000437614257236
7408.0625 0.00043728384733
7424.0625 0.000436950953139
7440.0625 0.000436630480372
7456.0625 0.000436305039036
7472.0625 0.00043596966056
7488.0625 0.000435649187794
7504.0625 0.000435313809318
7520.0625 0.000434966009416
7536.0625 0.00043463063094
7552.0625 0.000434300221034
7568.0625 0.000433949936847
7584.0625 0.000433607105516
7600.0625 0.000433269242755
7616.0625 0.000432909021429
7632.0625 0.000432551284387
7648.0625 0.000432196031631
7664.0625 0.00043183332602
7680.0625 0.000431490494688
7696.0625 0.000431132757647
7712.0625 0.000430742724901
7728.0625 0.000430387472144
7744.0625 0.000430034703673
7760.0625 0.000429652123781
7776.0625 0.000429276996745
7792.0625 0.000428914291134
7808.0625 0.000428524258387
7824.0625 0.000428146647066
7840.0625 0.000427771520029
7856.0625 0.000427396392993
7872.0625 0.000427003875962
7888.0625 0.00042662129607
7904.0625 0.000426228779039
7920.0625 0.000425821356297
7936.0625 0.000425446229261
7952.0625 0.000425043775089
7968.0625 0.000424641320918
7984.0625 0.000424256256741
8000.0625 0.00042383392829
8016.0625 0.000423428989833
8032.0625 0.000423009145667
8048.0625 0.000422616628635
8064.0625 0.000422196784469
8080.0625 0.000421776940302
8096.0625 0.000421362064706
8112.0625 0.000420939736254
8128.0625 0.000420509954947
8144.0625 0.000420092595066
8160.0625 0.000419655360904
8176.0625 0.000419223095313
8192.0625 0.000418361048414
8224.0625 0.000417464221526
8256.0625 0.000416584784633
8288.0625 0.000415712800595
8320.0625 0.000414823426561
8352.0625 0.000413948958238
8384.0625 0.000413074489915
8416.0625 0.000412187600166
8448.0625 0.000411300710418
8480.0625 0.000410416304955
8512.0625 0.000409524446636
8544.0625 0.000408647494028
8576.0625 0.000407758119995
8608.0625 0.000406883651672
8640.0625 0.000406016636203
8672.0625 0.00040512726217
8704.0625 0.000404255278132
8736.0625 0.000403358451243
8768.0625 0.00040247404578
8800.0625 0.000401594608887
8832.0625 0.000400727593419
8864.0625 0.000399833250815
8896.0625 0.000398951329637
8928.0625 0.000398061955604
8960.0625 0.00039718251871
8992.0625 0.000396283207537
9024.0625 0.000395403770644
9056.0625 0.000394531786606
9088.0625 0.000393637444002
9120.0625 0.000392755522824
9152.0625 0.000391881054501
9184.0625 0.000390984227612
9216.0625 0.000390114727859
9248.0625 0.000389240259536
9280.0625 0.000388353369788
9312.0625 0.000387468964324
9344.0625 0.000386579590291
9376.0625 0.000385707606253
9408.0625 0.000384820716504
9440.0625 0.000383943763896
9472.0625 0.000383051905578
9504.0625 0.00038218489011
9536.0625 0.000381300484646
9568.0625 0.000380413594898
9600.0625 0.000379534158005
9632.0625 0.000378654721111
9664.0625 0.000377750441368
9696.0625 0.000376871004475
9728.0625 0.000375989083296
9760.0625 0.000375117099258
9792.0625 0.00037423020951
9824.0625 0.000373355741187
9856.0625 0.000372473820008
9888.0625 0.00037157202455
9920.0625 0.000370692587657
9952.0625 0.000369803213623
9984.0625 0.00036891880816
10016.0625 0.000368046824122
10048.0625 0.000367154965804
10080.0625 0.00036626559177
10112.0625 0.000365383670592
10144.0625 0.000364491812274
10176.0625 0.000363614859665
10208.0625 0.000362750328482
10240.0625 0.000361865923019
10272.0625 0.00036097903327
10304.0625 0.000360094627807
10336.0625 0.000359220159484
10368.0625 0.000358323332596
10400.0625 0.000357436442847
10432.0625 0.000356559490239
10464.0625 0.000355667631921
10496.0625 0.000354790679312
10528.0625 0.000353911242419
10560.0625 0.000353024352671
10592.0625 0.000352134978638
10624.0625 0.000351245604604
10656.0625 0.000350373620566
10688.0625 0.000349506605098
10720.0625 0.000348617231064
10752.0625 0.000347725372746
10784.0625 0.000346858357278
10816.0625 0.000345973951815
10848.0625 0.000345099483491
10880.0625 0.000344210109458
10912.0625 0.00034331825114
10944.0625 0.000342433845676
10976.0625 0.000341559377353
11008.0625 0.00034067497189
11040.0625 0.000339793050712
11072.0625 0.000338906160963
11104.0625 0.000338019271215
11136.0625 0.000337134865752
11168.0625 0.000336250460288
11200.0625 0.000335371023395
11232.0625 0.000334491586502
11264.0625 0.000333634508174
11296.0625 0.000332735197
11328.0625 0.000331845822967
11360.0625 0.000330963901789
11392.0625 0.00033007204347
11424.0625 0.000329172732297
11456.0625 0.000328295779689
11488.0625 0.000327401437085
11520.0625 0.000326514547337
11552.0625 0.000325647531869
11584.0625 0.00032476064212
11616.0625 0.000323878720942
11648.0625 0.000323004252619
11680.0625 0.000322137237151
11712.0625 0.000321260284542
11744.0625 0.000320385816219
11776.0625 0.000319469115051
11808.0625 0.000318594646728
11840.0625 0.000317710241264
11872.0625 0.000316815898661
11904.0625 0.000315926524628
11936.0625 0.000315069446299
11968.0625 0.000314194977976
12000.0625 0.000313300635373
12032.0625 0.000312391387059
12064.0625 0.000311511950166
12096.0625 0.000310652387553
12128.0625 0.000309710843534
12160.0625 0.000308828922356
12192.0625 0.000307964391173
12224.0625 0.000307047690004
12256.0625 0.000306240297376
12288.0625 0.000305268941938
20416.0625 0.000305266457653
20480.0625 0.000305256520513
20544.0625 0.000305249067658
20608.0625 0.000305239130518
20672.0625 0.000305229193378
20736.0625 0.000305216771953
20800.0625 0.000305209319098
20864.0625 0.000305199381958
20928.0625 0.000305189444818
20992.0625 0.000305179507678
21056.0625 0.000305167086252
21120.0625 0.000305159633397
21184.0625 0.000305147211972
21248.0625 0.000305139759117
21312.0625 0.000305129821977
21376.0625 0.000305117400552
21440.0625 0.000305109947697
21504.0625 0.000305100010557
21568.0625 0.000305087589132
21632.0625 0.000305077651992
21696.0625 0.000305067714852
21760.0625 0.000305060261997
21824.0625 0.000305047840572
21888.0625 0.000305037903432
21952.0625 0.000305030450577
22016.0625 0.000305018029152
22080.0625 0.000305008092012
22144.0625 0.000304998154872
22208.0625 0.000304988217732
22272.0625 0.000304978280592
22336.0625 0.000304968343452
22400.0625 0.000304960890597
22464.0625 0.000304948469172
22528.0625 0.000304938532032
22592.0625 0.000304931079177
22656.0625 0.000304921142037
22720.0625 0.000304908720612
22784.0625 0.000304898783471
22848.0625 0.000304891330616
22912.0625 0.000304881393476
22976.0625 0.000304871456336
23040.0625 0.000304859034911
23104.0625 0.000304851582056
23168.0625 0.000304839160631
23232.0625 0.000304831707776
23296.0625 0.000304821770636
23360.0625 0.000304809349211
23424.0625 0.000304801896356
23488.0625 0.000304791959216
23552.0625 0.000304782022076
23616.0625 0.000304772084936
23680.0625 0.000304759663511
23744.0625 0.000304749726371
23808.0625 0.000304742273516
23872.0625 0.000304732336376
23936.0625 0.000304719914951
24000.0625 0.000304712462096
24064.0625 0.000304700040671
24128.0625 0.000304690103531
24192.0625 0.000304680166391
24256.0625 0.000304672713536
24320.0625 0.000304662776396
24384.0625 0.000304652839256
24448.0625 0.000304642902116
24512.0625 0.00020937554058
24576.0625 0.000142458839571
