0 1
0.0625 0.927414424868
0.125 0.751235592377
0.1875 0.67080574471
0.25 0.636727110152
0.3125 0.549274044017
0.375 0.459270344463
0.4375 0.406797232766
0.5 0.406735523893
0.6875 0.406694384645
0.75 0.406653245396
0.8125 0.406632675772
0.875 0.406612106147
1.0625 0.40655550949
1.125 0.406498912833
1.1875 0.406478343209
1.25 0.406457773584
1.4375 0.40641152212
1.5 0.406365270655
1.5625 0.406344701031
1.625 0.406324131407
1.8125 0.406282992158
1.875 0.406241852909
1.9375 0.406221283285
2.0 0.406200713661
2.1875 0.406144117003
2.25 0.406087520346
2.3125 0.406066950722
2.375 0.406046381097
2.5625 0.406005241849
2.625 0.4059641026
2.6875 0.405943532976
2.75 0.405922963351
2.9375 0.405881824103
3.0 0.405840684854
3.0625 0.405815003014
3.125 0.405789321174
3.3125 0.405732724516
3.375 0.405676127859
3.4375 0.405655558235
3.5 0.405634988611
3.6875 0.405593849362
3.75 0.405552710113
3.8125 0.405532140489
3.875 0.405511570865
4.0625 0.405470431616
4.125 0.405429292367
4.1875 0.405408722743
4.25 0.405388153118
4.4375 0.405331556461
4.5 0.405274959804
4.5625 0.40525439018
4.625 0.405233820555
4.6875 0.40522870834
4.75 0.405223596124
4.8125 0.405182456875
4.875 0.405141317626
4.9375 0.405120748002
5.0 0.405100178378
5.1875 0.405059039129
5.25 0.40501789988
5.3125 0.404997330256
5.375 0.404976760632
5.5625 0.404920163974
5.625 0.404863567317
5.6875 0.404842997693
5.75 0.404822428069
5.9375 0.40478128882
6.0 0.404740149571
6.0625 0.404719579947
6.125 0.404699010323
6.3125 0.404652758858
6.375 0.404606507393
6.4375 0.404585937769
6.5 0.404565368145
6.6875 0.404508771488
6.75 0.40445217483
6.8125 0.404431605206
6.875 0.404411035582
7.0625 0.404369896333
7.125 0.404328757084
7.1875 0.40430818746
7.25 0.404287617836
7.4375 0.404246478587
7.5 0.404205339338
7.5625 0.404184769714
7.625 0.40416420009
7.8125 0.404107603432
7.875 0.404051006775
7.9375 0.404025324935
8.0 0.403999643095
8.1875 0.403958503846
8.25 0.403917364598
8.3125 0.403896794973
8.375 0.403876225349
8.5625 0.4038350861
8.625 0.403793946851
8.6875 0.403773377227
8.75 0.403752807603
8.9375 0.403696210946
9.0 0.403639614288
9.0625 0.403619044664
9.125 0.40359847504
9.3125 0.403557335791
9.375 0.403516196542
9.4375 0.403495626918
9.5 0.403475057294
9.5625 0.403469945078
9.625 0.403464832862
9.6875 0.403423693613
9.75 0.403382554365
9.8125 0.40336198474
9.875 0.403341415116
10.0625 0.403284818459
10.125 0.403228221802
10.1875 0.403207652177
10.25 0.403187082553
10.4375 0.403145943304
10.5 0.403104804055
10.5625 0.403084234431
10.625 0.403063664807
10.8125 0.403022525558
10.875 0.402981386309
10.9375 0.402960816685
11.0 0.402940247061
11.1875 0.402878538188
11.25 0.402816829315
11.3125 0.40279625969
11.375 0.402775690066
11.5625 0.402734550817
11.625 0.402693411569
11.6875 0.402672841944
11.75 0.40265227232
11.9375 0.402611133071
12.0 0.402569993823
12.0625 0.402549424198
12.125 0.402528854574
12.3125 0.402472257917
12.375 0.40241566126
12.4375 0.402395091635
12.5 0.402374522011
12.6875 0.402333382762
12.75 0.402292243513
12.8125 0.402266561673
12.875 0.402240879833
13.0625 0.402199740584
13.125 0.402158601336
13.1875 0.402138031711
13.25 0.402117462087
13.4375 0.40206086543
13.5 0.402004268773
13.5625 0.401983699148
13.625 0.401963129524
13.8125 0.401921990275
13.875 0.401880851027
13.9375 0.401860281402
14.0 0.401839711778
14.1875 0.401798572529
14.25 0.401757433281
14.3125 0.401736863656
14.375 0.401716294032
14.4375 0.401711181816
14.5 0.4017060696
14.5625 0.401649472943
14.625 0.401592876286
14.6875 0.401572306661
14.75 0.401551737037
14.9375 0.401510597788
15.0 0.40146945854
15.0625 0.401448888915
15.125 0.401428319291
15.3125 0.401387180042
15.375 0.401346040794
15.4375 0.401325471169
15.5 0.401304901545
15.6875 0.401248304888
15.75 0.401191708231
15.8125 0.401171138606
15.875 0.401150568982
16.0625 0.401104317517
16.125 0.401058066053
16.1875 0.401037496429
16.25 0.401016926804
16.4375 0.400975787556
16.5 0.400934648307
16.5625 0.400914078683
16.625 0.400893509058
16.8125 0.400836912401
16.875 0.400780315744
16.9375 0.400759746119
17.0 0.400739176495
17.1875 0.400698037246
17.25 0.400656897998
17.3125 0.400636328373
17.375 0.400615758749
17.5625 0.4005746195
17.625 0.400533480252
17.6875 0.400507798412
17.75 0.400482116571
17.9375 0.400425519914
18.0 0.400368923257
18.0625 0.400348353633
18.125 0.400327784008
18.3125 0.40028664476
18.375 0.400245505511
18.4375 0.400224935887
18.5 0.400204366262
18.6875 0.400163227014
18.75 0.400122087765
18.8125 0.400101518141
18.875 0.400080948516
19.0625 0.400024351859
19.125 0.399967755202
19.1875 0.399947185577
19.25 0.399926615953
19.3125 0.399921503737
19.375 0.399916391521
19.4375 0.399875252273
19.5 0.399834113024
19.5625 0.3998135434
19.625 0.399792973775
19.8125 0.399751834527
19.875 0.399710695278
19.9375 0.399690125654
20.0 0.399669556029
20.1875 0.399612959372
20.25 0.399556362715
20.3125 0.399535793091
20.375 0.399515223466
20.5625 0.399474084218
20.625 0.399432944969
20.6875 0.399412375345
20.75 0.39939180572
20.9375 0.399345554256
21.0 0.399299302791
21.0625 0.399278733167
21.125 0.399258163542
21.3125 0.399201566885
21.375 0.399144970228
21.4375 0.399124400604
21.5 0.399103830979
21.6875 0.399062691731
21.75 0.399021552482
21.8125 0.399000982858
21.875 0.398980413233
22.0625 0.398939273985
22.125 0.398898134736
22.1875 0.398877565112
22.25 0.398856995487
22.4375 0.39880039883
22.5 0.398743802173
22.5625 0.398718120333
22.625 0.398692438493
22.8125 0.398651299244
22.875 0.398610159995
22.9375 0.398589590371
23.0 0.398569020747
23.1875 0.398527881498
23.25 0.398486742249
23.3125 0.398466172625
23.375 0.398445603
23.5625 0.398389006343
23.625 0.398332409686
23.6875 0.398311840062
23.75 0.398291270437
23.9375 0.398250131189
24.0 0.39820899194
24.0625 0.398188422316
24.125 0.398167852691
24.1875 0.398162740476
24.25 0.39815762826
24.3125 0.398116489011
24.375 0.398075349762
24.4375 0.398054780138
24.5 0.398034210514
24.6875 0.397977613856
24.75 0.397921017199
24.8125 0.397900447575
24.875 0.397879877951
25.0625 0.397838738702
25.125 0.397797599453
25.1875 0.397777029829
25.25 0.397756460205
25.4375 0.397715320956
25.5 0.397674181707
25.5625 0.397653612083
25.625 0.397633042458
25.8125 0.397571333585
25.875 0.397509624712
25.9375 0.397489055088
26.0 0.397468485464
26.1875 0.397427346215
26.25 0.397386206966
26.3125 0.397365637342
26.375 0.397345067718
26.5625 0.397303928469
26.625 0.39726278922
26.6875 0.397242219596
26.75 0.397221649972
26.9375 0.397165053314
27.0 0.397108456657
27.0625 0.397087887033
27.125 0.397067317409
27.3125 0.39702617816
27.375 0.396985038911
27.4375 0.396959357071
27.5 0.396933675231
27.6875 0.396892535982
27.75 0.396851396733
27.8125 0.396830827109
27.875 0.396810257485
28.0625 0.396753660828
28.125 0.39669706417
28.1875 0.396676494546
28.25 0.396655924922
28.4375 0.396614785673
28.5 0.396573646424
28.5625 0.3965530768
28.625 0.396532507176
28.8125 0.396491367927
28.875 0.396450228678
28.9375 0.396429659054
29.0 0.39640908943
29.0625 0.396403977214
29.125 0.396398864998
29.1875 0.396342268341
29.25 0.396285671684
29.3125 0.396265102059
29.375 0.396244532435
29.5625 0.396203393186
29.625 0.396162253937
29.6875 0.396141684313
29.75 0.396121114689
29.9375 0.39607997544
30.0 0.396038836191
30.0625 0.396018266567
30.125 0.395997696943
30.3125 0.395941100286
30.375 0.395884503628
30.4375 0.395863934004
30.5 0.39584336438
30.6875 0.395797112915
30.75 0.395750861451
30.8125 0.395730291826
30.875 0.395709722202
31.0625 0.395668582953
31.125 0.395627443705
31.1875 0.39560687408
31.25 0.395586304456
31.4375 0.395529707799
31.5 0.395473111142
31.5625 0.395452541517
31.625 0.395431971893
31.8125 0.395390832644
31.875 0.395349693395
31.9375 0.395329123771
32.0 0.395308554147
32.1875 0.395226275649
32.3125 0.395174911969
32.5625 0.395061718655
32.6875 0.395020579406
32.9375 0.394938300909
33.0625 0.39489716166
33.3125 0.394814883163
33.4375 0.394773743914
33.6875 0.394660550599
33.8125 0.394619411351
33.9375 0.394609186919
34.0625 0.394526908422
34.1875 0.394485769173
34.4375 0.394403490676
34.5625 0.394362351427
34.8125 0.394249158113
34.9375 0.394208018864
35.1875 0.394125740367
35.3125 0.394084601118
35.5625 0.393992098189
35.6875 0.39395095894
35.9375 0.393837765626
36.0625 0.393796626377
36.3125 0.39371434788
36.4375 0.393673208631
36.6875 0.393590930134
36.8125 0.393549790885
37.0625 0.393436597571
37.1875 0.39338523389
37.4375 0.393302955393
37.5625 0.393261816144
37.8125 0.393179537647
37.9375 0.393138398398
38.1875 0.393025205084
38.3125 0.392984065835
38.5625 0.392901787338
38.6875 0.392860648089
38.8125 0.392850423657
38.9375 0.39276814516
39.0625 0.392727005911
39.3125 0.392613812597
39.4375 0.392572673348
39.6875 0.392490394851
39.8125 0.392449255602
39.9375 0.392449235475
40.0625 0.392366936851
40.1875 0.392325797602
40.4375 0.392202379856
40.5625 0.392161240608
40.8125 0.39207896211
40.9375 0.392037822862
41.1875 0.391955544364
41.3125 0.391914405116
41.5625 0.391801211801
41.6875 0.391760072553
41.9375 0.391677794055
42.0625 0.391626430375
42.3125 0.391544151877
42.4375 0.391503012629
42.6875 0.391389819314
42.8125 0.391348680066
43.0625 0.391266401568
43.1875 0.39122526232
43.4375 0.391142983822
43.5625 0.391101844574
43.6875 0.391091620142
43.8125 0.390978426828
43.9375 0.390937287579
44.1875 0.390855009082
44.3125 0.390813869833
44.5625 0.390731591335
44.6875 0.390690452087
44.9375 0.390577258772
45.0625 0.390536119524
45.3125 0.390443616595
45.4375 0.390402477346
45.6875 0.390320198849
45.8125 0.3902790596
46.0625 0.390165866286
46.1875 0.390124727037
46.4375 0.390042448539
46.5625 0.390001309291
46.8125 0.389919030793
46.9375 0.389867667113
47.1875 0.389754473799
47.3125 0.38971333455
47.5625 0.389631056053
47.6875 0.389589916804
47.9375 0.389487068682
48.0625 0.389445969687
48.1875 0.389404870692
48.3125 0.389250578383
48.4375 0.389209479388
48.5625 0.389158155961
48.6875 0.389034778469
48.8125 0.388993679474
48.9375 0.388952580479
49.0625 0.388829202986
49.1875 0.388788103991
49.3125 0.388747004996
49.4375 0.388592712687
49.5625 0.388551613692
49.6875 0.388510514697
49.8125 0.388387137204
49.9375 0.388346038209
50.0625 0.388304939214
50.1875 0.38817133729
50.3125 0.388130238295
50.4375 0.3880891393
50.5625 0.387934846991
50.6875 0.387893747996
50.8125 0.387852649001
50.9375 0.387729271509
51.0625 0.387688172514
51.1875 0.387647073518
51.3125 0.387523696026
51.4375 0.387482597031
51.5625 0.387441498036
51.6875 0.387287205727
51.8125 0.3872358823
51.9375 0.387194783305
52.0625 0.387071405813
52.1875 0.387030306818
52.3125 0.386989207823
52.4375 0.38686583033
52.5625 0.386824731335
52.6875 0.38678363234
52.8125 0.386629340031
52.9375 0.386588241036
53.0625 0.386547142041
53.1875 0.386423764548
53.3125 0.386382665553
53.4375 0.386331342127
53.5625 0.386207964634
53.6875 0.386166865639
53.8125 0.386125766644
53.9375 0.385971474335
54.0625 0.38593037534
54.1875 0.385889276345
54.3125 0.385765898852
54.4375 0.385724799857
54.5625 0.385683700862
54.6875 0.38556032337
54.8125 0.385519224375
54.9375 0.38547812538
55.0625 0.385313608639
55.1875 0.385272509644
55.3125 0.385231410649
55.4375 0.385108033156
55.5625 0.385066934161
55.6875 0.385025835166
55.8125 0.384902457674
55.9375 0.384861358679
56.0625 0.384820259684
56.1875 0.384665967375
56.3125 0.38462486838
56.4375 0.384583769385
56.5625 0.384460391892
56.6875 0.384409068465
56.8125 0.38436796947
56.9375 0.384244591978
57.0625 0.384203492983
57.1875 0.384162393988
57.3125 0.384008101679
57.4375 0.383967002684
57.5625 0.383925903689
57.6875 0.383802526196
57.8125 0.383761427201
57.9375 0.383720328206
58.0625 0.383596950714
58.1875 0.383555851719
58.3125 0.383504528292
58.4375 0.383350235983
58.5625 0.383309136988
58.6875 0.383268037993
58.8125 0.3831446605
58.9375 0.383103561505
59.0625 0.38306246251
59.1875 0.382939085018
59.3125 0.382897986023
59.4375 0.382856887028
59.5625 0.382702594718
59.6875 0.382661495723
59.8125 0.382620396728
59.9375 0.382486794804
60.0625 0.382445695809
60.1875 0.382404596814
60.3125 0.382281219322
60.4375 0.382240120327
60.5625 0.382199021332
60.6875 0.382044729022
60.8125 0.382003630027
60.9375 0.381962531032
61.0625 0.38183915354
61.1875 0.381798054545
61.3125 0.38175695555
61.4375 0.381633578058
61.5625 0.381582254631
61.6875 0.381541155636
61.8125 0.381386863327
61.9375 0.381345764332
62.0625 0.381304665337
62.1875 0.381181287844
62.3125 0.381140188849
62.4375 0.381099089854
62.5625 0.380975712362
62.6875 0.380934613367
62.8125 0.380893514372
62.9375 0.380739222062
63.0625 0.380698123067
63.1875 0.380646799641
63.3125 0.380523422148
63.4375 0.380482323153
63.5625 0.380441224158
63.6875 0.380317846666
63.8125 0.380276747671
63.9375 0.380235648676
64.0625 0.380122455361
64.3125 0.380040176864
64.8125 0.379947673935
65.0625 0.379834480621
65.5625 0.379752202123
65.8125 0.379669923626
66.3125 0.37954650588
66.5625 0.379464227382
67.0625 0.379381948885
67.3125 0.379268755571
67.8125 0.379186477073
68.0625 0.379093974144
68.5625 0.37898078083
68.8125 0.378898502332
69.3125 0.378816223835
69.5625 0.378692806089
70.0625 0.378610527592
70.3125 0.378528249094
70.8125 0.37841505578
71.0625 0.378332777283
71.3125 0.378322552851
71.5625 0.378240274354
71.8125 0.378127081039
72.0625 0.378127060912
72.3125 0.378044782415
72.5625 0.377962503918
72.8125 0.377952279486
73.0625 0.377839086172
73.3125 0.377756807674
73.8125 0.377674529177
74.0625 0.377561335862
74.5625 0.377468832933
74.8125 0.377386554436
75.3125 0.377273361122
75.5625 0.377191082624
76.0625 0.377098579695
76.3125 0.376985386381
76.8125 0.376903107883
77.0625 0.376820829386
77.5625 0.376707636072
77.8125 0.376615133143
78.3125 0.376532854645
78.5625 0.376419661331
79.0625 0.376337382834
79.3125 0.376244879905
79.8125 0.376131668476
80.0625 0.376049389979
80.5625 0.375967111481
80.8125 0.375853918167
81.0625 0.375843693735
81.3125 0.375761415238
81.5625 0.37567913674
82.0625 0.375565943426
82.3125 0.375483664929
82.5625 0.375473440497
82.8125 0.375391162
83.0625 0.375277968685
83.5625 0.375195690188
83.8125 0.375113411691
84.3125 0.374989993944
84.5625 0.374907715447
85.0625 0.37482543695
85.3125 0.374712243635
85.8125 0.374619740706
86.0625 0.374537462209
86.5625 0.374424268895
86.8125 0.374341990397
87.3125 0.3742597119
87.5625 0.374136294154
88.0625 0.374054015656
88.3125 0.373971737159
88.8125 0.373858543845
89.0625 0.373766040916
89.5625 0.373683762418
89.8125 0.373570569104
90.3125 0.373488290606
90.5625 0.373406012109
90.8125 0.373395787677
91.0625 0.373282594363
91.3125 0.373200315866
91.8125 0.373118037368
92.0625 0.373004844054
92.3125 0.372994619622
92.5625 0.372912341125
92.8125 0.372830062628
93.3125 0.372716869313
93.5625 0.372634590816
94.0625 0.372542087887
94.3125 0.372428894572
94.8125 0.372346616075
95.0625 0.372264337578
95.5625 0.372140919832
95.8125 0.372058641334
96.3125 0.371976362837
96.5625 0.371863169522
97.0625 0.371780891025
97.3125 0.371688388096
97.8125 0.371575194782
98.0625 0.371492916284
98.5625 0.371410637787
98.8125 0.371287220041
99.3125 0.371204941544
99.5625 0.371122663046
100.0625 0.371009469732
100.3125 0.370927191234
100.5625 0.370916966803
100.8125 0.370834688305
101.0625 0.370721494991
101.5625 0.370639216494
101.8125 0.370556937996
102.0625 0.370546713565
102.3125 0.37043352025
102.5625 0.370351241753
103.0625 0.370268963255
103.3125 0.370155769941
103.8125 0.370063267012
104.0625 0.369980968388
104.5625 0.369867775073
104.8125 0.369785496576
105.3125 0.369692993647
105.5625 0.369579800333
106.0625 0.369497521835
106.3125 0.369415243338
106.8125 0.369302050024
107.0625 0.369209547094
107.5625 0.369127268597
107.8125 0.369014075283
108.3125 0.368931796785
108.5625 0.368839293856
109.0625 0.368726100542
109.3125 0.368643822045
109.8125 0.368561543547
110.0625 0.368448350233
110.3125 0.368438125801
110.5625 0.368355847304
110.8125 0.368273568806
111.3125 0.368160375492
111.5625 0.368078096995
111.8125 0.368067872563
112.0625 0.367985594066
112.3125 0.367872400751
112.8125 0.367790122254
113.0625 0.367707843756
113.5625 0.36758442601
113.8125 0.367502147513
114.3125 0.367419869016
114.5625 0.367306675701
115.0625 0.367214172772
115.3125 0.367131894275
115.8125 0.367018700961
116.0625 0.366936422463
116.5625 0.366854143966
116.8125 0.36673072622
117.3125 0.366648447722
117.5625 0.366566169225
118.0625 0.366452975911
118.3125 0.366360472982
118.8125 0.366278194484
119.0625 0.36616500117
119.5625 0.366082722672
119.8125 0.366000444175
120.0625 0.365990219743
120.3125 0.365877026429
120.5625 0.365794747932
121.0625 0.365712469434
121.3125 0.36559927612
121.5625 0.365589051688
121.8125 0.365506773191
122.0625 0.365424494693
122.5625 0.365311301379
122.8125 0.365229022882
123.3125 0.365136519953
123.5625 0.365023326638
124.0625 0.364941048141
124.3125 0.364858769644
124.8125 0.364735351898
125.0625 0.3646530734
125.5625 0.364570794903
125.8125 0.364457601588
126.3125 0.364375323091
126.5625 0.364282820162
127.0625 0.364169626848
127.3125 0.364087350363
127.5625 0.364087330236
127.8125 0.364004997396
128.0625 0.36388157965
128.5625 0.363717024668
129.0625 0.363603829341
129.5625 0.363511326412
130.0625 0.363315856613
130.5625 0.363233576103
131.0625 0.363141073174
131.5625 0.362945605388
132.0625 0.362863322865
132.5625 0.36275012955
133.0625 0.362575352149
133.5625 0.36246215481
134.0625 0.362379876312
134.5625 0.362174184094
135.0625 0.362091901571
135.5625 0.362009623074
136.0625 0.361803910729
136.5625 0.361721628206
137.0625 0.361608434892
137.5625 0.361433659504
138.0625 0.361320460151
138.5625 0.361238181654
139.0625 0.361042717893
139.5625 0.360950206913
140.0625 0.360867928416
140.5625 0.36067246868
141.0625 0.360579953675
141.5625 0.360466760361
142.0625 0.360302215442
142.5625 0.36017878562
143.0625 0.360096507122
143.5625 0.359868876655
144.0625 0.358865044772
144.5625 0.357861216914
145.0625 0.356775227294
145.5625 0.355771326979
146.0625 0.354757296829
146.5625 0.353666396261
147.0625 0.352662294678
147.5625 0.351648264528
148.0625 0.350562727762
148.5625 0.349558374593
149.0625 0.348539254367
149.5625 0.347454248949
150.0625 0.346449342293
150.5625 0.345435314155
151.0625 0.344350409371
151.5625 0.343340332131
152.0625 0.342336504273
152.5625 0.341241403235
153.0625 0.340236385881
153.5625 0.339232564061
154.0625 0.33813490289
154.5625 0.337127329428
155.0625 0.336123521697
155.5625 0.335028420659
156.0625 0.334023403305
156.5625 0.333017043492
157.0625 0.331919384333
157.5625 0.330914362954
158.0625 0.32991055321
158.5625 0.328825678617
159.0625 0.327807874685
159.5625 0.326867383961
160.0625 0.326663140875
160.5625 0.326523416368
161.0625 0.326400240144
161.5625 0.326193442962
162.0625 0.326051160335
162.5625 0.325927984111
163.0625 0.325723741025
163.5625 0.325584020543
164.0625 0.325458286199
164.5625 0.325251484992
165.0625 0.325121984917
165.5625 0.324988584261
166.0625 0.324784341175
166.5625 0.324652287004
167.0625 0.324516326215
167.5625 0.324312083129
168.0625 0.324182562927
168.5625 0.324049162272
169.0625 0.323842363078
169.5625 0.323710306895
170.0625 0.323576910264
170.5625 0.32337266114
171.0625 0.323243159052
171.5625 0.323117430746
172.0625 0.322900403095
172.5625 0.322770903019
173.0625 0.322647724783
173.5625 0.32243325324
174.0625 0.322301205107
174.5625 0.322175464724
175.0625 0.321961001232
175.5625 0.321831497131
176.0625 0.321708320907
176.5625 0.321491321434
177.0625 0.321359239086
177.5625 0.321236062862
178.0625 0.321031833865
178.5625 0.320892095269
179.0625 0.320766373
179.5625 0.320559579844
180.0625 0.320419843261
180.5625 0.320296665025
181.0625 0.320092436027
181.5625 0.3199501534
182.0625 0.319824406979
182.5625 0.319620177982
183.0625 0.319480435361
183.5625 0.319357212845
184.0625 0.319150455917
184.5625 0.319018355455
185.0625 0.318884956812
185.5625 0.31868073184
186.0625 0.318551211638
186.5625 0.318415283052
187.0625 0.318208473795
187.5625 0.318076443776
188.0625 0.317943043121
188.5625 0.317738765819
189.0625 0.317606751902
189.5625 0.317470829354
190.0625 0.317266503748
190.5625 0.317137037889
191.0625 0.317013855627
191.5625 0.316796781684
192.0625 0.316664781856
192.5625 0.31654155934
193.0625 0.316327057607
193.5625 0.31619759376
194.0625 0.31607188558
194.5625 0.315854849878
195.0625 0.315725345778
195.5625 0.315602169554
196.0625 0.315387679896
196.5625 0.315255661954
197.0625 0.315129951762
197.5625 0.314925626156
198.0625 0.31478593989
198.5625 0.314662761653
199.0625 0.314455952396
199.5625 0.314313728136
200.0625 0.314190489519
200.5625 0.313986212217
201.0625 0.313846519913
201.5625 0.313720811733
202.0625 0.313514002476
202.5625 0.313374281994
203.0625 0.313251087656
203.5625 0.313044270348
204.0625 0.312914806501
204.5625 0.312778877915
205.0625 0.312572008277
205.5625 0.312445078399
206.0625 0.31231167573
206.5625 0.312102340555
207.0625 0.311972878721
207.5625 0.311740254786
208.0625 0.311331017883
208.5625 0.310979379954
209.0625 0.310626522338
209.5625 0.310214751467
210.0625 0.309863075297
210.5625 0.309512632901
211.0625 0.309103428201
211.5625 0.30874926838
212.0625 0.308396263838
212.5625 0.307986982656
213.0625 0.30763540712
213.5625 0.307284926483
214.0625 0.306875725809
214.5625 0.306521618317
215.0625 0.30617102497
215.5625 0.305761818258
216.0625 0.305410282975
216.5625 0.305057183837
217.0625 0.304645471334
217.5625 0.30429389781
218.0625 0.303943308489
218.5625 0.303534133979
219.0625 0.303180121084
219.5625 0.302826921312
220.0625 0.302417740764
220.5625 0.302066249761
221.0625 0.301715457158
221.5625 0.301303990202
222.0625 0.300949920951
222.5625 0.300598983435
223.0625 0.300190203412
223.5625 0.299968508348
224.0625 0.299885632084
224.5625 0.299723214571
225.0625 0.299639394358
225.5625 0.29955630475
226.0625 0.299394094544
226.5625 0.299310280369
227.0625 0.299227265229
227.5625 0.299065091252
228.0625 0.298981166379
228.5625 0.298898096898
229.0625 0.298735928958
229.5625 0.29865205239
230.0625 0.298568938629
230.5625 0.298406770689
231.0625 0.298322938401
231.5625 0.298239917223
232.0625 0.298077731169
232.5625 0.297993804284
233.0625 0.297910734802
233.5625 0.297748568875
234.0625 0.297664690295
234.5625 0.297581574521
235.0625 0.297419408594
235.5625 0.297335576305
236.0625 0.297252555128
236.5625 0.297090389201
237.0625 0.297006462316
237.5625 0.296923392834
238.0625 0.29676122892
238.5625 0.296677348326
239.0625 0.296594232553
239.5625 0.296432068638
240.0625 0.296348234337
240.5625 0.296265213159
241.0625 0.296103049245
241.5625 0.296019120347
242.0625 0.295936050865
242.5625 0.295773886951
243.0625 0.295690006358
243.5625 0.295606890584
244.0625 0.29544472667
244.5625 0.295360892368
245.0625 0.295277871191
245.5625 0.295115715327
246.0625 0.295031778379
246.5625 0.294948708897
247.0625 0.294786540957
247.5625 0.294702644263
248.0625 0.294619526476
248.5625 0.294457378664
249.0625 0.294373530273
249.5625 0.294290507083
250.0625 0.294128403549
250.5625 0.294044416284
251.0625 0.293961306548
251.5625 0.293799241255
252.0625 0.293715302294
252.5625 0.293632142242
253.0625 0.293470070911
253.5625 0.293386188305
254.0625 0.293303136937
254.5625 0.293141061581
255.0625 0.293057074315
255.5625 0.292973934389
256.0625 0.292727924097
257.0625 0.292482690701
258.0625 0.292315756728
259.0625 0.292069696119
260.0625 0.29182452109
261.0625 0.291657418051
262.0625 0.29141146814
263.0625 0.291166343428
264.0625 0.290999230326
265.0625 0.290753220034
266.0625 0.290507984625
267.0625 0.290341052664
268.0625 0.290094992055
269.0625 0.289849819039
270.0625 0.289682711975
271.0625 0.289436764076
272.0625 0.289191641377
273.0625 0.289024546389
274.0625 0.288778536097
275.0625 0.288533302701
276.0625 0.28836637074
277.0625 0.288120308118
278.0625 0.287875137115
279.0625 0.287708009924
280.0625 0.287462060012
281.0625 0.287216939326
282.0625 0.287049836287
283.0625 0.286803832033
284.0625 0.286558610713
285.0625 0.286391658625
286.0625 0.286145604054
287.0625 0.285900398836
288.0625 0.285733291771
289.0625 0.285487339847
290.0625 0.285242221174
291.0625 0.285075118135
292.0625 0.284829111868
293.0625 0.284583890548
294.0625 0.284416950536
295.0625 0.284170883889
296.0625 0.283925716912
297.0625 0.283758662177
298.0625 0.283512635783
299.0625 0.283267666049
300.0625 0.283100609301
301.0625 0.282854407804
302.0625 0.282609421968
303.0625 0.282442365221
304.0625 0.282196161711
305.0625 0.281951196002
306.0625 0.281784119128
307.0625 0.281537933732
308.0625 0.281292970036
309.0625 0.28112590725
310.0625 0.280879705753
311.0625 0.280634707841
312.0625 0.28046763298
313.0625 0.280221457648
314.0625 0.279976495964
315.0625 0.279809402988
316.0625 0.279563229669
317.0625 0.279318269998
318.0625 0.279151195136
319.0625 0.278904888979
320.0625 0.278659907169
321.0625 0.278492838345
322.0625 0.278246661001
323.0625 0.278001693279
324.0625 0.277834606341
325.0625 0.277588433022
326.0625 0.277343467312
327.0625 0.277176402514
328.0625 0.276930184916
329.0625 0.27668519908
330.0625 0.27651814837
331.0625 0.276271956937
332.0625 0.276026977139
333.0625 0.275859916366
334.0625 0.275613728958
335.0625 0.275368753185
336.0625 0.275201700463
337.0625 0.274955500979
338.0625 0.274710515143
339.0625 0.274543468459
340.0625 0.274297273
341.0625 0.274052293202
342.0625 0.273885232429
343.0625 0.273638964514
344.0625 0.273393990754
345.0625 0.273226931994
346.0625 0.272980736535
347.0625 0.272735762775
348.0625 0.272568693951
349.0625 0.272322508556
350.0625 0.272077550897
351.0625 0.27191038949
352.0625 0.271664226234
353.0625 0.271419278639
354.0625 0.271252177613
355.0625 0.271005998255
356.0625 0.270761052673
357.0625 0.270593943596
358.0625 0.270347770276
359.0625 0.270102820669
360.0625 0.269935687439
361.0625 0.269689522171
362.0625 0.269444582626
363.0625 0.269277463486
364.0625 0.269031294192
365.0625 0.268786352635
366.0625 0.268619233494
367.0625 0.26837301187
368.0625 0.268128066288
369.0625 0.267960935071
370.0625 0.267714783891
371.0625 0.267469922842
372.0625 0.267302636648
373.0625 0.267056555912
374.0625 0.26681174518
375.0625 0.266644126894
376.0625 0.266398267553
377.0625 0.266153545378
378.0625 0.265985939168
379.0625 0.265740039574
380.0625 0.265495323438
381.0625 0.26532771924
382.0625 0.265081811595
383.0625 0.264672667276
384.0625 0.264053692661
385.0625 0.263434245066
386.0625 0.262738621429
387.0625 0.262080636985
388.0625 0.261384292808
389.0625 0.260765640223
390.0625 0.260146409997
391.0625 0.259449987325
392.0625 0.258792791853
393.0625 0.258096622779
394.0625 0.257477243615
395.0625 0.256858619208
396.0625 0.256162323335
397.0625 0.255504425436
398.0625 0.254808870231
399.0625 0.254189599752
400.0625 0.253570224613
401.0625 0.252874570786
402.0625 0.252216795661
403.0625 0.251520507839
404.0625 0.250901887457
405.0625 0.250282600876
406.0625 0.249586616969
407.0625 0.248930935035
408.0625 0.248233761632
409.0625 0.247614666256
410.0625 0.246995597046
411.0625 0.246300057942
412.0625 0.245642737683
413.0625 0.24494679403
414.0625 0.244327585944
415.0625 0.243708540886
416.0625 0.243012371812
417.0625 0.242354795942
418.0625 0.241658828137
419.0625 0.24103960395
420.0625 0.240420607196
421.0625 0.239724450198
422.0625 0.239066876341
423.0625 0.238370890422
424.0625 0.237751640069
425.0625 0.237132643315
426.0625 0.236436476254
427.0625 0.235778840004
428.0625 0.235082711184
429.0625 0.234463837204
430.0625 0.233844586851
431.0625 0.23314819437
432.0625 0.232491037138
433.0625 0.231794851963
434.0625 0.231175466761
435.0625 0.230556792036
436.0625 0.229860055386
437.0625 0.229202256109
438.0625 0.228583313697
439.0625 0.227848666142
440.0625 0.22722996324
441.0625 0.226610817547
442.0625 0.22587664096
443.0625 0.225257380544
444.0625 0.224637494184
445.0625 0.22390323709
446.0625 0.223284029004
447.0625 0.222665187226
448.0625 0.221969110736
449.0625 0.221350287073
450.0625 0.220692511947
451.0625 0.219995706866
452.0625 0.21933841881
453.0625 0.218642418802
454.0625 0.217985207228
455.0625 0.21736603537
456.0625 0.216747179504
457.0625 0.216089341986
458.0625 0.215392577158
459.0625 0.214735307216
460.0625 0.214039291106
461.0625 0.213382256648
462.0625 0.212762780876
463.0625 0.212142914642
464.0625 0.211484809437
465.0625 0.210788807416
466.0625 0.210131958125
467.0625 0.209436352603
468.0625 0.208778990078
469.0625 0.208159290897
470.0625 0.207501867992
471.0625 0.206844529619
472.0625 0.206186977901
473.0625 0.205529335613
474.0625 0.204871538349
475.0625 0.204252438948
476.0625 0.203556118923
477.0625 0.202898792626
478.0625 0.202241424063
479.0625 0.201583783787
480.0625 0.200926141499
481.0625 0.200268374425
482.0625 0.19964923477
483.0625 0.198952965062
484.0625 0.198295618639
485.0625 0.197638250075
486.0625 0.196980690307
487.0625 0.196323074184
488.0625 0.195665270881
489.0625 0.195046105062
490.0625 0.194349859506
491.0625 0.193692503019
492.0625 0.193035176722
493.0625 0.192377618967
494.0625 0.1917199324
495.0625 0.191062143186
496.0625 0.190442969316
497.0625 0.189746743887
498.0625 0.189089421615
499.0625 0.188432024875
500.0625 0.187774529513
501.0625 0.187116927478
502.0625 0.186459291228
503.0625 0.185801721397
504.0625 0.185144107286
505.0625 0.184486525378
506.0625 0.183828959572
507.0625 0.183171365589
508.0625 0.182513785694
509.0625 0.181856199761
510.0625 0.181198428661
511.0625 0.181074779456
520.0625 0.18107475933
526.0625 0.181074741215
534.0625 0.181074680835
542.0625 0.181074626492
552.0625 0.181074606366
558.0625 0.181074570137
566.0625 0.181074509757
574.0625 0.181074417173
584.0625 0.181074397047
590.0625 0.181074378932
596.0625 0.18107437692
598.0625 0.181074258171
604.0625 0.181074240057
606.0625 0.181074185715
616.0625 0.181074165588
622.0625 0.181074093131
628.0625 0.181074068979
630.0625 0.181073992497
636.0625 0.181073974383
638.0625 0.181073920041
648.0625 0.181073899914
652.0625 0.1810738818
654.0625 0.181073863685
660.0625 0.181073819406
662.0625 0.181073763051
668.0625 0.181073744937
670.0625 0.181073690595
678.0625 0.181073670468
680.0625 0.181073650341
684.0625 0.181073632227
686.0625 0.181073614113
692.0625 0.181073535618
694.0625 0.181073513479
700.0625 0.181073495364
702.0625 0.181073211576
712.0625 0.181073191449
716.0625 0.181073173335
718.0625 0.181073155221
724.0625 0.181073074714
726.0625 0.181073054587
732.0625 0.181073036473
734.0625 0.18107298213
744.0625 0.181072962003
748.0625 0.181072943889
750.0625 0.181072925775
756.0625 0.181072825141
764.0625 0.181072788913
766.0625 0.181072752684
776.0625 0.181072732557
780.0625 0.181072696329
788.0625 0.181072595695
796.0625 0.181072559467
798.0625 0.181072523238
808.0625 0.181072503111
812.0625 0.181072466883
814.0625 0.181072448769
820.0625 0.181072348135
828.0625 0.181072311907
830.0625 0.181072237437
840.0625 0.18107221731
844.0625 0.181072181082
852.0625 0.181072080448
854.0625 0.181072020067
860.0625 0.181071979814
862.0625 0.181071929497
872.0625 0.18107190937
876.0625 0.181071873142
878.0625 0.181071818799
884.0625 0.181071702063
886.0625 0.181071677911
890.0625 0.181071675899
892.0625 0.181071625582
894.0625 0.181071587341
904.0625 0.181071567214
908.0625 0.181071530985
910.0625 0.181071512871
914.0625 0.181071510859
916.0625 0.18107139211
918.0625 0.181071371983
922.0625 0.181071355882
924.0625 0.181071317641
926.0625 0.181071281413
934.0625 0.181071261286
936.0625 0.181071241159
940.0625 0.181071204931
942.0625 0.181071186817
946.0625 0.181071130461
948.0625 0.181071045929
954.0625 0.1810710097
956.0625 0.181070963409
958.0625 0.18107064943
968.0625 0.181070629303
970.0625 0.181070609176
972.0625 0.181070574961
978.0625 0.181070526656
980.0625 0.181070434073
986.0625 0.181070397845
988.0625 0.181070361616
990.0625 0.181070343502
1000.0625 0.181070323375
1002.0625 0.18107028916
1004.0625 0.181070269033
1010.0625 0.181070188526
1012.0625 0.181070128145
1018.0625 0.181070091917
1020.0625 0.181070055688
1022.0625 0.181070037574
1032.0625 0.181069981219
1036.0625 0.181069963105
1040.0625 0.181069866496
1044.0625 0.181069822217
1048.0625 0.181069785989
1052.0625 0.181069731646
1064.0625 0.181069675291
1068.0625 0.181069639063
1072.0625 0.181069518302
1076.0625 0.181069498175
1080.0625 0.181069443833
1084.0625 0.181069369363
1096.0625 0.181069294894
1104.0625 0.18106917212
1108.0625 0.181069093626
1112.0625 0.181069039283
1116.0625 0.181068984941
1128.0625 0.181068910472
1132.0625 0.181068856129
1136.0625 0.181068733355
1140.0625 0.181068674988
1144.0625 0.181068620645
1148.0625 0.181068566303
1160.0625 0.181068491833
1164.0625 0.181068473719
1168.0625 0.181068350946
1172.0625 0.181068292578
1176.0625 0.181068238235
1180.0625 0.181068183893
1188.0625 0.181068163766
1192.0625 0.181068089297
1196.0625 0.181068071183
1200.0625 0.181067946396
1204.0625 0.181067890041
1208.0625 0.181067835699
1212.0625 0.181067398946
1224.0625 0.181067324477
1228.0625 0.181067306363
1232.0625 0.181067147361
1236.0625 0.181067125221
1240.0625 0.181067070879
1244.0625 0.181067016537
1256.0625 0.181066942067
1260.0625 0.181066923953
1264.0625 0.181066742812
1272.0625 0.181066670355
1276.0625 0.181066634127
1288.0625 0.181066541543
1292.0625 0.181066539531
1296.0625 0.181066360402
1300.0625 0.181066358389
1304.0625 0.181066287945
1308.0625 0.181066251717
1316.0625 0.181066249704
1320.0625 0.181066159133
1324.0625 0.181066134981
1328.0625 0.181065959878
1332.0625 0.181065943776
1336.0625 0.181065887421
1340.0625 0.181065812952
1348.0625 0.181065808926
1352.0625 0.181065720368
1356.0625 0.181065649924
1360.0625 0.181065539227
1364.0625 0.181065442618
1368.0625 0.18106540639
1372.0625 0.181065352047
1380.0625 0.181065315819
1384.0625 0.181065259464
1388.0625 0.181065124614
1392.0625 0.18106502398
1396.0625 0.181064947498
1400.0625 0.18106491127
1404.0625 0.181064856927
1412.0625 0.181064820699
1416.0625 0.181064764344
1420.0625 0.181064665722
1424.0625 0.181064565088
1428.0625 0.181064488606
1432.0625 0.181064452378
1436.0625 0.181064398035
1444.0625 0.18106434168
1448.0625 0.181064285325
1452.0625 0.18106416859
1456.0625 0.181064065943
1460.0625 0.181064009588
1464.0625 0.181063973359
1468.0625 0.181063460125
1476.0625 0.181063423897
1480.0625 0.181063367542
1484.0625 0.181063228666
1488.0625 0.181063128032
1492.0625 0.18106307369
1496.0625 0.181063037461
1500.0625 0.181063001233
1508.0625 0.181062946891
1512.0625 0.181062890536
1516.0625 0.181062769775
1520.0625 0.18106266914
1524.0625 0.181062612785
1528.0625 0.18106257857
1532.0625 0.181062542341
1540.0625 0.181062487999
1544.0625 0.181062431644
1548.0625 0.181062310883
1552.0625 0.181062210249
1556.0625 0.181062141817
1560.0625 0.181062119678
1564.0625 0.18106208345
1572.0625 0.181062029107
1576.0625 0.181061972752
1580.0625 0.181061833877
1584.0625 0.181061733243
1588.0625 0.181061660786
1592.0625 0.181061642672
1596.0625 0.181061568203
1604.0625 0.181061511847
1608.0625 0.181061457505
1612.0625 0.181061332719
1616.0625 0.181061234097
1620.0625 0.181061103273
1624.0625 0.181061083146
1628.0625 0.181061030816
1636.0625 0.181060970436
1640.0625 0.181060902004
1644.0625 0.181060704761
1648.0625 0.181060626267
1652.0625 0.181060529658
1656.0625 0.181060513556
1660.0625 0.181060459214
1664.0625 0.181060457201
1668.0625 0.18106038877
1672.0625 0.181060310275
1676.0625 0.181060147248
1680.0625 0.181060070766
1684.0625 0.181059978183
1688.0625 0.18105997617
1692.0625 0.18105992384
1696.0625 0.181059905726
1700.0625 0.181059813143
1704.0625 0.181059714521
1708.0625 0.181059577659
1712.0625 0.181059460923
1716.0625 0.181059422682
1720.0625 0.181059378403
1724.0625 0.181058832966
1728.0625 0.181058796738
1732.0625 0.181058742395
1736.0625 0.18105860352
1740.0625 0.181058506911
1744.0625 0.181058388163
1748.0625 0.181058351934
1752.0625 0.181058321744
1756.0625 0.181058297592
1760.0625 0.181058257338
1764.0625 0.181058207021
1768.0625 0.181058062108
1772.0625 0.181057971537
1776.0625 0.181057852789
1780.0625 0.181057816561
1784.0625 0.181057780332
1788.0625 0.181057762218
1792.0625 0.181057707876
1796.0625 0.181057671647
1800.0625 0.181057500569
1804.0625 0.181057436164
1808.0625 0.181057317415
1812.0625 0.181057281187
1816.0625 0.181057244959
1820.0625 0.181057226844
1824.0625 0.181057172502
1828.0625 0.181057136274
1832.0625 0.181056943056
1836.0625 0.181056864561
1840.0625 0.181056745813
1844.0625 0.181056725686
1848.0625 0.181056689458
1852.0625 0.181056635116
1856.0625 0.18105657876
1860.0625 0.181056542532
1864.0625 0.181056345289
1868.0625 0.181056264782
1872.0625 0.181056172198
1876.0625 0.18105607559
1880.0625 0.181056057475
1884.0625 0.181056021247
1888.0625 0.181055948791
1892.0625 0.181055908537
1896.0625 0.181055731421
1900.0625 0.181055590533
1904.0625 0.181055485873
1908.0625 0.181055427506
1912.0625 0.181055409391
1916.0625 0.181055373163
1920.0625 0.181055300706
1924.0625 0.181055222212
1928.0625 0.181055083337
1932.0625 0.181054948487
1936.0625 0.181054855903
1940.0625 0.18105481565
1944.0625 0.18105479351
1948.0625 0.181054759295
1952.0625 0.181054688851
1956.0625 0.181054556014
1960.0625 0.18105443324
1964.0625 0.181054314492
1968.0625 0.181054219895
1972.0625 0.181054183667
1976.0625 0.181053799245
1980.0625 0.181053481241
1984.0625 0.181053445012
1988.0625 0.181053316201
1992.0625 0.181053191414
1996.0625 0.18105309078
2000.0625 0.181052996184
2004.0625 0.181052959956
2008.0625 0.181052923727
2012.0625 0.181052867372
2016.0625 0.181052833157
2020.0625 0.181052688243
2024.0625 0.181052559432
2028.0625 0.181052446721
2032.0625 0.181052366214
2036.0625 0.1810523481
2040.0625 0.181052309859
2044.0625 0.181052239415
2048.0625 0.181052066324
2056.0625 0.181051810713
2064.0625 0.181051736244
2072.0625 0.181051627559
2080.0625 0.18105144843
2088.0625 0.181051162629
2096.0625 0.181051090173
2104.0625 0.181050959348
2112.0625 0.181050762105
2120.0625 0.181050508507
2128.0625 0.181050377683
2136.0625 0.181050264973
2144.0625 0.181050025463
2152.0625 0.181049761802
2160.0625 0.181049653117
2168.0625 0.181049532356
2176.0625 0.181049286808
2184.0625 0.181049057363
2192.0625 0.181048964779
2200.0625 0.181048821879
2208.0625 0.181048566268
2216.0625 0.181048348898
2224.0625 0.181048256315
2232.0625 0.181047423064
2240.0625 0.181047189592
2248.0625 0.181046946058
2256.0625 0.181046879639
2264.0625 0.181046734726
2272.0625 0.181046499242
2280.0625 0.181046239606
2288.0625 0.181046189289
2296.0625 0.181046046388
2304.0625 0.181045788765
2312.0625 0.181045539192
2320.0625 0.18104548485
2328.0625 0.181045356038
2336.0625 0.181045060173
2344.0625 0.181044814626
2352.0625 0.181044778398
2360.0625 0.181044589205
2368.0625 0.181044295354
2376.0625 0.181044088047
2384.0625 0.1810439854
2392.0625 0.18104375998
2400.0625 0.181043514432
2408.0625 0.181043266872
2416.0625 0.181043156175
2424.0625 0.181042946856
2432.0625 0.181042711372
2440.0625 0.181042502053
2448.0625 0.181042389342
2456.0625 0.181042151846
2464.0625 0.181041898248
2472.0625 0.181041707043
2480.0625 0.181041600371
2488.0625 0.181040585978
2496.0625 0.181040344456
2504.0625 0.181040157277
2512.0625 0.181040050604
2520.0625 0.181039813108
2528.0625 0.181039555484
2536.0625 0.181039364279
2544.0625 0.18103925962
2552.0625 0.181039001996
2560.0625 0.181038774563
2568.0625 0.18103859946
2576.0625 0.181038488762
2584.0625 0.181038206986
2592.0625 0.181038005718
2600.0625 0.181037820551
2608.0625 0.181037703815
2616.0625 0.181037379773
2624.0625 0.181037170454
2632.0625 0.181037013465
2640.0625 0.181036826286
2648.0625 0.181036534446
2656.0625 0.18103632714
2664.0625 0.181036113796
2672.0625 0.181035948756
2680.0625 0.181035656916
2688.0625 0.181035437534
2696.0625 0.181035272494
2704.0625 0.181035105441
2712.0625 0.181034809577
2720.0625 0.181034557991
2728.0625 0.181034388926
2736.0625 0.181034219861
2744.0625 0.18103305653
2752.0625 0.181032859287
2760.0625 0.181032658018
2768.0625 0.181032484927
2776.0625 0.181032172962
2784.0625 0.181031987795
2792.0625 0.181031786526
2800.0625 0.181031591296
2808.0625 0.181031317571
2816.0625 0.181031142468
2824.0625 0.181030941199
2832.0625 0.181030733893
2840.0625 0.181030470231
2848.0625 0.181030287077
2856.0625 0.181030065682
2864.0625 0.181029832211
2872.0625 0.181029556473
2880.0625 0.18102938942
2888.0625 0.181029164
2896.0625 0.181028884237
2904.0625 0.181028622588
2912.0625 0.18102845151
2920.0625 0.181028187848
2928.0625 0.181027924187
2936.0625 0.181027640398
2944.0625 0.181027457244
2952.0625 0.181027253963
2960.0625 0.181026970175
2968.0625 0.181026700475
2976.0625 0.181026507258
2984.0625 0.181026275799
2992.0625 0.181025847098
3000.0625 0.181024814591
3008.0625 0.181024667665
3016.0625 0.181024420105
3024.0625 0.181024148393
3032.0625 0.181023858566
3040.0625 0.181023731767
3048.0625 0.181023478169
3056.0625 0.181023220546
3064.0625 0.181022932732
3072.0625 0.181022811971
3080.0625 0.181022538246
3088.0625 0.181022264521
3096.0625 0.181022004885
3104.0625 0.181021872048
3112.0625 0.181021572158
3120.0625 0.181021264217
3128.0625 0.181021000556
3136.0625 0.181020847592
3144.0625 0.181020561791
3152.0625 0.181020209571
3160.0625 0.1810199761
3168.0625 0.181019800997
3176.0625 0.181019466891
3184.0625 0.181019173039
3192.0625 0.181018929505
3200.0625 0.181018770503
3208.0625 0.181018426334
3216.0625 0.181018162672
3224.0625 0.181017935239
3232.0625 0.181017750072
3240.0625 0.181017371688
3248.0625 0.181016671274
3256.0625 0.181015926581
3264.0625 0.181015731351
3272.0625 0.18101537108
3280.0625 0.181015109432
3288.0625 0.181014924265
3296.0625 0.181014718971
3304.0625 0.181014360713
3312.0625 0.181014093027
3320.0625 0.181013909872
3328.0625 0.181013716655
3336.0625 0.181013322169
3344.0625 0.181013076621
3352.0625 0.181012883404
3360.0625 0.181012674085
3368.0625 0.181012273561
3376.0625 0.181012038077
3384.0625 0.181011828758
3392.0625 0.181011534906
3400.0625 0.181011212877
3408.0625 0.181010943177
3416.0625 0.181010713731
3424.0625 0.181010419879
3432.0625 0.18101006766
3440.0625 0.181009834188
3448.0625 0.181009592666
3456.0625 0.181009288751
3464.0625 0.181008944582
3472.0625 0.181008751365
3480.0625 0.181008511855
3488.0625 0.181008165674
3496.0625 0.181007799366
3504.0625 0.181006954039
3512.0625 0.181006318031
3520.0625 0.181005985938
3528.0625 0.181005635731
3536.0625 0.181005450564
3544.0625 0.181005205017
3552.0625 0.181004878962
3560.0625 0.181004550895
3568.0625 0.181004353652
3576.0625 0.181004110117
3584.0625 0.181003771986
3592.0625 0.181003476122
3600.0625 0.181003274853
3608.0625 0.181003029306
3616.0625 0.181002683124
3624.0625 0.181002377196
3632.0625 0.181002179953
3640.0625 0.181001884089
3648.0625 0.181001511743
3656.0625 0.181001225942
3664.0625 0.181000982407
3672.0625 0.181000676479
3680.0625 0.18100030212
3688.0625 0.180999978078
3696.0625 0.180999728505
3704.0625 0.180999414527
3712.0625 0.180999070358
3720.0625 0.18099877248
3728.0625 0.180998567187
3736.0625 0.180998206916
3744.0625 0.180997866773
3752.0625 0.180997572921
3760.0625 0.180996498148
3768.0625 0.180995846039
3776.0625 0.180995538098
3784.0625 0.180995268399
3792.0625 0.180995038953
3800.0625 0.180994672644
3808.0625 0.18099435464
3816.0625 0.180994109093
3824.0625 0.180993883673
3832.0625 0.180993515351
3840.0625 0.180993157094
3848.0625 0.180992925635
3856.0625 0.180992708265
3864.0625 0.180992313779
3872.0625 0.180991963573
3880.0625 0.180991728089
3888.0625 0.180991484554
3896.0625 0.180991065916
3904.0625 0.180990735836
3912.0625 0.180990518466
3920.0625 0.180990168259
3928.0625 0.1809897939
3936.0625 0.180989512124
3944.0625 0.180989184057
3952.0625 0.180988866053
3960.0625 0.180988501757
3968.0625 0.18098823407
3976.0625 0.180987932168
3984.0625 0.180987590012
3992.0625 0.180987219678
4000.0625 0.180986945953
4008.0625 0.180986660152
4016.0625 0.180985261337
4024.0625 0.180984719925
4032.0625 0.180984454251
4040.0625 0.180984160399
4048.0625 0.180983802141
4056.0625 0.180983470049
4064.0625 0.180983196324
4072.0625 0.180982918573
4080.0625 0.180982538176
4088.0625 0.180982232248
4096.0625 0.18098167876
4112.0625 0.180980972309
4128.0625 0.180980392656
4144.0625 0.180979654001
4160.0625 0.180979060259
4176.0625 0.180978289402
4192.0625 0.180977627229
4208.0625 0.180976884549
4224.0625 0.180976236464
4240.0625 0.180975570266
4256.0625 0.180974855764
4272.0625 0.180972945727
4288.0625 0.18097223525
4304.0625 0.180971615343
4320.0625 0.180970898828
4336.0625 0.180970266846
4352.0625 0.180969524165
4368.0625 0.180968926398
4384.0625 0.180968155541
4400.0625 0.180967525571
4416.0625 0.180966766789
4432.0625 0.18096611468
4448.0625 0.180965263315
4464.0625 0.180964653472
4480.0625 0.180963834309
4496.0625 0.180963230504
4512.0625 0.180962316746
4528.0625 0.180960428849
4544.0625 0.180959607674
4560.0625 0.180959015945
4576.0625 0.180958198796
4592.0625 0.180957552724
4608.0625 0.180956749664
4624.0625 0.18095610963
4640.0625 0.180955300532
4656.0625 0.180954600118
4672.0625 0.180953805108
4688.0625 0.180953058402
4704.0625 0.180952269431
4720.0625 0.180951512662
4736.0625 0.180950802184
4752.0625 0.1809500112
4768.0625 0.18094893844
4784.0625 0.180947038466
4800.0625 0.180946340065
4816.0625 0.180945506814
4832.0625 0.180944818477
4848.0625 0.180943995289
4864.0625 0.180943312989
4880.0625 0.180942477726
4896.0625 0.180941795426
4912.0625 0.180940879655
4928.0625 0.180940221508
4944.0625 0.180939275547
4960.0625 0.180938581171
4976.0625 0.180937689552
4992.0625 0.180936989138
5008.0625 0.18093610557
5024.0625 0.180934708768
5040.0625 0.180932975847
5056.0625 0.180932209015
5072.0625 0.180931393878
5088.0625 0.180930594843
5104.0625 0.180929821973
5120.0625 0.180928986709
5136.0625 0.180928250067
5152.0625 0.180927388638
5168.0625 0.180926617781
5184.0625 0.180925720124
5200.0625 0.180924953291
5216.0625 0.180923993241
5232.0625 0.180923238485
5248.0625 0.180922308625
5264.0625 0.180921547831
5280.0625 0.180919770632
5296.0625 0.180918279233
5312.0625 0.18091730912
5328.0625 0.180916586567
5344.0625 0.18091561444
5360.0625 0.180914881824
5376.0625 0.180913982154
5392.0625 0.180913179094
5408.0625 0.180912345843
5424.0625 0.180911452211
5440.0625 0.18091061091
5456.0625 0.18090968105
5472.0625 0.18090878138
5488.0625 0.180907875673
5504.0625 0.180907040409
5520.0625 0.180906080359
5536.0625 0.180904293096
5552.0625 0.18090260043
5568.0625 0.180901843661
5584.0625 0.180900839332
5600.0625 0.180900070487
5616.0625 0.180899080246
5632.0625 0.180898337566
5648.0625 0.180897329212
5664.0625 0.180896588544
5680.0625 0.180895529873
5696.0625 0.180894736876
5712.0625 0.180893696318
5728.0625 0.180892818788
5744.0625 0.180891830561
5760.0625 0.180890936929
5776.0625 0.180889990968
5792.0625 0.18088795212
5808.0625 0.180886430531
5824.0625 0.180885478532
5840.0625 0.180884596977
5856.0625 0.180883598686
5872.0625 0.180882751346
5888.0625 0.180881765131
5904.0625 0.180880911753
5920.0625 0.180879907424
5936.0625 0.180879021844
5952.0625 0.180877973236
5968.0625 0.180877099731
5984.0625 0.180876000806
6000.0625 0.180875129314
6016.0625 0.18087412096
6032.0625 0.180873183049
6048.0625 0.180870910729
6064.0625 0.180869407255
6080.0625 0.180868396888
6096.0625 0.180867448914
6112.0625 0.180866480813
6128.0625 0.180865486548
6144.0625 0.180864584866
6160.0625 0.180863566448
6176.0625 0.180862678854
6192.0625 0.180861583955
6208.0625 0.180860692336
6224.0625 0.180859565233
6240.0625 0.180858613234
6256.0625 0.180857506258
6272.0625 0.180856624703
6288.0625 0.180855465397
6304.0625 0.18085319509
6320.0625 0.180851508462
6336.0625 0.180850630932
6352.0625 0.180849523956
6368.0625 0.180848567931
6384.0625 0.180847559577
6400.0625 0.180846563298
6416.0625 0.180845546893
6432.0625 0.18084455464
6448.0625 0.180843493956
6464.0625 0.180842429247
6480.0625 0.180841406804
6496.0625 0.180840245485
6512.0625 0.180839299524
6528.0625 0.180838132168
6544.0625 0.180837186206
6560.0625 0.180834505312
6576.0625 0.180833122599
6592.0625 0.180831991471
6608.0625 0.180831017332
6624.0625 0.18082989828
6640.0625 0.180828887913
6656.0625 0.180827823203
6672.0625 0.180826738367
6688.0625 0.180825715924
6704.0625 0.180824574732
6720.0625 0.180823574429
6736.0625 0.180822394996
6752.0625 0.180821352426
6768.0625 0.180820177019
6784.0625 0.18081919483
6800.0625 0.180817904699
6816.0625 0.180815370731
6832.0625 0.180813730394
6848.0625 0.180812754243
6864.0625 0.18081151443
6880.0625 0.180810580545
6896.0625 0.180809318592
6912.0625 0.18080838672
6928.0625 0.180807181122
6944.0625 0.180806172768
6960.0625 0.180804947044
6976.0625 0.180803882334
6992.0625 0.180802719003
7008.0625 0.180801555672
7024.0625 0.18080045876
7040.0625 0.180799214921
7056.0625 0.180797870449
7072.0625 0.180795125149
7088.0625 0.180793748473
7104.0625 0.180792524762
7120.0625 0.180791476154
7136.0625 0.180790278607
7152.0625 0.180789217923
7168.0625 0.180788042516
7184.0625 0.180786917426
7200.0625 0.180785760133
7216.0625 0.180784554536
7232.0625 0.180783381141
7248.0625 0.180782225861
7264.0625 0.180781016238
7280.0625 0.180779858945
7296.0625 0.180778697627
7312.0625 0.180776789603
7328.0625 0.180774398535
7344.0625 0.180772854807
7360.0625 0.180771769971
7376.0625 0.180770479841
7392.0625 0.180769431232
7408.0625 0.180768102861
7424.0625 0.180767080418
7440.0625 0.180765774187
7456.0625 0.180764697401
7472.0625 0.180763389157
7488.0625 0.180762221801
7504.0625 0.180760994064
7520.0625 0.180759718022
7536.0625 0.180758572806
7552.0625 0.180757266574
7568.0625 0.180755159295
7584.0625 0.180752731998
7600.0625 0.180751337209
7616.0625 0.180750043053
7632.0625 0.180748895824
7648.0625 0.180747631859
7664.0625 0.180746468528
7680.0625 0.180745200537
7696.0625 0.180743980851
7712.0625 0.180742722924
7728.0625 0.180741467009
7744.0625 0.180740199019
7760.0625 0.180738971282
7776.0625 0.180737679139
7792.0625 0.18073642725
7808.0625 0.180735173348
7824.0625 0.180732729951
7840.0625 0.180730411339
7856.0625 0.180728883713
7872.0625 0.180727754597
7888.0625 0.180726337668
7904.0625 0.180725264908
7920.0625 0.180723878169
7936.0625 0.180722690686
7952.0625 0.180721354264
7968.0625 0.1807201064
7984.0625 0.180718788093
8000.0625 0.180717423493
8016.0625 0.180716244061
8032.0625 0.180714770777
8048.0625 0.18071360342
8064.0625 0.1807121402
8080.0625 0.18070965051
8096.0625 0.180707209125
8112.0625 0.180705848551
8128.0625 0.180704502066
8144.0625 0.180703242126
8160.0625 0.180701897654
8176.0625 0.180700579346
8192.0625 0.180697960845
8224.0625 0.180695312154
8256.0625 0.180692649373
8288.0625 0.180689883947
8320.0625 0.180685643223
8352.0625 0.180681865416
8384.0625 0.180679216724
8416.0625 0.180676549919
8448.0625 0.180673867012
8480.0625 0.180671172029
8512.0625 0.180668344209
8544.0625 0.180665504312
8576.0625 0.180661050244
8608.0625 0.180657240234
8640.0625 0.180654438579
8672.0625 0.180651667114
8704.0625 0.180648907725
8736.0625 0.18064608393
8768.0625 0.1806431434
8800.0625 0.180640188781
8832.0625 0.180635585774
8864.0625 0.180631775764
8896.0625 0.180628953982
8928.0625 0.180626118111
8960.0625 0.180623290291
8992.0625 0.180620283342
9024.0625 0.180617286456
9056.0625 0.180614227178
9088.0625 0.18060933837
9120.0625 0.180605524334
9152.0625 0.180602591855
9184.0625 0.180599643274
9216.0625 0.18059664035
9248.0625 0.180593599185
9280.0625 0.180590562046
9312.0625 0.180587498742
9344.0625 0.180582465021
9376.0625 0.180578612745
9408.0625 0.180575557491
9440.0625 0.180572425756
9472.0625 0.180569328236
9504.0625 0.180566178387
9536.0625 0.180563018474
9568.0625 0.180559876675
9600.0625 0.180554615521
9632.0625 0.180550680725
9664.0625 0.18054750471
9696.0625 0.180544411216
9728.0625 0.180541257341
9760.0625 0.18053800887
9792.0625 0.180534820779
9824.0625 0.180531530042
9856.0625 0.180525952896
9888.0625 0.180521919479
9920.0625 0.180518675033
9952.0625 0.18051545474
9984.0625 0.18051222237
10016.0625 0.180509018178
10048.0625 0.180505648946
10080.0625 0.180502249524
10112.0625 0.180496591871
10144.0625 0.180492544365
10176.0625 0.180489193247
10208.0625 0.180485886408
10240.0625 0.180482581582
10272.0625 0.180479095614
10304.0625 0.180475647887
10336.0625 0.180471970715
10368.0625 0.180466387531
10400.0625 0.180462340025
10432.0625 0.180458982869
10464.0625 0.180455547218
10496.0625 0.180452099492
10528.0625 0.18044857327
10560.0625 0.180445026922
10592.0625 0.180440856642
10624.0625 0.180435492841
10656.0625 0.180431310485
10688.0625 0.18042780439
10720.0625 0.180424310372
10752.0625 0.180420814341
10784.0625 0.18041728812
10816.0625 0.180413707556
10848.0625 0.180409036118
10880.0625 0.180403722633
10912.0625 0.18039948191
10944.0625 0.180395881219
10976.0625 0.18039229663
11008.0625 0.180388710028
11040.0625 0.180385087198
11072.0625 0.180381349645
11104.0625 0.180376344101
11136.0625 0.180371155403
11168.0625 0.180366868388
11200.0625 0.180363179139
11232.0625 0.180359469764
11264.0625 0.180355657741
11296.0625 0.180351900061
11328.0625 0.180348045773
11360.0625 0.180342816821
11392.0625 0.180337686491
11424.0625 0.180333363247
11456.0625 0.180329565314
11488.0625 0.180325707
11520.0625 0.180321894977
11552.0625 0.180318082955
11584.0625 0.180314150171
11616.0625 0.18030864347
11648.0625 0.180303352125
11680.0625 0.18029902083
11712.0625 0.180295204783
11744.0625 0.180291338418
11776.0625 0.180287510294
11808.0625 0.180283579523
11840.0625 0.180279485725
11872.0625 0.180273612715
11904.0625 0.180268424017
11936.0625 0.180263984038
11968.0625 0.180260031128
12000.0625 0.180256104382
12032.0625 0.180252064927
12064.0625 0.18024806975
12096.0625 0.180243955825
12128.0625 0.180237811103
12160.0625 0.180232555986
12192.0625 0.180227928827
12224.0625 0.180223835029
12256.0625 0.180219805637
12288.0625 0.180215744042
12320.0625 0.180211702574
12352.0625 0.180207488015
12384.0625 0.180201135986
12416.0625 0.180195727906
12448.0625 0.180191084645
12480.0625 0.180186982796
12512.0625 0.180182872897
12544.0625 0.180178732807
12576.0625 0.180174510197
12608.0625 0.180170239283
12640.0625 0.180163687999
12672.0625 0.180158402692
12704.0625 0.180153711127
12736.0625 0.180149343604
12768.0625 0.180145074702
12800.0625 0.180140829953
12832.0625 0.180136613381
12864.0625 0.180131964083
12896.0625 0.180125412798
12928.0625 0.180119952388
12960.0625 0.180115144088
12992.0625 0.180110760463
13024.0625 0.180106358725
13056.0625 0.180102071709
13088.0625 0.180097615628
13120.0625 0.180092428943
13152.0625 0.180086137294
13184.0625 0.180080765442
13216.0625 0.180075926952
13248.0625 0.180071360173
13280.0625 0.18006691013
13312.0625 0.180062530531
13344.0625 0.180058048285
13376.0625 0.180052386607
13408.0625 0.180046199618
13440.0625 0.180040745246
13472.0625 0.180035830273
13504.0625 0.180031213177
13536.0625 0.180026680614
13568.0625 0.180022061506
13600.0625 0.180017424283
13632.0625 0.18001135403
13664.0625 0.180005320005
13696.0625 0.179999799215
13728.0625 0.179994723227
13760.0625 0.179989989396
13792.0625 0.179985360224
13824.0625 0.179980751179
13856.0625 0.179976126033
13888.0625 0.179969753877
13920.0625 0.179963707776
13952.0625 0.179958114529
13984.0625 0.179952990237
14016.0625 0.179948192
14048.0625 0.179943462194
14080.0625 0.17993867402
14112.0625 0.179933899935
14144.0625 0.179927201724
14176.0625 0.179921232106
14208.0625 0.17991552011
14240.0625 0.179910168385
14272.0625 0.179905235298
14304.0625 0.179900437061
14336.0625 0.179895703229
14368.0625 0.17989077618
14400.0625 0.179883832423
14432.0625 0.17987774003
14464.0625 0.179871933438
14496.0625 0.17986671455
14528.0625 0.179861747248
14560.0625 0.179856779945
14592.0625 0.179851897175
14624.0625 0.179846911758
14656.0625 0.179839704339
14688.0625 0.179833579743
14720.0625 0.179827499427
14752.0625 0.179822133613
14784.0625 0.179817140145
14816.0625 0.179812186932
14848.0625 0.17980712302
14880.0625 0.179801954449
14912.0625 0.179794579977
14944.0625 0.179788360786
14976.0625 0.179782334811
15008.0625 0.1797770012
15040.0625 0.179771878921
15072.0625 0.17976674054
15104.0625 0.179761732984
15136.0625 0.1797560069
15168.0625 0.179748590162
15200.0625 0.179742268323
15232.0625 0.179736173918
15264.0625 0.179730779926
15296.0625 0.179725557013
15328.0625 0.179720301896
15360.0625 0.179715089046
15392.0625 0.179708831614
15424.0625 0.179701785209
15456.0625 0.179695529789
15488.0625 0.179689294496
15520.0625 0.179683787794
15552.0625 0.179678582995
15584.0625 0.179673229257
15616.0625 0.179667835266
15648.0625 0.179660982079
15680.0625 0.179653990016
15712.0625 0.179647742647
15744.0625 0.179641448986
15776.0625 0.179635813473
15808.0625 0.179630413443
15840.0625 0.179625059705
15872.0625 0.179619555016
15904.0625 0.179612448231
15936.0625 0.179605574917
15968.0625 0.179599180622
16000.0625 0.179592899037
16032.0625 0.179587126661
16064.0625 0.179581531401
16096.0625 0.179575885824
16128.0625 0.179570375097
16160.0625 0.179562986537
16192.0625 0.179556143413
16224.0625 0.179549574014
16256.0625 0.179543213935
16288.0625 0.179537405331
16320.0625 0.17953169736
16352.0625 0.179526116189
16384.0625 0.179512731845
16448.0625 0.179499156295
16512.0625 0.179486679671
16576.0625 0.179475354301
16640.0625 0.17946153723
16704.0625 0.179447955642
16768.0625 0.179435336117
16832.0625 0.179423616262
16896.0625 0.179409342311
16960.0625 0.179395786888
17024.0625 0.179382923829
17088.0625 0.179371129504
17152.0625 0.179356451004
17216.0625 0.179342577577
17280.0625 0.179329545452
17344.0625 0.179317578037
17408.0625 0.179302734497
17472.0625 0.179288577282
17536.0625 0.179275460624
17600.0625 0.179263056456
17664.0625 0.17924781843
17728.0625 0.179233790027
17792.0625 0.179220341277
17856.0625 0.179207741878
17920.0625 0.179192207988
17984.0625 0.179177847492
18048.0625 0.179164350437
18112.0625 0.179151644367
18176.0625 0.179135589191
18240.0625 0.179121069693
18304.0625 0.179107419674
18368.0625 0.179094391575
18432.0625 0.179078153245
18496.0625 0.179063384174
18560.0625 0.179049466469
18624.0625 0.179035931173
18688.0625 0.17901952579
18752.0625 0.179004752694
18816.0625 0.178990667936
18880.0625 0.178976291338
18944.0625 0.178960205973
19008.0625 0.178945239659
19072.0625 0.178930772491
19136.0625 0.178915973229
19200.0625 0.178899875788
19264.0625 0.178884822929
19328.0625 0.178870239025
19392.0625 0.178854689033
19456.0625 0.178838653984
19520.0625 0.178823339476
19584.0625 0.178808505999
19648.0625 0.178792434722
19712.0625 0.178776311116
19776.0625 0.1787609161
19840.0625 0.178745825
19904.0625 0.178729371313
19968.0625 0.178713275884
20032.0625 0.178697500472
20096.0625 0.178682433524
20160.0625 0.178665496793
20224.0625 0.17864914374
20288.0625 0.178633201275
20352.0625 0.178617818336
20416.0625 0.178600533411
20480.0625 0.178583914684
20544.0625 0.178567929953
20608.0625 0.178552309517
20672.0625 0.178534551611
20736.0625 0.178517918796
20800.0625 0.178501767011
20864.0625 0.178485917129
20928.0625 0.178467748636
20992.0625 0.178450984996
21056.0625 0.178434348155
21120.0625 0.178418313107
21184.0625 0.178399919193
21248.0625 0.178382954285
21312.0625 0.178366275177
21376.0625 0.178349922125
21440.0625 0.178331208195
21504.0625 0.178313997739
21568.0625 0.17829694226
21632.0625 0.178280124277
21696.0625 0.178261293611
21760.0625 0.178243972458
21824.0625 0.178226697596
21888.0625 0.178209330151
21952.0625 0.178190616221
22016.0625 0.178173061596
22080.0625 0.178155653898
22144.0625 0.178137328415
22208.0625 0.178118690967
22272.0625 0.178101019607
22336.0625 0.178083491147
22400.0625 0.178064541733
22464.0625 0.178046010957
22528.0625 0.178028043732
22592.0625 0.178010251611
22656.0625 0.177990740658
22720.0625 0.177972211895
22784.0625 0.177954059503
22848.0625 0.177936066114
22912.0625 0.177916251245
22976.0625 0.177897499074
23040.0625 0.177879000501
23104.0625 0.177860928617
23168.0625 0.177840594476
23232.0625 0.177821616885
23296.0625 0.177803082083
23360.0625 0.177784601624
23424.0625 0.177763808592
23488.0625 0.177744756531
23552.0625 0.177725954043
23616.0625 0.177707362886
23680.0625 0.177686151216
23744.0625 0.177666950216
23808.0625 0.177647829724
23872.0625 0.177629043337
23936.0625 0.17760732447
24000.0625 0.177588000697
24064.0625 0.177568841964
24128.0625 0.177549532279
24192.0625 0.177527590005
24256.0625 0.177508077039
24320.0625 0.177488608353
24384.0625 0.1774686848
24448.0625 0.177446855236
24512.0625 0.177426907531
24576.0625 0.177407392552
24640.0625 0.177386631723
24704.0625 0.177364916882
24768.0625 0.177344993329
24832.0625 0.177324995307
24896.0625 0.177303530038
24960.0625 0.177282006402
25024.0625 0.177261795035
25088.0625 0.177241696379
25152.0625 0.177219542773
25216.0625 0.177197982908
25280.0625 0.177177594425
25344.0625 0.177157159651
25408.0625 0.177134595457
25472.0625 0.177112836337
25536.0625 0.177092286839
25600.0625 0.177071715202
25664.0625 0.177048563305
25728.0625 0.17702677802
25792.0625 0.177005872278
25856.0625 0.176985107423
25920.0625 0.176961494621
25984.0625 0.176939465801
26048.0625 0.176918503704
26112.0625 0.17689746915
26176.0625 0.176873387393
26240.0625 0.176851280078
26304.0625 0.176829842987
26368.0625 0.176808655469
26432.0625 0.17678416715
26496.0625 0.17676186058
26560.0625 0.176740248386
26624.0625 0.176718493291
26688.0625 0.176693749361
26752.0625 0.176671205295
26816.0625 0.176649522656
26880.0625 0.176626894057
26944.0625 0.176602381586
27008.0625 0.176579595997
27072.0625 0.176557633596
27136.0625 0.176534155644
27200.0625 0.176509699528
27264.0625 0.176486867647
27328.0625 0.176464506735
27392.0625 0.176440592031
27456.0625 0.176416069496
27520.0625 0.176393084652
27584.0625 0.176370498319
27648.0625 0.17634585301
27712.0625 0.176321276133
27776.0625 0.17629799945
27840.0625 0.176275298394
27904.0625 0.176250085509
27968.0625 0.176225333528
28032.0625 0.176201887779
28096.0625 0.17617887677
28160.0625 0.176153096309
28224.0625 0.176128344328
28288.0625 0.176104582588
28352.0625 0.17608122741
28416.0625 0.176055070576
28480.0625 0.176030101226
28544.0625 0.176005999342
28608.0625 0.17539198398
28672.0625 0.174543026071
28736.0625 0.174030983313
28800.0625 0.173610042656
28864.0625 0.173250488843
28928.0625 0.17292520499
28992.0625 0.172616167517
29056.0625 0.17233885396
29120.0625 0.172063112309
29184.0625 0.171812555365
29248.0625 0.171566380033
29312.0625 0.171316954218
29376.0625 0.17107885981
29440.0625 0.170853948478
29504.0625 0.170639982118
29568.0625 0.170426643716
29632.0625 0.170211852156
29696.0625 0.170000462032
29760.0625 0.169788621066
29824.0625 0.169581316688
29888.0625 0.169372335746
29952.0625 0.169172049595
30016.0625 0.168982811064
30080.0625 0.16880970419
30144.0625 0.168610430419
30208.0625 0.168403069687
30272.0625 0.16819640333
30336.0625 0.168012794274
30400.0625 0.167851026859
30464.0625 0.167643619834
30528.0625 0.167436961528
30592.0625 0.167261385092
30656.0625 0.16708873711
30720.0625 0.166881913764
30784.0625 0.166678856148
30848.0625 0.166530191302
30912.0625 0.166317366134
30976.0625 0.166114173668
31040.0625 0.165961624343
31104.0625 0.165749716958
31168.0625 0.165555517163
31232.0625 0.165381550873
31296.0625 0.165167230281
31360.0625 0.165007996834
31424.0625 0.164795230034
31488.0625 0.164579623337
31552.0625 0.164415197167
31616.0625 0.164191553826
31680.0625 0.164027767689
31744.0625 0.163800072816
31808.0625 0.163599728297
31872.0625 0.163398298943
31936.0625 0.163164262104
32000.0625 0.162985803505
32064.0625 0.162745251611
32128.0625 0.162559434641
32192.0625 0.16230942716
32256.0625 0.162116153199
32320.0625 0.161855669701
32384.0625 0.161645004142
32448.0625 0.161371850802
32512.0625 0.161133541036
32576.0625 0.160838115342
32640.0625 0.16056212613
32704.0625 0.160407521855
32768.0625 0.160403500514
32896.0625 0.160397385982
33024.0625 0.160392841342
33152.0625 0.160387135385
33280.0625 0.160382023169
33408.0625 0.160376822395
33536.0625 0.160371341858
33664.0625 0.160366420847
33792.0625 0.160360658535
33920.0625 0.160355964957
34048.0625 0.160349953072
34176.0625 0.160345470826
34304.0625 0.160339165089
34432.0625 0.160334859959
34560.0625 0.16032834289
34688.0625 0.160324174623
34816.0625 0.160317454273
34944.0625 0.160313428906
35072.0625 0.160306505275
35200.0625 0.160302614758
35328.0625 0.160295509986
35456.0625 0.16029171809
35584.0625 0.160284438215
35712.0625 0.160280763055
35840.0625 0.160273271847
35968.0625 0.160269719461
36096.0625 0.160262067239
36224.0625 0.160258353838
36352.0625 0.160250814326
36480.0625 0.160246543411
36608.0625 0.160239470842
36736.0625 0.160234588072
36864.0625 0.160228054902
36992.0625 0.160222685062
37120.0625 0.160216616822
37248.0625 0.160210836395
37376.0625 0.160205055969
37504.0625 0.16019901188
37632.0625 0.16019341662
37760.0625 0.160187163213
37888.0625 0.160181728968
38016.0625 0.160175266242
38144.0625 0.160169974897
38272.0625 0.160163298826
38400.0625 0.160158118179
38528.0625 0.160151244865
38656.0625 0.160146184979
38784.0625 0.1601391426
38912.0625 0.160134157183
39040.0625 0.160126941713
39168.0625 0.160122125362
39296.0625 0.160114722712
39424.0625 0.16010984598
39552.0625 0.160102419179
39680.0625 0.160097023174
39808.0625 0.160090039163
39936.0625 0.160084005138
40064.0625 0.160077602792
40192.0625 0.160071033394
40320.0625 0.160065102016
40448.0625 0.160058170334
40576.0625 0.160052516706
40704.0625 0.160045307274
40832.0625 0.160039877055
40960.0625 0.16003238786
41088.0625 0.160027154883
41216.0625 0.160019462407
41344.0625 0.160014382394
41472.0625 0.160006468523
41600.0625 0.16000149317
41728.0625 0.159993412246
41856.0625 0.159988573755
41984.0625 0.159980269423
42112.0625 0.159975559744
42240.0625 0.159967094398
42368.0625 0.159962308236
42496.0625 0.159953852953
42624.0625 0.159948581736
42752.0625 0.159940531002
42880.0625 0.159934672081
43008.0625 0.159927138607
43136.0625 0.159920730223
43264.0625 0.159913697907
43392.0625 0.159906864847
43520.0625 0.159900180725
43648.0625 0.159893009534
43776.0625 0.159886605176
43904.0625 0.159879126044
44032.0625 0.159872933017
44160.0625 0.159865236516
44288.0625 0.159859208529
44416.0625 0.159851286607
44544.0625 0.159845405547
44672.0625 0.159837282356
44800.0625 0.15983156231
44928.0625 0.159823199611
45056.0625 0.159817509755
45184.0625 0.159809074599
45312.0625 0.159802982206
45440.0625 0.159794832851
45568.0625 0.159788201059
45696.0625 0.15978061123
45824.0625 0.159773297138
45952.0625 0.159766309102
46080.0625 0.159758501903
46208.0625 0.159751926466
46336.0625 0.1597437912
46464.0625 0.159737437158
46592.0625 0.159729066408
46720.0625 0.159722899546
46848.0625 0.159714263122
46976.0625 0.159708285452
47104.0625 0.159699439708
47232.0625 0.159693617015
47360.0625 0.159684606232
47488.0625 0.159678900274
47616.0625 0.159669654007
47744.0625 0.159663893707
47872.0625 0.159654615236
48000.0625 0.159648371892
48128.0625 0.159639540238
48256.0625 0.15963262667
48384.0625 0.159624392782
48512.0625 0.159616881448
48640.0625 0.159609249353
48768.0625 0.15960129724
48896.0625 0.159593975098
49024.0625 0.159585747249
49152.0625 0.159578622349
49280.0625 0.159570157003
49408.0625 0.159563255512
49536.0625 0.159554482225
49664.0625 0.159547731684
49792.0625 0.159538783294
49920.0625 0.159532211883
50048.0625 0.159523034046
50176.0625 0.159516470686
50304.0625 0.159507234482
50432.0625 0.159500157887
50560.0625 0.159491376549
50688.0625 0.159483627718
50816.0625 0.159475454211
50944.0625 0.159467123714
51072.0625 0.159459427213
51200.0625 0.159450700218
51328.0625 0.159443355936
51456.0625 0.159434286785
51584.0625 0.159427264532
51712.0625 0.15941790958
51840.0625 0.159411044317
51968.0625 0.159401429728
52096.0625 0.159394771771
52224.0625 0.159384939813
52352.0625 0.159378424757
52480.0625 0.159368393543
52608.0625 0.159361725523
52736.0625 0.159351782867
52864.0625 0.159344521105
52992.0625 0.159335144013
53120.0625 0.159327252281
53248.0625 0.159318438741
53376.0625 0.159309981445
53504.0625 0.159301634847
53632.0625 0.159292773002
53760.0625 0.159284770573
53888.0625 0.159275592737
54016.0625 0.15926786202
54144.0625 0.159258434611
54272.0625 0.159250885035
54400.0625 0.159241177863
54528.0625 0.159233853708
54656.0625 0.159223880862
54784.0625 0.159216538593
54912.0625 0.159206527506
55040.0625 0.159198641812
55168.0625 0.15918917415
55296.0625 0.159180606156
55424.0625 0.159171756387
55552.0625 0.159162544335
55680.0625 0.159154157484
55808.0625 0.159144587174
55936.0625 0.159136635062
56064.0625 0.159126716558
56192.0625 0.159119016032
56320.0625 0.159108789587
56448.0625 0.159101310456
56576.0625 0.159090832426
56704.0625 0.159083502233
56832.0625 0.159072828973
56960.0625 0.159065432361
57088.0625 0.159054755076
57216.0625 0.159046813027
57344.0625 0.159036628849
57472.0625 0.159027899841
57600.0625 0.159018484508
57728.0625 0.159009266419
57856.0625 0.159000247584
57984.0625 0.158990647084
58112.0625 0.158981932165
58240.0625 0.158971989509
58368.0625 0.158963630835
58496.0625 0.15895336615
58624.0625 0.158945222833
58752.0625 0.158934666308
58880.0625 0.158926645765
59008.0625 0.158915986594
59136.0625 0.158907633958
59264.0625 0.158897194169
59392.0625 0.15888806665
59520.0625 0.158878369541
59648.0625 0.15886861809
59776.0625 0.158859500634
59904.0625 0.158849254063
60032.0625 0.158840591474
60160.0625 0.158829954442
60288.0625 0.158821575641
60416.0625 0.158810638719
60544.0625 0.158802451123
60672.0625 0.158791341111
60800.0625 0.158783284339
60928.0625 0.158771979096
61056.0625 0.158763719044
61184.0625 0.158752558714
61312.0625 0.158743664666
61440.0625 0.158733059838
61568.0625 0.158723429148
61696.0625 0.158713488504
61824.0625 0.158703406973
61952.0625 0.158693933272
62080.0625 0.158683439141
62208.0625 0.158674251241
62336.0625 0.158663481372
62464.0625 0.158654549084
62592.0625 0.158643515553
62720.0625 0.158634754342
62848.0625 0.158623459163
62976.0625 0.158614472532
63104.0625 0.15860339271
63232.0625 0.158593808311
63360.0625 0.158583199457
63488.0625 0.158572981063
63616.0625 0.158562992116
63744.0625 0.158552316843
63872.0625 0.158542812952
64000.0625 0.158531656648
64128.0625 0.158522529129
64256.0625 0.158511060859
64384.0625 0.158502184925
64512.0625 0.158490376511
64640.0625 0.158481685744
64768.0625 0.158469736443
64896.0625 0.158460635089
65024.0625 0.158448985677
65152.0625 0.158439288569
65280.0625 0.158428261076
65408.0625 0.158417789085
65536.0625 0.158396486843
65792.0625 0.158375249008
66048.0625 0.158354007148
66304.0625 0.158332763274
66560.0625 0.158311475122
66816.0625 0.158290128602
67072.0625 0.15826868346
67328.0625 0.158247226243
67584.0625 0.158225698581
67840.0625 0.158204102488
68096.0625 0.158182387647
68352.0625 0.158160123343
68608.0625 0.158137534997
68864.0625 0.158114862119
69120.0625 0.158092352268
69376.0625 0.158069846442
69632.0625 0.158047405022
69888.0625 0.158024975678
70144.0625 0.158002455764
70400.0625 0.157979855342
70656.0625 0.157957228755
70912.0625 0.157934578016
71168.0625 0.157911915201
71424.0625 0.157889101435
71680.0625 0.157865663736
71936.0625 0.157841904009
72192.0625 0.157818013457
72448.0625 0.157794382541
72704.0625 0.157770753638
72960.0625 0.157747177065
73216.0625 0.157723493819
73472.0625 0.157699774345
73728.0625 0.157676097138
73984.0625 0.157652417917
74240.0625 0.157628664228
74496.0625 0.157604795816
74752.0625 0.157580563107
75008.0625 0.157555809114
75264.0625 0.15753093436
75520.0625 0.157505958972
75776.0625 0.157481217055
76032.0625 0.157456515391
76288.0625 0.157431880147
76544.0625 0.157407128166
76800.0625 0.157382283602
77056.0625 0.157357499419
77312.0625 0.157332683033
77568.0625 0.157307703619
77824.0625 0.157282438404
78080.0625 0.157256668006
78336.0625 0.157230680238
78592.0625 0.157204652216
78848.0625 0.157178861691
79104.0625 0.157153010786
79360.0625 0.157127216235
79616.0625 0.157101482065
79872.0625 0.157075643236
80128.0625 0.157049790317
80384.0625 0.157023895133
80640.0625 0.156997822832
80896.0625 0.156971150752
81152.0625 0.156944204946
81408.0625 0.156917053847
81664.0625 0.156890240879
81920.0625 0.156863411809
82176.0625 0.156836633057
82432.0625 0.156809844241
82688.0625 0.156783055425
82944.0625 0.156756182076
83200.0625 0.156729248347
83456.0625 0.15670220392
83712.0625 0.156674507383
83968.0625 0.156646537122
84224.0625 0.15661838572
84480.0625 0.156590546283
84736.0625 0.156562763201
84992.0625 0.156535020373
85248.0625 0.156507229241
85504.0625 0.156479417982
85760.0625 0.156451586596
86016.0625 0.156423751184
86272.0625 0.156395539401
86528.0625 0.156366673496
86784.0625 0.156337610347
87040.0625 0.156308710226
87296.0625 0.156280013386
87552.0625 0.156251185722
87808.0625 0.156222335918
88064.0625 0.156193608888
88320.0625 0.156164899972
88576.0625 0.156136118599
88832.0625 0.156107057464
89088.0625 0.156077334155
89344.0625 0.156047423667
89600.0625 0.156017525256
89856.0625 0.155987775782
90112.0625 0.155958096753
90368.0625 0.155928399609
90624.0625 0.1558988031
90880.0625 0.155869128096
91136.0625 0.155839374597
91392.0625 0.155809393665
91648.0625 0.155778746535
91904.0625 0.155747833731
92160.0625 0.155716999421
92416.0625 0.155686368392
92672.0625 0.155655876239
92928.0625 0.155625321692
93184.0625 0.155594726892
93440.0625 0.15556416832
93696.0625 0.155533503076
93952.0625 0.155502238052
94208.0625 0.155470655024
94464.0625 0.155438770093
94720.0625 0.155407215243
94976.0625 0.155375722786
95232.0625 0.155344238379
95488.0625 0.155312822404
95744.0625 0.155281368188
96000.0625 0.15524989787
96256.0625 0.155218099485
96512.0625 0.155185673143
96768.0625 0.15515285634
97024.0625 0.155120301186
97280.0625 0.15508793925
97536.0625 0.155055613542
97792.0625 0.155023424696
98048.0625 0.154991086912
98304.0625 0.154958831648
98560.0625 0.154926216113
98816.0625 0.154892869975
99072.0625 0.154859252124
99328.0625 0.154825907998
99584.0625 0.154792684633
99840.0625 0.154759545801
100096.0625 0.154726396906
100352.0625 0.154693306378
100608.0625 0.154660165533
100864.0625 0.15462657586
101120.0625 0.154592380369
101376.0625 0.154557929267
101632.0625 0.154523703586
101888.0625 0.154489775782
102144.0625 0.154455805711
102400.0625 0.154421863818
102656.0625 0.154387911862
102912.0625 0.15435387336
103168.0625 0.154319148534
103424.0625 0.154284077526
103680.0625 0.154248722729
103936.0625 0.15421383085
104192.0625 0.154179106023
104448.0625 0.154144395285
104704.0625 0.154109593976
104960.0625 0.15407489934
105216.0625 0.154039598886
105472.0625 0.154003883819
105728.0625 0.153967862824
105984.0625 0.15393204511
106240.0625 0.153896414576
106496.0625 0.153860830334
106752.0625 0.153825197787
107008.0625 0.153789617569
107264.0625 0.153753785767
107520.0625 0.153717227386
107776.0625 0.153680548243
108032.0625 0.153643893253
108288.0625 0.153607459658
108544.0625 0.153571239408
108800.0625 0.153534952739
109056.0625 0.15349861374
109312.0625 0.153461978877
109568.0625 0.153424710018
109824.0625 0.153387187562
110080.0625 0.153349693283
110336.0625 0.153312490843
110592.0625 0.153275389037
110848.0625 0.153238454284
111104.0625 0.153201412859
111360.0625 0.153163785743
111616.0625 0.15312575609
111872.0625 0.153087480889
112128.0625 0.153049358653
112384.0625 0.153011477939
112640.0625 0.152973536844
112896.0625 0.152935676257
113152.0625 0.152897859948
113408.0625 0.152859131894
113664.0625 0.152820325346
113920.0625 0.152781394011
114176.0625 0.152742659919
114432.0625 0.152703947966
114688.0625 0.152665415143
114944.0625 0.152626850116
115200.0625 0.152587950984
115456.0625 0.152548446034
115712.0625 0.152508733778
115968.0625 0.152469116118
116224.0625 0.15242977017
116480.0625 0.152390325601
116736.0625 0.152351098401
116992.0625 0.152311806796
117248.0625 0.152271810752
117504.0625 0.1522313216
117760.0625 0.152190818359
118016.0625 0.15215066935
118272.0625 0.152110570659
118528.0625 0.152070701414
118784.0625 0.152030512152
119040.0625 0.151989934442
119296.0625 0.15194882337
119552.0625 0.151907722363
119808.0625 0.151866778344
120064.0625 0.15182590477
120320.0625 0.151785264667
120576.0625 0.151744437384
120832.0625 0.151703382668
121088.0625 0.151661615462
121344.0625 0.151619669127
121600.0625 0.151577932112
121856.0625 0.15153654329
122112.0625 0.151495174596
122368.0625 0.151453624759
122624.0625 0.151411768996
122880.0625 0.151369343642
123136.0625 0.151326767337
123392.0625 0.151284331921
123648.0625 0.151242246711
123904.0625 0.151200197729
124160.0625 0.151157951505
124416.0625 0.151115320858
124672.0625 0.151072181002
124928.0625 0.151028866042
125184.0625 0.150985806694
125440.0625 0.150943006981
125696.0625 0.150900279725
125952.0625 0.150857461899
126208.0625 0.150813838999
126464.0625 0.150769968538
126720.0625 0.150726029647
126976.0625 0.150682292024
127232.0625 0.150638862342
127488.0625 0.15059552323
127744.0625 0.150551779569
128000.0625 0.150507420027
128256.0625 0.15046281695
128512.0625 0.150418191734
128768.0625 0.150373987168
129024.0625 0.150329889275
129280.0625 0.150285777293
129536.0625 0.150241135975
129792.0625 0.150195975385
130048.0625 0.1501505934
130304.0625 0.150105583761
130560.0625 0.150060791492
130816.0625 0.150015906639
131072.0625 0.149925219151
131584.0625 0.149833454877
132096.0625 0.149742539955
132608.0625 0.149650934683
133120.0625 0.149557674985
133632.0625 0.1494653854
134144.0625 0.149372697304
134656.0625 0.149278185717
135168.0625 0.149184670408
135680.0625 0.149090853197
136192.0625 0.148994997137
136704.0625 0.14890032051
137216.0625 0.148805211156
137728.0625 0.148708213905
138240.0625 0.148612178717
138752.0625 0.148515674573
139264.0625 0.148417540156
139776.0625 0.148320287294
140288.0625 0.148222533274
140800.0625 0.148123185209
141312.0625 0.148024547621
141824.0625 0.147925469255
142336.0625 0.147824957859
142848.0625 0.147725400474
143360.0625 0.147624752216
143872.0625 0.147522998994
144384.0625 0.147422292367
144896.0625 0.147320074215
145408.0625 0.147217256284
145920.0625 0.147115497024
146432.0625 0.14701169489
146944.0625 0.146907906845
147456.0625 0.146804454919
147968.0625 0.146699264033
148480.0625 0.146594586382
148992.0625 0.14648959274
149504.0625 0.146383240537
150016.0625 0.146277610887
150528.0625 0.146170725322
151040.0625 0.146063405018
151552.0625 0.145956702607
152064.0625 0.145847963361
152576.0625 0.145739856098
153088.0625 0.145631189308
153600.0625 0.14552138334
154112.0625 0.145412609879
154624.0625 0.145302049154
155136.0625 0.145191442138
155648.0625 0.145080899527
156160.0625 0.144968694441
156672.0625 0.144857515822
157184.0625 0.144744940402
157696.0625 0.144631900051
158208.0625 0.14451945143
158720.0625 0.144405179317
159232.0625 0.144291702214
159744.0625 0.144177077882
160256.0625 0.14406171892
160768.0625 0.143946814825
161280.0625 0.143830425369
161792.0625 0.143714911431
162304.0625 0.143597791371
162816.0625 0.143480472056
163328.0625 0.143363207083
163840.0625 0.143244593612
164352.0625 0.143127069003
164864.0625 0.143007342519
165376.0625 0.142888280219
165888.0625 0.142768328314
166400.0625 0.142647752477
166912.0625 0.142527675785
167424.0625 0.142405709184
167936.0625 0.14228481333
168448.0625 0.142161999389
168960.0625 0.142040077067
169472.0625 0.141916854551
169984.0625 0.141793116789
170496.0625 0.141669580294
171008.0625 0.141544608757
171520.0625 0.141420593244
172032.0625 0.141294488565
172544.0625 0.141169494888
173056.0625 0.141042659606
173568.0625 0.1409165348
174080.0625 0.140789284905
174592.0625 0.140661644549
175104.0625 0.140533700278
175616.0625 0.140404820109
176128.0625 0.140276439086
176640.0625 0.140146313066
177152.0625 0.140017088729
177664.0625 0.139886113356
178176.0625 0.139755874626
178688.0625 0.139623971407
179200.0625 0.139492770614
179712.0625 0.139360144842
180224.0625 0.139227925631
180736.0625 0.139094305593
181248.0625 0.138960981419
181760.0625 0.138826646878
182272.0625 0.138692280135
182784.0625 0.138557355878
183296.0625 0.138421978767
183808.0625 0.138285832811
184320.0625 0.138149177646
184832.0625 0.138012488266
185344.0625 0.137874736189
185856.0625 0.137737052543
186368.0625 0.137598610115
186880.0625 0.137459972457
187392.0625 0.137320378774
187904.0625 0.137181099071
188416.0625 0.137040346082
188928.0625 0.136899850718
189440.0625 0.136758397316
189952.0625 0.136616871457
190464.0625 0.136474524424
190976.0625 0.136332016376
191488.0625 0.136188852193
192000.0625 0.136045180814
192512.0625 0.135901020352
193024.0625 0.135756215833
193536.0625 0.135611252311
194048.0625 0.13546539717
194560.0625 0.135319735247
195072.0625 0.135172654382
195584.0625 0.135026247766
196096.0625 0.134878124332
196608.0625 0.134730300787
197120.0625 0.134581350139
197632.0625 0.134432926814
198144.0625 0.134283074485
198656.0625 0.134133371093
199168.0625 0.133982566764
199680.0625 0.133831710106
200192.0625 0.133680205363
200704.0625 0.133527774785
201216.0625 0.133375652149
201728.0625 0.133222301775
202240.0625 0.133069202987
202752.0625 0.132914814069
203264.0625 0.13276066466
203776.0625 0.132605400224
204288.0625 0.132450021066
204800.0625 0.132293991811
205312.0625 0.13213710314
205824.0625 0.131980371458
206336.0625 0.131822552927
206848.0625 0.131664659927
207360.0625 0.131506002108
207872.0625 0.131346951815
208384.0625 0.131187591569
208896.0625 0.131027162587
209408.0625 0.130866793987
209920.0625 0.130705555907
210432.0625 0.130544005861
210944.0625 0.130382228382
211456.0625 0.130218973594
211968.0625 0.13005624009
212480.0625 0.129892300989
212992.0625 0.129728064011
213504.0625 0.129563700234
214016.0625 0.129397989972
214528.0625 0.129232356191
215040.0625 0.129066187037
215552.0625 0.128899389926
216064.0625 0.128732292925
216576.0625 0.128564171468
217088.0625 0.128395927237
217600.0625 0.128227238203
218112.0625 0.128057593145
218624.0625 0.127887772983
219136.0625 0.127717322851
219648.0625 0.127546448043
220160.0625 0.127374987545
220672.0625 0.127202679706
221184.0625 0.127030253119
221696.0625 0.126857063725
222208.0625 0.126683433554
222720.0625 0.126509219704
223232.0625 0.126334716028
223744.0625 0.126158990653
224256.0625 0.12598361146
224768.0625 0.12580711724
225280.0625 0.125629952796
225792.0625 0.125452937291
226304.0625 0.125274824874
226816.0625 0.125096547416
227328.0625 0.124917257579
227840.0625 0.12473786912
228352.0625 0.121221040998
228864.0625 0.113657650508
229376.0625 0.109473366253
229888.0625 0.106087076751
230400.0625 0.103177674466
230912.0625 0.10055551833
231424.0625 0.0981191107324
231936.0625 0.095855483954
232448.0625 0.0937084861406
232960.0625 0.0916351605904
233472.0625 0.0896707614657
233984.0625 0.0877439673176
234496.0625 0.0859099820265
235008.0625 0.0841151092119
235520.0625 0.0823603028857
236032.0625 0.0806358699646
236544.0625 0.0789299758704
237056.0625 0.0772749543618
237568.0625 0.0756378859891
238080.0625 0.0740290998435
238592.0625 0.0724118825672
239104.0625 0.0708424202299
239616.0625 0.0692800385128
240128.0625 0.0677317234399
240640.0625 0.0661997473309
241152.0625 0.064685774675
241664.0625 0.0631506547545
242176.0625 0.0616356334904
242688.0625 0.0601549405545
243200.0625 0.0586547427037
243712.0625 0.057160697626
244224.0625 0.0556650826553
244736.0625 0.05417797731
245248.0625 0.0526962659562
245760.0625 0.0512096577438
246272.0625 0.0497310298209
246784.0625 0.0482399695528
247296.0625 0.046750928006
247808.0625 0.0452771868785
248320.0625 0.0437852651819
248832.0625 0.0422792325619
249344.0625 0.0407759995845
249856.0625 0.0392563410979
250368.0625 0.037750352757
250880.0625 0.036224988313
251392.0625 0.0346970999639
251904.0625 0.0331560567162
252416.0625 0.0315985356295
252928.0625 0.0300398330977
253440.0625 0.0284480823044
253952.0625 0.0268506255537
254464.0625 0.0252447759132
254976.0625 0.023612058962
255488.0625 0.0219737427256
256000.0625 0.02028709391
256512.0625 0.018554034628
257024.0625 0.0168340618134
257536.0625 0.0150519534368
258048.0625 0.0132573865501
258560.0625 0.0113957530271
259072.0625 0.00947610390512
259584.0625 0.00745430506257
260096.0625 0.00533152989387
260608.0625 0.00302589438759
261120.0625 0.00105368001327
