0 1
0.0625 0.81510081158
0.125 0.815043369084
0.1875 0.310731078852
0.25 0.235235227021
16.125 0.226832210469
24.0625 0.226758419942
24.125 0.22664353495
24.1875 0.226512366036
24.25 0.226381197122
24.3125 0.226250028208
24.375 0.226118859295
24.4375 0.225987690381
24.5 0.225856521467
24.5625 0.225725352553
24.625 0.22559418364
24.6875 0.225463014726
24.75 0.225331845812
24.8125 0.225200676898
24.875 0.225069507985
24.9375 0.224938339071
25.0 0.224807170157
25.0625 0.224676001243
25.125 0.224544832329
25.1875 0.224413663416
25.25 0.224282494502
25.3125 0.224151325588
25.375 0.224020156674
25.4375 0.223888987761
25.5 0.223757818847
25.5625 0.223626649933
25.625 0.223495481019
25.6875 0.223364312106
25.75 0.223233143192
25.8125 0.223101974278
25.875 0.222970805364
25.9375 0.222839636451
26.0 0.222708467537
26.0625 0.222577298623
26.125 0.222446129709
26.1875 0.222314960795
26.25 0.222183791882
26.3125 0.222052622968
26.375 0.221921454054
26.4375 0.22179028514
26.5 0.221659116227
26.5625 0.221527947313
26.625 0.221396778399
26.6875 0.221265609485
26.75 0.221134440572
26.8125 0.221003271658
26.875 0.220872102744
26.9375 0.22074093383
27.0 0.220609764917
27.0625 0.220478596003
27.125 0.220347427089
27.1875 0.220216258175
27.25 0.220085089262
27.3125 0.219953920348
27.375 0.219822751434
27.4375 0.21969158252
27.5 0.219560413606
27.5625 0.219429244693
27.625 0.219298075779
27.6875 0.219166906865
27.75 0.219035737951
27.8125 0.218904569038
27.875 0.218773400124
27.9375 0.21864223121
28.0 0.218511062296
28.0625 0.218379893383
28.125 0.218248724469
28.1875 0.218117555555
28.25 0.217986386641
28.3125 0.217855217728
28.375 0.217724048814
28.4375 0.2175928799
28.5 0.217461710986
28.5625 0.217330542073
28.625 0.217199373159
28.6875 0.217068204245
28.75 0.216937035331
28.8125 0.216805866417
28.875 0.216674697504
28.9375 0.21654352859
29.0 0.216412359676
29.0625 0.216281190762
29.125 0.216150021849
29.1875 0.216018852935
29.25 0.215887684021
29.3125 0.215756515107
29.375 0.215625346194
29.4375 0.21549417728
29.5 0.215363008366
29.5625 0.215231839452
29.625 0.215100670539
29.6875 0.214969501625
29.75 0.214838332711
29.8125 0.214707163797
29.875 0.214575994884
29.9375 0.21444482597
30.0 0.214313657056
30.0625 0.214182488142
30.125 0.214051319228
30.1875 0.213920150315
30.25 0.213788981401
30.3125 0.213657812487
30.375 0.213526643573
30.4375 0.21339547466
30.5 0.213264305746
30.5625 0.213133136832
30.625 0.213001967918
30.6875 0.212870799005
30.75 0.212739630091
30.8125 0.212608461177
30.875 0.212477292263
30.9375 0.21234612335
31.0 0.212214954436
31.0625 0.212083785522
31.125 0.211952616608
31.1875 0.211821447695
31.25 0.211690278781
31.3125 0.211559109867
31.375 0.211427940953
31.4375 0.211296772039
31.5 0.211165603126
31.5625 0.211034434212
31.625 0.210903265298
31.6875 0.210772096384
31.75 0.210640927471
31.8125 0.210509758557
31.875 0.210378589643
31.9375 0.210247420729
32.0 0.210116251816
32.0625 0.210034383437
128.0625 0.142810251024
192.0625 0.141891876298
192.5625 0.140842524987
193.0625 0.139793173677
193.5625 0.138743886477
194.0625 0.137694471057
194.5625 0.136645119747
195.0625 0.135595768437
195.5625 0.134546417127
196.0625 0.133497065817
196.5625 0.132447714507
197.0625 0.131398363197
197.5625 0.130349011886
198.0625 0.129299660576
198.5625 0.128250309266
199.0625 0.127200957956
199.5625 0.126151606646
200.0625 0.125102255336
200.5625 0.124052904026
201.0625 0.123003552716
201.5625 0.121954201406
202.0625 0.120904850096
202.5625 0.119855498786
203.0625 0.118806147475
203.5625 0.117756796165
204.0625 0.116707444855
204.5625 0.115658093545
205.0625 0.114608742235
205.5625 0.113559390925
206.0625 0.112510039615
206.5625 0.111460688305
207.0625 0.110411336995
207.5625 0.109361985685
208.0625 0.108312634374
208.5625 0.107263283064
209.0625 0.106213931754
209.5625 0.105164580444
210.0625 0.104115229134
210.5625 0.103065877824
211.0625 0.102016526514
211.5625 0.100967175204
212.0625 0.0999178238936
212.5625 0.0988684725835
213.0625 0.0978191212734
213.5625 0.0967697699633
214.0625 0.0957204186532
214.5625 0.0946710673431
215.0625 0.093621716033
215.5625 0.0925723647229
216.0625 0.0915230134128
216.5625 0.0904736621027
217.0625 0.0894243107926
217.5625 0.0883749594825
218.0625 0.0873256081724
218.5625 0.0862762568623
219.0625 0.0852269055522
219.5625 0.0841775542421
220.0625 0.083128202932
220.5625 0.0820788516219
221.0625 0.0810295003118
221.5625 0.0799801490017
222.0625 0.0789307976916
222.5625 0.0778813822716
223.0625 0.0768320309615
223.5625 0.0757826796514
224.0625 0.0747333283413
224.5625 0.0736839770312
225.0625 0.0726346257211
225.5625 0.071585274411
226.0625 0.0705359231009
226.5625 0.0694865717908
227.0625 0.0684372204807
227.5625 0.0673878691706
228.0625 0.0663385178605
228.5625 0.0652891665504
229.0625 0.0642398152403
229.5625 0.0631904639302
230.0625 0.0621411126201
230.5625 0.06109176131
231.0625 0.0600424099999
231.5625 0.0589930586898
232.0625 0.0579437073797
232.5625 0.0568943560696
233.0625 0.0558450047595
233.5625 0.0547956534494
234.0625 0.0537463021393
234.5625 0.0526969508292
235.0625 0.0516475995191
235.5625 0.050598248209
236.0625 0.0495488968989
236.5625 0.0484995455888
237.0625 0.0474501942787
237.5625 0.0464008429686
238.0625 0.0453514916585
238.5625 0.0443021403484
239.0625 0.0432527890383
239.5625 0.0422034377282
240.0625 0.0411540864181
240.5625 0.040104735108
241.0625 0.0390553837979
241.5625 0.0380060324878
242.0625 0.0369566811777
242.5625 0.0359073298676
243.0625 0.0348579785575
243.5625 0.0338086272474
244.0625 0.0327592759373
244.5625 0.0317099246272
245.0625 0.0306605733171
245.5625 0.029611222007
246.0625 0.0285618706969
246.5625 0.0275125193868
247.0625 0.0264631680767
247.5625 0.0254138167666
248.0625 0.0243644654565
248.5625 0.0233151141464
249.0625 0.0222657628363
249.5625 0.0212164115262
250.0625 0.0201674448757
250.5625 0.0191182858954
251.0625 0.0180688704754
251.5625 0.0170193909454
252.0625 0.0159702319651
252.5625 0.014920880655
253.0625 0.0138714011251
253.5625 0.0128222421447
254.0625 0.0117728267247
254.5625 0.0107234113047
255.0625 0.00967399588466
255.5625 0.0086573406381
256.0625 0.0084276347642
