0 1
0.0625 1.00832157043
0.1875 0.604946984867
0.25 0.411663329285
0.3125 0.235186948101
0.375 0.159628073401
8.0625 0.159628009286
8.25 0.159627945171
8.375 0.159627881057
8.5 0.159627816942
8.625 0.159627752827
8.75 0.159627688713
8.875 0.159627624598
9.0 0.159627560483
9.125 0.159627496369
9.25 0.159627432254
9.375 0.159627368139
9.5 0.159627304025
9.625 0.15962723991
9.75 0.159627175795
9.875 0.159627111681
10.0 0.159627047566
10.125 0.159626983451
10.25 0.159626919337
10.375 0.159626855222
10.5 0.159626791107
10.625 0.159626726993
10.75 0.159626662878
10.875 0.159626598763
11.0 0.159626534649
11.125 0.159626470534
11.25 0.159626406419
11.375 0.159626342305
11.5 0.15962627819
11.625 0.159626214075
11.75 0.159626149961
11.875 0.159626085846
12.0 0.159626021731
12.125 0.159625957617
12.25 0.159625893502
12.375 0.159625829387
12.5 0.159625765273
12.625 0.159625701158
12.75 0.159625637043
12.875 0.159625572929
13.0 0.159625508814
13.125 0.159625444699
13.25 0.159625380585
13.375 0.15962531647
13.5 0.159625252355
13.625 0.159625188241
13.75 0.159625124126
13.875 0.159625060011
14.0 0.159624995897
14.125 0.159624931782
14.25 0.159624867667
14.375 0.159624803553
14.5 0.159624739438
14.625 0.159624675323
14.75 0.159624611209
14.875 0.159624547094
15.0 0.159624482979
15.125 0.159624418865
15.25 0.15962435475
15.375 0.159624290635
15.5 0.159624226521
15.625 0.159624162406
15.75 0.159624098291
15.875 0.159624034177
16.0 0.159623970062
16.125 0.159623905947
16.25 0.159623841833
16.375 0.159623777718
16.5 0.159623713603
16.625 0.159623649489
16.75 0.159623585374
16.875 0.159623521259
17.0 0.159623457145
17.125 0.15962339303
17.25 0.159623328915
17.375 0.159623264801
17.5 0.159623200686
17.625 0.159623136571
17.75 0.159623072457
17.875 0.159623008342
18.0 0.159622944227
18.125 0.159622880113
18.25 0.159622815998
18.375 0.159622751883
18.5 0.159622687769
18.625 0.159622623654
18.75 0.159622559539
18.875 0.159622495425
19.0 0.15962243131
19.125 0.159622367195
19.25 0.159622303081
19.375 0.159622238966
19.5 0.159622174851
19.625 0.159622110737
19.75 0.159622046622
19.875 0.159621982507
20.0 0.159621918393
20.125 0.159621854278
20.25 0.159621790163
20.375 0.159621726049
20.5 0.159621661934
20.625 0.159621597819
20.75 0.159621533705
20.875 0.15962146959
21.0 0.159621405475
21.125 0.159621341361
21.25 0.159621277246
21.375 0.159621213132
21.5 0.159621149017
21.625 0.159621084902
21.75 0.159621020788
21.875 0.159620956673
22.0 0.159620892558
22.125 0.159620828444
22.25 0.159620764329
22.375 0.159620700214
22.5 0.1596206361
22.625 0.159620571985
22.75 0.15962050787
22.875 0.159620443756
23.0 0.159620379641
23.125 0.159620315526
23.25 0.159620251412
23.375 0.159620187297
23.5 0.159620123182
23.625 0.159620059068
23.75 0.159619994953
23.875 0.159619930838
24.0 0.159619866724
24.125 0.144913501625
24.1875 0.144889073938
24.25 0.142829005679
64.0625 0.14282887745
64.3125 0.14282874922
64.5625 0.142828620991
64.8125 0.142828492762
65.0625 0.142828364532
65.3125 0.142828236303
65.5625 0.142828108074
65.8125 0.142827979844
66.0625 0.142827851615
66.3125 0.142827723386
66.5625 0.142827595156
66.8125 0.142827466927
67.0625 0.142827338698
67.3125 0.142827210468
67.5625 0.142827082239
67.8125 0.14282695401
68.0625 0.14282682578
68.3125 0.142826697551
68.5625 0.142826569322
68.8125 0.142826441092
69.0625 0.142826312863
69.3125 0.142826184634
69.5625 0.142826056404
69.8125 0.142825928175
70.0625 0.142825799946
70.3125 0.142825671717
70.5625 0.142825543487
70.8125 0.142825415258
71.0625 0.142825287029
71.3125 0.142825158799
71.5625 0.14282503057
71.8125 0.142824902341
72.0625 0.142824774111
72.3125 0.142824645882
72.5625 0.142824517653
72.8125 0.142824389423
73.0625 0.142824261194
73.3125 0.142824132965
73.5625 0.142824004735
73.8125 0.142823876506
74.0625 0.142823748277
74.3125 0.142823620047
74.5625 0.142823491818
74.8125 0.142823363589
75.0625 0.142823235359
75.3125 0.14282310713
75.5625 0.142822978901
75.8125 0.142822850671
76.0625 0.142822722442
76.3125 0.142822594213
76.5625 0.142822465983
76.8125 0.142822337754
77.0625 0.142822209525
77.3125 0.142822081295
77.5625 0.142821953066
77.8125 0.142821824837
78.0625 0.142821696607
78.3125 0.142821568378
78.5625 0.142821440149
78.8125 0.142821311919
79.0625 0.14282118369
79.3125 0.142821055461
79.5625 0.142820927231
79.8125 0.142820799002
80.0625 0.142820670773
80.3125 0.142820542543
80.5625 0.142820414314
80.8125 0.142820286085
81.0625 0.142820157855
81.3125 0.142820029626
81.5625 0.142819901397
81.8125 0.142819773167
82.0625 0.142819644938
82.3125 0.142819516709
82.5625 0.142819388479
82.8125 0.14281926025
83.0625 0.142819132021
83.3125 0.142819003791
83.5625 0.142818875562
83.8125 0.142818747333
84.0625 0.142818619104
84.3125 0.142818490874
84.5625 0.142818362645
84.8125 0.142818234416
85.0625 0.142818106186
85.3125 0.142817977957
85.5625 0.142817849728
85.8125 0.142817721498
86.0625 0.142817593269
86.3125 0.14281746504
86.5625 0.14281733681
86.8125 0.142817208581
87.0625 0.142817080352
87.3125 0.142816952122
87.5625 0.142816823893
87.8125 0.142816695664
88.0625 0.142816567434
88.3125 0.142816439205
88.5625 0.142816310976
88.8125 0.142816182746
89.0625 0.142816054517
89.3125 0.142815926288
89.5625 0.142815798058
89.8125 0.142815669829
90.0625 0.1428155416
90.3125 0.14281541337
90.5625 0.142815285141
90.8125 0.142815156912
91.0625 0.142815028682
91.3125 0.142814900453
91.5625 0.142814772224
91.8125 0.142814643994
92.0625 0.142814515765
92.3125 0.142814387536
92.5625 0.142814259306
92.8125 0.142814131077
93.0625 0.142814002848
93.3125 0.142813874618
93.5625 0.142813746389
93.8125 0.14281361816
94.0625 0.14281348993
94.3125 0.142813361701
94.5625 0.142813233472
94.8125 0.142813105242
95.0625 0.142812977013
95.3125 0.142812848784
95.5625 0.142812720554
95.8125 0.142812592325
96.0625 0.142812464096
96.3125 0.142812335866
96.5625 0.142812207637
96.8125 0.142812079408
97.0625 0.142811951178
97.3125 0.142811822949
97.5625 0.14281169472
97.8125 0.14281156649
98.0625 0.142811438261
98.3125 0.142811310032
98.5625 0.142811181803
98.8125 0.142811053573
99.0625 0.142810925344
99.3125 0.142810797115
99.5625 0.142810668885
99.8125 0.142810540656
100.0625 0.142810412427
100.3125 0.142810284197
100.5625 0.142810155968
100.8125 0.142810027739
101.0625 0.142809899509
101.3125 0.14280977128
101.5625 0.142809643051
101.8125 0.142809514821
102.0625 0.142809386592
102.3125 0.142809258363
102.5625 0.142809130133
102.8125 0.142809001904
103.0625 0.142808873675
103.3125 0.142808745445
103.5625 0.142808617216
103.8125 0.142808488987
104.0625 0.142808360757
104.3125 0.142808232528
104.5625 0.142808104299
104.8125 0.142807976069
105.0625 0.14280784784
105.3125 0.142807719611
105.5625 0.142807591381
105.8125 0.142807463152
106.0625 0.142807334923
106.3125 0.142807206693
106.5625 0.142807078464
106.8125 0.142806950235
107.0625 0.142806822005
107.3125 0.142806693776
107.5625 0.142806565547
107.8125 0.142806437317
108.0625 0.142806309088
108.3125 0.142806180859
108.5625 0.142806052629
108.8125 0.1428059244
109.0625 0.142805796171
109.3125 0.142805667941
109.5625 0.142805539712
109.8125 0.142805411483
110.0625 0.142805283253
110.3125 0.142805155024
110.5625 0.142805026795
110.8125 0.142804898565
111.0625 0.142804770336
111.3125 0.142804642107
111.5625 0.142804513877
111.8125 0.142804385648
112.0625 0.142804257419
112.3125 0.14280412919
112.5625 0.14280400096
112.8125 0.142803872731
113.0625 0.142803744502
113.3125 0.142803616272
113.5625 0.142803488043
113.8125 0.142803359814
114.0625 0.142803231584
114.3125 0.142803103355
114.5625 0.142802975126
114.8125 0.142802846896
115.0625 0.142802718667
115.3125 0.142802590438
115.5625 0.142802462208
115.8125 0.142802333979
116.0625 0.14280220575
116.3125 0.14280207752
116.5625 0.142801949291
116.8125 0.142801821062
117.0625 0.142801692832
117.3125 0.142801564603
117.5625 0.142801436374
117.8125 0.142801308144
118.0625 0.142801179915
118.3125 0.142801051686
118.5625 0.142800923456
118.8125 0.142800795227
119.0625 0.142800666998
119.3125 0.142800538768
119.5625 0.142800410539
119.8125 0.14280028231
120.0625 0.14280015408
120.3125 0.142800025851
120.5625 0.142799897622
120.8125 0.142799769392
121.0625 0.142799641163
121.3125 0.142799512934
121.5625 0.142799384704
121.8125 0.142799256475
122.0625 0.142799128246
122.3125 0.142799000016
122.5625 0.142798871787
122.8125 0.142798743558
123.0625 0.142798615328
123.3125 0.142798487099
123.5625 0.14279835887
123.8125 0.14279823064
124.0625 0.142798102411
124.3125 0.142797974182
124.5625 0.142797845952
124.8125 0.142797717723
125.0625 0.142797589494
125.3125 0.142797461264
125.5625 0.142797333035
125.8125 0.142797204806
126.0625 0.142797076577
126.3125 0.142796948347
126.5625 0.142796820118
126.8125 0.142796691889
127.0625 0.142796563659
127.3125 0.14279643543
127.5625 0.142796307201
127.8125 0.142796178971
128.0625 0.142795922513
128.5625 0.142795666054
129.0625 0.142795409595
129.5625 0.142795153137
130.0625 0.142794896678
130.5625 0.142794640219
131.0625 0.142794383761
131.5625 0.142794127302
132.0625 0.142793870843
132.5625 0.142793614385
133.0625 0.142793357926
133.5625 0.142793101467
134.0625 0.142792845009
134.5625 0.14279258855
135.0625 0.142792332091
135.5625 0.142792075633
136.0625 0.142791819174
136.5625 0.142791562715
137.0625 0.142791306257
137.5625 0.142791049798
138.0625 0.142790793339
138.5625 0.142790536881
139.0625 0.142790280422
139.5625 0.142790023963
140.0625 0.142789767505
140.5625 0.142789511046
141.0625 0.142789254588
141.5625 0.142788998129
142.0625 0.14278874167
142.5625 0.142788485212
143.0625 0.142788228753
143.5625 0.142787972294
144.0625 0.142787715836
144.5625 0.142787459377
145.0625 0.142787202918
145.5625 0.14278694646
146.0625 0.142786690001
146.5625 0.142786433542
147.0625 0.142786177084
147.5625 0.142785920625
148.0625 0.142785664166
148.5625 0.142785407708
149.0625 0.142785151249
149.5625 0.14278489479
150.0625 0.142784638332
150.5625 0.142784381873
151.0625 0.142784125414
151.5625 0.142783868956
152.0625 0.142783612497
152.5625 0.142783356038
153.0625 0.14278309958
153.5625 0.142782843121
154.0625 0.142782586663
154.5625 0.142782330204
155.0625 0.142782073745
155.5625 0.142781817287
156.0625 0.142781560828
156.5625 0.142781304369
157.0625 0.142781047911
157.5625 0.142780791452
158.0625 0.142780534993
158.5625 0.142780278535
159.0625 0.142780022076
159.5625 0.142779765617
160.0625 0.142779509159
160.5625 0.1427792527
161.0625 0.142778996241
161.5625 0.142778739783
162.0625 0.142778483324
162.5625 0.142778226865
163.0625 0.142777970407
163.5625 0.142777713948
164.0625 0.142777457489
164.5625 0.142777201031
165.0625 0.142776944572
165.5625 0.142776688113
166.0625 0.142776431655
166.5625 0.142776175196
167.0625 0.142775918737
167.5625 0.142775662279
168.0625 0.14277540582
168.5625 0.142775149362
169.0625 0.142774892903
169.5625 0.142774636444
170.0625 0.142774379986
170.5625 0.142774123527
171.0625 0.142773867068
171.5625 0.14277361061
172.0625 0.142773354151
172.5625 0.142773097692
173.0625 0.142772841234
173.5625 0.142772584775
174.0625 0.142772328316
174.5625 0.142772071858
175.0625 0.142771815399
175.5625 0.14277155894
176.0625 0.142771302482
176.5625 0.142771046023
177.0625 0.142770789564
177.5625 0.142770533106
178.0625 0.142770276647
178.5625 0.142770020188
179.0625 0.14276976373
179.5625 0.142769507271
180.0625 0.142769250812
180.5625 0.142768994354
181.0625 0.142768737895
181.5625 0.142768481436
182.0625 0.142768224978
182.5625 0.142767968519
183.0625 0.142767712061
183.5625 0.142767455602
184.0625 0.142767199143
184.5625 0.142766942685
185.0625 0.142766686226
185.5625 0.142766429767
186.0625 0.142766173309
186.5625 0.14276591685
187.0625 0.142765660391
187.5625 0.142765403933
188.0625 0.142765147474
188.5625 0.142764891015
189.0625 0.142764634557
189.5625 0.142764378098
190.0625 0.142764121639
190.5625 0.142763865181
191.0625 0.142763608722
191.5625 0.142763352263
192.0625 0.00843646390703
