0 1
0.0625 0.747747036825
0.125 0.743424676999
0.1875 0.280794034094
0.25 0.280786261176
0.3125 0.280786251414
0.375 0.280773627045
0.4375 0.280772201871
0.5 0.280754803446
0.5625 0.280751975409
0.625 0.280729887993
0.6875 0.280725671038
0.75 0.280698966447
0.8125 0.28069337173
0.875 0.280662127358
0.9375 0.28065517022
1.0 0.280619466251
1.0625 0.280611157149
1.125 0.280571068886
1.1875 0.280561419673
1.25 0.280517025905
1.3125 0.280506052619
1.375 0.280457434226
1.4375 0.280445146628
1.5 0.280392378216
1.5625 0.280378788159
1.625 0.280321948517
1.6875 0.280307074129
1.75 0.28024625111
1.8125 0.28023009309
1.875 0.280165359905
1.9375 0.280147942655
2.0 0.280079364149
2.0625 0.280060696036
2.125 0.279988364942
2.1875 0.279968450847
2.25 0.279892443863
2.3125 0.279871313071
2.375 0.279791699921
2.4375 0.279769351734
2.5 0.279686220271
2.5625 0.27966266724
2.625 0.279576085098
2.6875 0.27955134814
2.75 0.279461398292
2.8125 0.279435482985
2.875 0.279342254677
2.9375 0.279315177058
3.0 0.279218728162
3.0625 0.279190504268
3.125 0.279090925427
3.1875 0.279061551771
3.25 0.278958928049
3.3125 0.278928438099
3.375 0.278822827367
3.4375 0.278791218334
3.5 0.278682723088
3.5625 0.278650024258
3.625 0.27853869958
3.6875 0.278504900492
3.75 0.278390838419
3.8125 0.278355973937
3.875 0.278239241405
3.9375 0.278203301766
4.0 0.278083985234
4.0625 0.278047005999
4.125 0.277925184953
4.1875 0.277887162635
4.25 0.27776291168
4.3125 0.277723874169
4.375 0.2775972707
4.4375 0.277557208235
4.5 0.277428327554
4.5625 0.277387274998
4.625 0.277256200775
4.6875 0.277214148365
4.75 0.277080950326
4.8125 0.277037933622
4.875 0.276902708684
4.9375 0.276858724897
5.0 0.276721530234
5.0625 0.276676606557
5.125 0.276537536297
5.1875 0.276491662969
5.25 0.276350776378
5.3125 0.276303993142
5.375 0.276161394808
5.4375 0.276113687718
5.5 0.275969428539
5.5625 0.275920809449
5.625 0.275774992619
5.6875 0.275725510336
5.75 0.275578200699
5.8125 0.275527832214
5.875 0.275379096007
5.9375 0.275327874091
6.0 0.275177817297
6.0625 0.275125740555
6.125 0.274974413376
6.1875 0.274921487386
6.25 0.274768985344
6.3125 0.274715250547
6.375 0.274561644761
6.4375 0.274507085817
6.5 0.274352444619
6.5625 0.274297097087
6.625 0.274141534825
6.6875 0.274085402889
6.75 0.2739289607
6.8125 0.273872042269
6.875 0.273714808704
6.9375 0.273657144218
7.0 0.27349920434
7.0625 0.273440778459
7.125 0.27328219293
7.1875 0.273223025178
7.25 0.273063899979
7.3125 0.27300401685
7.375 0.272844402183
7.4375 0.272783796009
7.5 0.272623783213
7.5625 0.272562503497
7.625 0.272402182518
7.6875 0.27234020416
7.75 0.272179627989
7.8125 0.272116964236
7.875 0.271956243734
7.9375 0.27189293921
8.0 0.271732120396
8.0625 0.271668155579
8.125 0.271507316545
8.1875 0.271442708865
8.25 0.271281967446
8.3125 0.2712167685
8.375 0.271056177686
8.4375 0.270990367254
8.5 0.270830011412
8.5625 0.270763611806
8.625 0.270603584368
8.6875 0.270536631147
8.75 0.270376992773
8.8125 0.27030946502
8.875 0.270150285435
8.9375 0.2700821957
9.0 0.269923573914
9.0625 0.269854968215
9.125 0.269696973952
9.1875 0.269627831373
9.25 0.269470530174
9.3125 0.269400863264
9.375 0.269244349956
9.4375 0.269174204734
9.5 0.269018558104
9.5625 0.268947924809
9.625 0.268793216675
9.6875 0.268722097398
9.75 0.268568407245
9.8125 0.268496847308
9.875 0.268344261596
9.9375 0.26827224008
10.0 0.268120815983
10.0625 0.26804834544
10.125 0.267898169417
10.1875 0.267825295864
10.25 0.26767646274
10.3125 0.267603165261
10.375 0.267455728027
10.4375 0.267382019171
10.5 0.267236060103
10.5625 0.26716198589
10.625 0.267017608876
10.6875 0.266943160241
10.75 0.266800425246
10.8125 0.266725603583
10.875 0.266584577543
10.9375 0.266509433055
11.0 0.266370231712
11.0625 0.266294739296
11.125 0.266157402394
11.1875 0.266081573906
11.25 0.265946179536
11.3125 0.265870027524
11.375 0.265736687944
11.4375 0.265660264005
11.5 0.265529028022
11.5625 0.265452305661
11.625 0.265323246485
11.6875 0.265246238253
11.75 0.265119433977
11.8125 0.265042182405
11.875 0.264917762716
11.9375 0.264840272686
12.0 0.264718264777
12.0625 0.264640526526
12.125 0.264521007792
12.1875 0.264443033872
12.25 0.264326106808
12.3125 0.264247948814
12.375 0.26413368175
12.4375 0.264055313188
12.5 0.263943769574
12.5625 0.263865202993
12.625 0.263756460921
12.6875 0.263677728395
12.75 0.263571905003
12.8125 0.263493019082
12.875 0.263390153415
12.9375 0.263311107128
13.0 0.263211277277
13.0625 0.26313208387
13.125 0.263035395819
13.1875 0.26295611944
13.25 0.262862648489
13.3125 0.262783249394
13.375 0.262693048536
13.4375 0.262613539276
13.5 0.262526686602
13.5625 0.262447089489
13.625 0.262363702137
13.6875 0.262284049244
13.75 0.262204166259
13.8125 0.262124440852
13.875 0.262048140326
13.9375 0.261968354956
14.0 0.261895719862
14.0625 0.261815926125
14.125 0.261747063839
14.1875 0.26166723524
14.25 0.261602189688
14.3125 0.261522338777
14.375 0.261461188749
14.4375 0.261381342718
14.5 0.26132422348
14.5625 0.261244424862
14.625 0.261191357331
14.6875 0.261111574053
14.75 0.261062635623
14.8125 0.260982880235
14.875 0.260938148998
14.9375 0.26085843405
15.0 0.260818027145
15.0625 0.260738409811
15.125 0.260702371861
15.1875 0.260622820069
15.25 0.260591223587
15.3125 0.260511749886
15.375 0.260484672965
15.4375 0.260405289906
15.5 0.260382844105
15.5625 0.260303608863
15.625 0.260285849961
15.6875 0.260206730463
15.75 0.260193726094
15.8125 0.260114749531
15.875 0.260106591732
15.9375 0.26002775671
16.0 0.260024536123
16.0625 0.259945810569
16.125 0.259944459303
16.1875 0.259865185015
16.25 0.259863821896
16.3125 0.259784000269
16.375 0.259782625296
16.4375 0.259702257724
16.5 0.25970089321
16.5625 0.259620025711
16.625 0.259618671656
16.6875 0.259537261001
16.75 0.259535895093
16.8125 0.259453942676
16.875 0.259452564915
16.9375 0.259370072131
17.0 0.25936869925
17.0625 0.259285712118
17.125 0.259284355274
17.1875 0.259200831261
17.25 0.259199477903
17.3125 0.259115433046
17.375 0.259114068532
17.4375 0.259029488886
17.5 0.259028123675
17.5625 0.258943055258
17.625 0.258941711661
17.6875 0.258856111244
17.75 0.258854755795
17.8125 0.258768624772
17.875 0.258767257469
17.9375 0.258680597235
18.0 0.258679223657
18.0625 0.258592080231
18.125 0.258590733845
18.1875 0.258503063997
18.25 0.258501705758
18.3125 0.258413510882
18.375 0.25841214079
18.4375 0.258323422281
18.5 0.258322041033
18.5625 0.25823284979
18.625 0.258231506193
18.6875 0.258141795501
18.75 0.258140456088
18.8125 0.258050241982
18.875 0.258048891413
18.9375 0.257958159252
19.0 0.25795679683
19.0625 0.257865548008
19.125 0.257864217659
19.1875 0.257772503774
19.25 0.257771167847
19.3125 0.257678940089
19.375 0.257677592309
19.4375 0.257584852075
19.5 0.257583492442
19.5625 0.257490241124
19.625 0.257488869638
19.6875 0.257395146284
19.75 0.257393813146
19.8125 0.257299594049
19.875 0.257298249058
19.9375 0.257203523062
20.0 0.257202166217
20.0625 0.257106934716
20.125 0.257105566019
20.1875 0.257009830408
20.25 0.25700848193
20.3125 0.256912310539
20.375 0.256910985769
20.4375 0.256814313754
20.5 0.256812977129
20.5625 0.256715805188
20.625 0.256714456711
20.6875 0.256616786237
20.75 0.256615425906
20.8125 0.256517283396
20.875 0.256515961414
20.9375 0.256417348261
21.0 0.256416014426
21.0625 0.256316906924
21.125 0.256315561236
21.1875 0.25621596078
21.25 0.256214603239
21.3125 0.256114511223
21.375 0.256113160654
21.4375 0.256012628675
21.5 0.256011297629
21.5625 0.255910276879
21.625 0.25590893398
21.6875 0.255807425854
21.75 0.255806071102
21.8125 0.255704076994
21.875 0.255702711086
21.9375 0.255600262373
22.0 0.255598952244
22.0625 0.255496058687
22.125 0.255494736705
22.1875 0.255391361349
22.25 0.255390027514
22.3125 0.255286171755
22.375 0.255284826067
22.4375 0.255180491298
22.5 0.255179140032
22.5625 0.255074377851
22.625 0.255073058658
22.6875 0.254967820256
22.75 0.25496648921
22.8125 0.254860775983
22.875 0.254859433084
22.9375 0.254753246425
23.0 0.254751891672
23.0625 0.254645233674
23.125 0.254643922151
23.1875 0.254536848593
23.25 0.254535525914
23.3125 0.254427983108
23.375 0.254426648576
23.4375 0.254318637917
23.5 0.254317291532
23.5625 0.254208815111
23.625 0.254207475001
23.6875 0.254098551644
23.75 0.254097249186
23.8125 0.253987917939
23.875 0.2539866106
23.9375 0.253876817078
24.0 0.253875497885
24.0625 0.253765243483
24.125 0.253763912437
24.1875 0.253653198548
24.25 0.253651855649
24.3125 0.253540683668
24.375 0.25353937075
24.4375 0.253427797852
24.5 0.253426487027
24.5625 0.253314458826
24.625 0.253313136147
24.6875 0.253200654037
24.75 0.253199319505
24.8125 0.253086384882
24.875 0.253085038497
24.9375 0.252971652754
25.0 0.252970329378
25.0625 0.25285654969
25.125 0.252855235378
25.1875 0.252741007361
25.25 0.252739681195
25.3125 0.252625006939
25.375 0.252623687746
25.4375 0.252508586774
25.5 0.252507256425
25.5625 0.252391711307
25.625 0.252390396994
25.6875 0.252274464903
25.75 0.252273166628
25.8125 0.252156793178
25.875 0.25215548305
25.9375 0.252038669637
26.0 0.252037347655
26.0625 0.251920095674
26.125 0.251918761839
26.1875 0.251801072683
26.25 0.251799747912
26.3125 0.251681678756
26.375 0.251680376994
26.4375 0.251561873453
26.5 0.251560559838
26.5625 0.251441623306
26.625 0.251440297838
26.6875 0.251320929709
26.75 0.251319592388
26.8125 0.251199794058
26.875 0.251198458828
26.9375 0.25107828747
27.0 0.251076982222
27.0625 0.250956383451
27.125 0.250955067047
27.1875 0.250834061781
27.25 0.250832753047
27.3125 0.250711323853
27.375 0.250710003266
27.4375 0.250588150843
27.5 0.250586825375
27.5625 0.250464606898
27.625 0.250463318384
27.6875 0.250340679466
27.75 0.250339379098
27.8125 0.250216321134
27.875 0.250215008914
27.9375 0.250091533299
28.0 0.250090209225
28.0625 0.249966317353
28.125 0.249964982123
28.1875 0.249840736049
28.25 0.249839449626
28.3125 0.249714790781
28.375 0.249713492506
28.4375 0.249588421588
28.5 0.249587111459
28.5625 0.249461629862
28.625 0.24946030788
28.6875 0.249334416998
28.75 0.249333083163
28.8125 0.249206784391
28.875 0.249205492391
28.9375 0.249078848481
29.0 0.249077552995
29.0625 0.248950524204
29.125 0.248949237085
29.1875 0.248821805285
29.25 0.248820506313
29.3125 0.248692672201
29.375 0.248691361375
29.4375 0.248563126346
29.5 0.248561803667
29.5625 0.248433215133
29.625 0.248431941959
29.6875 0.248302970636
29.75 0.248301685608
29.8125 0.248172317552
29.875 0.248171020671
29.9375 0.248041257274
30.0 0.24803994854
30.0625 0.247909791199
30.125 0.247908470612
30.1875 0.24777792072
30.25 0.247776626628
30.3125 0.247645746938
30.375 0.247644464002
30.4375 0.24751319455
30.5 0.247511899761
30.5625 0.247380241943
30.625 0.2473789353
30.6875 0.247246890509
30.75 0.247245572013
30.8125 0.247113141644
30.875 0.247111811295
30.9375 0.246979028119
31.0 0.246977768192
31.0625 0.246844653823
31.125 0.24684338274
31.1875 0.246709886976
31.25 0.24670860404
31.3125 0.246574728276
31.375 0.246573433487
31.4375 0.246439179118
31.5 0.246437872475
31.5625 0.246303240895
31.625 0.246301945408
31.6875 0.246166999369
31.75 0.246165730378
31.8125 0.246030409917
31.875 0.246029129073
31.9375 0.245893435584
32.0 0.245892142886
32.0625 0.245754773214
32.1875 0.245617021449
32.3125 0.245478965685
32.4375 0.245340576636
32.5625 0.245201809678
32.6875 0.245062666207
32.8125 0.244923147617
32.9375 0.244783285283
33.0625 0.244643187977
33.1875 0.244502719735
33.3125 0.244361881952
33.4375 0.244220676022
33.5625 0.244079103339
33.6875 0.243937232235
33.8125 0.243795064102
33.9375 0.243652533401
34.0625 0.243509641526
34.1875 0.243366389871
34.3125 0.24322277983
34.4375 0.243078871368
34.5625 0.242934682611
34.6875 0.242790139653
34.8125 0.242645243887
34.9375 0.242499997406
35.0625 0.24235444553
35.1875 0.24220859593
35.3125 0.24206248277
35.4375 0.241916023774
35.5625 0.241769220339
35.6875 0.241622073857
35.8125 0.241474585724
35.9375 0.241326799169
36.0625 0.241178765789
36.1875 0.24103039494
36.3125 0.240881688018
36.4375 0.240732646417
36.5625 0.240583271531
36.6875 0.240433598224
36.8125 0.240283694824
36.9375 0.240133462324
37.0625 0.239982902814
37.1875 0.239832063011
37.3125 0.239680898988
37.4375 0.239529436542
37.5625 0.239377760739
37.6875 0.239225764201
37.8125 0.239073448325
37.9375 0.238920814503
38.0625 0.23876786413
38.1875 0.238614615336
38.3125 0.238461169918
38.4375 0.238307412132
38.5625 0.238153343375
38.6875 0.237998965039
38.8125 0.237844278519
38.9375 0.237689293578
39.0625 0.237534128747
39.1875 0.237378659915
39.3125 0.237222912882
39.4375 0.237066889041
39.5625 0.236910565384
39.6875 0.236753944002
39.8125 0.236597169225
39.9375 0.236440099513
40.0625 0.236282735562
40.1875 0.236125078767
40.3125 0.235967130522
40.4375 0.235808892222
40.5625 0.235650428711
40.6875 0.235491759513
40.8125 0.235332804442
40.9375 0.235173564894
41.0625 0.235014042264
41.1875 0.234854237946
41.3125 0.234694153334
41.4375 0.234533916722
41.5625 0.234373445835
41.6875 0.234212723938
41.8125 0.234051727326
41.9375 0.233890457393
42.0625 0.233728915533
42.1875 0.233567148462
42.3125 0.23340521196
42.4375 0.233243007714
42.5625 0.23308053712
42.6875 0.232917801572
42.8125 0.232754802464
42.9375 0.232591541191
43.0625 0.232428127918
43.1875 0.232264491526
43.3125 0.232100597152
43.4375 0.231936446191
43.5625 0.231772040037
43.6875 0.231607380085
43.8125 0.231442495619
43.9375 0.23127752818
44.0625 0.231112311825
44.1875 0.230946847248
44.3125 0.230781135847
44.4375 0.230615179014
44.5625 0.230448978144
44.6875 0.230282625274
44.8125 0.230116085542
44.9375 0.229949305956
45.0625 0.229782287912
45.1875 0.229615032803
45.3125 0.229447542025
45.4375 0.229279826036
45.5625 0.229112013129
45.6875 0.228943968736
45.8125 0.228775694251
45.9375 0.228607191069
46.0625 0.228438460584
46.1875 0.228269504888
46.3125 0.228100454367
46.4375 0.227931259515
46.5625 0.227761842938
46.6875 0.227592206031
46.8125 0.227422350188
46.9375 0.227252276804
47.0625 0.227081987273
47.1875 0.22691155132
47.3125 0.226740989863
47.4375 0.226570216442
47.5625 0.226399232452
47.6875 0.226228039288
47.8125 0.226056638344
47.9375 0.225885031014
48.0625 0.225713277263
48.1875 0.22554141753
48.3125 0.225369355595
48.4375 0.225197092853
48.5625 0.225024630697
48.6875 0.224851997717
48.8125 0.224679195304
48.9375 0.22450624647
49.0625 0.224333211177
49.1875 0.224159983444
49.3125 0.223986564665
49.4375 0.223812956234
49.5625 0.223639159547
49.6875 0.223465175997
49.8125 0.223291046025
49.9375 0.223116849117
50.0625 0.222942469531
50.1875 0.22276790866
50.3125 0.222593167898
50.4375 0.222418248642
50.5625 0.222243152285
50.6875 0.222067909505
50.8125 0.221892619313
50.9375 0.221717156203
51.0625 0.22154152157
51.1875 0.221365744699
51.3125 0.221189826984
51.4375 0.221013741929
51.5625 0.220837510452
51.6875 0.220661251085
51.8125 0.220484828562
51.9375 0.220308244278
52.0625 0.220131499627
52.1875 0.219954596003
52.3125 0.219777534801
52.4375 0.219600327178
52.5625 0.219423111187
52.6875 0.219245741802
52.8125 0.219068220416
52.9375 0.218890548425
53.0625 0.218712727224
53.1875 0.218534758205
53.3125 0.218356643462
53.4375 0.218178549636
53.5625 0.218000312875
53.6875 0.217821934572
53.8125 0.217643471205
53.9375 0.217464869085
54.0625 0.217286128911
54.1875 0.217107252076
54.3125 0.216928313186
54.4375 0.216749334552
54.5625 0.216570223442
54.6875 0.216390981249
54.8125 0.216211609368
54.9375 0.216032109193
55.0625 0.21585248212
55.1875 0.215672729541
55.3125 0.215492999275
55.4375 0.21531316721
55.5625 0.215133213825
55.6875 0.214953140512
55.8125 0.214772948668
55.9375 0.214592639686
56.0625 0.214412214961
56.1875 0.21423172818
56.3125 0.214051244189
56.4375 0.213870705812
56.5625 0.213690057968
56.6875 0.213509301353
56.8125 0.213328437361
56.9375 0.213147467388
57.0625 0.212966392828
57.1875 0.21278534058
57.3125 0.212604228368
57.4375 0.212423015753
57.5625 0.212241704129
57.6875 0.21206029489
57.8125 0.21187878943
57.9375 0.211697189145
58.0625 0.211515526805
58.1875 0.211333908392
58.3125 0.211152199336
58.4375 0.210970401033
58.5625 0.210788514876
58.6875 0.210606542261
58.8125 0.210424484581
58.9375 0.210242343232
59.0625 0.210060254176
59.1875 0.209878176973
59.3125 0.209696020285
59.4375 0.209513785504
59.5625 0.209331474026
59.6875 0.209149087246
59.8125 0.208966626557
59.9375 0.208784103813
60.0625 0.208601666831
60.1875 0.208419160123
60.3125 0.208236585086
60.4375 0.208053943113
60.5625 0.207871235598
60.6875 0.207688463937
60.8125 0.207505629523
60.9375 0.207322822999
61.0625 0.20714004576
61.1875 0.206957209952
61.3125 0.206774316969
61.4375 0.206591368207
61.5625 0.206408365059
61.6875 0.206225308921
61.8125 0.206042231865
61.9375 0.205859213378
62.0625 0.205676246487
62.1875 0.205493232184
62.3125 0.205310171862
62.4375 0.205127066916
62.5625 0.204943918741
62.6875 0.204760728731
62.8125 0.20457749828
62.9375 0.20439429572
63.0625 0.204211167067
63.1875 0.204028002158
63.3125 0.203844802387
63.4375 0.203661569147
63.5625 0.203478303835
63.6875 0.203295007843
63.8125 0.203111682567
63.9375 0.202928385181
64.0625 0.202561962628
64.3125 0.202195455709
64.5625 0.201828939028
64.8125 0.201462468366
65.0625 0.201096259869
65.3125 0.200730012326
65.5625 0.200363736893
65.8125 0.199997478194
66.0625 0.19963153744
66.3125 0.199265602264
66.5625 0.198899683822
66.8125 0.198533815582
67.0625 0.198168321067
67.3125 0.19780287745
67.5625 0.197437622091
67.8125 0.197072451098
68.0625 0.196707709611
68.3125 0.196343062949
68.5625 0.195978522268
68.8125 0.195614099423
69.0625 0.195250182779
69.3125 0.194886406283
69.5625 0.194522780391
69.8125 0.194159316262
70.0625 0.193796297673
70.3125 0.193433602608
70.5625 0.193071201084
70.8125 0.192709005945
71.0625 0.192347194293
71.3125 0.191985824695
71.5625 0.191624694951
71.8125 0.191263816216
72.0625 0.190903258913
72.3125 0.190543294967
72.5625 0.190183615499
72.8125 0.189824231663
73.0625 0.189465154617
73.3125 0.189106760873
73.5625 0.188748844047
73.8125 0.188391267478
74.0625 0.188034042321
74.3125 0.187677404945
74.5625 0.187321295385
74.8125 0.186965570706
75.0625 0.186610242064
75.3125 0.186255439147
75.5625 0.185901315349
75.8125 0.185547621055
76.0625 0.185194367422
76.3125 0.184841578157
76.5625 0.184489754579
76.8125 0.184138405828
77.0625 0.18378754236
77.3125 0.183437175334
77.5625 0.183087617114
77.8125 0.182738678051
78.0625 0.182390268896
78.3125 0.182042400805
78.5625 0.181695172788
78.8125 0.181348821909
79.0625 0.181003045562
79.3125 0.180657854903
79.5625 0.180313330813
79.8125 0.179969760558
80.0625 0.179626934963
80.3125 0.179284739681
80.5625 0.178943185866
80.8125 0.178602347428
81.0625 0.178262511632
81.3125 0.177923350772
81.5625 0.177584876004
81.8125 0.177247098484
82.0625 0.176910280377
82.3125 0.176574332435
82.5625 0.176239115209
82.8125 0.175904746533
83.0625 0.175571204096
83.3125 0.175238789806
83.5625 0.174907150855
83.8125 0.1745762984
84.0625 0.174246243597
84.3125 0.173917223509
84.5625 0.173589199091
84.8125 0.173262005793
85.0625 0.17293565477
85.3125 0.172610169729
85.5625 0.172285938339
85.8125 0.171962582692
86.0625 0.171640222716
86.3125 0.171318797051
86.5625 0.170998492561
86.8125 0.170679320402
87.0625 0.170361079765
87.3125 0.170043781808
87.5625 0.169727437685
87.8125 0.169412363251
88.0625 0.169098384193
88.3125 0.168785392439
88.5625 0.168473399142
88.8125 0.168162415461
89.0625 0.167852849982
89.3125 0.167544416833
89.5625 0.167237100676
89.8125 0.166930838757
90.0625 0.166625708471
90.3125 0.166322012424
90.5625 0.166019404083
90.8125 0.165717894605
91.0625 0.165417495146
91.3125 0.165118375833
91.5625 0.164820653806
91.8125 0.164524075264
92.0625 0.164228651365
92.3125 0.163934393265
92.5625 0.163641564522
92.8125 0.163350245321
93.0625 0.163060126083
93.3125 0.162771217268
93.5625 0.16248353003
93.8125 0.162197419968
94.0625 0.161912633281
94.3125 0.161629101641
94.5625 0.161346836203
94.8125 0.16106586137
95.0625 0.160786585731
95.3125 0.160508609761
95.5625 0.160231944617
95.8125 0.159956601455
96.0625 0.159682741339
96.3125 0.159410675242
96.5625 0.159139964595
96.8125 0.158870620553
97.0625 0.158602654273
97.3125 0.158336174525
97.5625 0.158071443475
97.8125 0.157808123654
98.0625 0.157546226219
98.3125 0.157285762326
98.5625 0.157026826799
98.8125 0.156769709695
99.0625 0.156514059601
99.3125 0.156259887671
99.5625 0.156007244109
99.8125 0.155756287887
100.0625 0.155507219811
100.3125 0.155259674525
100.5625 0.155013663185
100.8125 0.154769196945
101.0625 0.154526342742
101.3125 0.154285446411
101.5625 0.154046128649
101.8125 0.153808400612
102.0625 0.153572273456
102.3125 0.153337800172
102.5625 0.153105354485
102.8125 0.152874543146
103.0625 0.15264537801
103.3125 0.152418027112
103.5625 0.152192372619
103.8125 0.151968815446
104.0625 0.151746948403
104.3125 0.151526782644
104.5625 0.151308329326
104.8125 0.151091613549
105.0625 0.150877064819
105.3125 0.150664261997
105.5625 0.150453216239
105.8125 0.150243938702
106.0625 0.150036441239
106.3125 0.149831201464
106.5625 0.149627764074
106.8125 0.14942622041
107.0625 0.149226581627
107.3125 0.149028778
107.5625 0.148833157456
107.8125 0.14863952616
108.0625 0.148447763488
108.3125 0.148257880596
108.5625 0.14806988864
108.8125 0.147884003767
109.0625 0.147700295702
109.3125 0.147518512041
109.5625 0.14733866394
109.8125 0.147160762554
110.0625 0.146984892252
110.3125 0.146811386317
110.5625 0.146639983978
110.8125 0.146470614117
111.0625 0.146303246752
111.3125 0.146137893038
111.5625 0.145974974114
111.8125 0.145814149722
112.0625 0.145655372449
112.3125 0.145498653453
112.5625 0.145344003887
112.8125 0.145191713112
113.0625 0.145041704428
113.3125 0.144893798643
113.5625 0.144748006914
113.8125 0.144604340397
114.0625 0.144462956668
114.3125 0.144324168096
114.5625 0.144187580038
114.8125 0.144053161816
115.0625 0.143920924584
115.3125 0.143790894142
115.5625 0.143663520911
115.8125 0.14353836214
116.0625 0.143415428983
116.3125 0.143294732597
116.5625 0.143176284139
116.8125 0.14306046291
117.0625 0.142947034635
117.3125 0.142835887756
117.5625 0.142727033427
117.8125 0.142620482805
118.0625 0.142516439486
118.3125 0.142415190736
118.5625 0.142316279161
118.8125 0.142219715917
119.0625 0.142125512159
119.3125 0.142033679044
119.5625 0.141944565195
119.8125 0.141857997696
120.0625 0.141773834307
120.3125 0.141692086184
120.5625 0.141612764483
120.8125 0.141535957059
121.0625 0.141462012533
121.3125 0.141390527898
121.5625 0.14132151431
121.8125 0.141254983621
122.0625 0.141191117813
122.3125 0.141130064005
122.5625 0.141071709941
122.8125 0.141015882703
123.0625 0.140962593447
123.3125 0.140911853329
123.5625 0.140863719523
123.8125 0.140818602012
124.0625 0.140776067106
124.3125 0.140736125962
124.5625 0.140698789736
124.8125 0.140664069584
125.0625 0.140632268111
125.3125 0.140603303043
125.5625 0.140576987515
125.8125 0.140553376613
126.0625 0.140532569343
126.3125 0.140514460423
126.5625 0.140499521192
126.8125 0.140487287281
127.0625 0.140477769849
127.3125 0.14047098005
127.5625 0.14046692904
127.8125 0.140465883865
128.0625 0.140465434838
128.5625 0.140464584195
129.0625 0.140463700782
129.5625 0.140463117883
130.0625 0.140462445736
130.5625 0.140461853076
131.0625 0.140461404048
131.5625 0.140460553406
132.0625 0.140459894507
132.5625 0.140459266983
133.0625 0.140458237846
133.5625 0.140457513405
134.0625 0.140457069258
134.5625 0.140456224194
135.0625 0.140455795387
135.5625 0.140455173442
136.0625 0.140454149882
136.5625 0.140453654836
137.0625 0.140452854395
137.5625 0.140451668377
138.0625 0.140451367166
138.5625 0.140450756377
139.0625 0.140449877844
139.5625 0.140449534798
140.0625 0.140448790138
140.5625 0.140447761
141.0625 0.140447284083
141.5625 0.14044640555
142.0625 0.140445365954
142.5625 0.14044512889
143.0625 0.140444490211
143.5625 0.140443533587
144.0625 0.140443162651
144.5625 0.1404423901
145.0625 0.140441282871
145.5625 0.140440778063
146.0625 0.140439871641
146.5625 0.140438945696
147.0625 0.14043868632
147.5625 0.140438025329
148.0625 0.140436996191
148.5625 0.140436602943
149.0625 0.140435808081
149.5625 0.140434628337
150.0625 0.140434101218
150.5625 0.140433268704
151.0625 0.140432323933
151.5625 0.14043209175
152.0625 0.140431458649
152.5625 0.140430423933
153.0625 0.140429946318
153.5625 0.14042922397
154.0625 0.140428100006
154.5625 0.140427376263
155.0625 0.140426759896
155.5625 0.140425937143
156.0625 0.140425357731
156.5625 0.140424847345
157.0625 0.140423935345
157.5625 0.140423109804
158.0625 0.14042251017
158.5625 0.140421508923
159.0625 0.140420437253
159.5625 0.140419995895
160.0625 0.140419301436
160.5625 0.140418379674
161.0625 0.140417997583
161.5625 0.140417213876
162.0625 0.140416045986
162.5625 0.140415574646
163.0625 0.140414701692
163.5625 0.140413427123
164.0625 0.140413017141
164.5625 0.140412501178
165.0625 0.1404115836
165.5625 0.140410971416
166.0625 0.140410410829
166.5625 0.140409448627
167.0625 0.140408483636
167.5625 0.140407878425
168.0625 0.140406871599
168.5625 0.140405757397
169.0625 0.140405514755
169.5625 0.140404870498
170.0625 0.140403824626
170.5625 0.140403319819
171.0625 0.140402630938
171.5625 0.140401540442
172.0625 0.140400682828
172.5625 0.140399949323
173.0625 0.140398917396
173.5625 0.140398119745
174.0625 0.140397754387
174.5625 0.140396987414
175.0625 0.140395836955
175.5625 0.140395426974
176.0625 0.140394615377
176.5625 0.140393402166
177.0625 0.140392690973
177.5625 0.140391879377
178.0625 0.140391032221
178.5625 0.140390268734
179.0625 0.140389875486
179.5625 0.140389080624
180.0625 0.140387884147
180.5625 0.140387453248
181.0625 0.140386658385
181.5625 0.140385461908
182.0625 0.140384560366
182.5625 0.140383924476
183.0625 0.140383151926
183.5625 0.140382203669
184.0625 0.140381832733
184.5625 0.140381060182
185.0625 0.140379886017
185.5625 0.140379270347
186.0625 0.140378497797
186.5625 0.140377323631
187.0625 0.140376237319
187.5625 0.140375786897
188.0625 0.140375042236
188.5625 0.140373914787
189.0625 0.140373571741
189.5625 0.14037282708
190.0625 0.140371680805
190.5625 0.140370913832
191.0625 0.140370213795
191.5625 0.140369112144
192.0625 0.140367746235
192.5625 0.140367525208
193.0625 0.140366903263
193.5625 0.140365879703
194.0625 0.1403651964
194.5625 0.140364619079
195.0625 0.140363640143
195.5625 0.140362357207
196.0625 0.14036182451
196.5625 0.140360890198
197.0625 0.140359609353
197.5625 0.140359015298
198.0625 0.140358566271
198.5625 0.140357715628
199.0625 0.14035652194
199.5625 0.140356117536
200.0625 0.140355311518
200.5625 0.140354103885
201.0625 0.140353158417
201.5625 0.140352397022
202.0625 0.140351289792
202.5625 0.14035019093
203.0625 0.140349920398
203.5625 0.140349248251
204.0625 0.140348174489
204.5625 0.140347346159
205.0625 0.14034676326
205.5625 0.140345778746
206.0625 0.140344392617
206.5625 0.140343716984
207.0625 0.140342822415
207.5625 0.140341976653
208.0625 0.140341013057
208.5625 0.140340658855
209.0625 0.140339903038
209.5625 0.140338745607
210.0625 0.140337934708
210.5625 0.140337268139
211.0625 0.140336199955
211.5625 0.140334730157
212.0625 0.140334071955
212.5625 0.140333436065
213.0625 0.140332512909
213.5625 0.140331572321
214.0625 0.140331140028
214.5625 0.140330306119
215.0625 0.140329070596
215.5625 0.140328282706
216.0625 0.140327538046
216.5625 0.14032639177
217.0625 0.1403248641
217.5625 0.140324382302
218.0625 0.140323788247
218.5625 0.140322792577
219.0625 0.140321897311
219.5625 0.140321437127
220.0625 0.140320575329
220.5625 0.140319311916
221.0625 0.140318462668
221.5625 0.140317734741
222.0625 0.1403166052
222.5625 0.140315074044
223.0625 0.140314680796
223.5625 0.140314153677
224.0625 0.140313224942
224.5625 0.140311999181
225.0625 0.140311605933
225.5625 0.140310811071
226.0625 0.140309614593
226.5625 0.14030843485
227.0625 0.140307773859
227.5625 0.140306711253
228.0625 0.140305365565
228.5625 0.140304705969
229.0625 0.140304251363
229.5625 0.140303395143
230.0625 0.140302137308
230.5625 0.14030152373
231.0625 0.140300801381
231.5625 0.140299677417
232.0625 0.140298172757
232.5625 0.14029758428
233.0625 0.140296594188
233.5625 0.140295442334
234.0625 0.140294474554
234.5625 0.140294142664
235.0625 0.14029340916
235.5625 0.14029227404
236.0625 0.140291234444
236.5625 0.140290679434
237.0625 0.14028972281
237.5625 0.140288364572
238.0625 0.140287253159
238.5625 0.14028647503
239.0625 0.14028559859
239.5625 0.140284502516
240.0625 0.140283804571
240.5625 0.140283288608
241.0625 0.140282371029
241.5625 0.140281051837
242.0625 0.140280282075
242.5625 0.140279542992
243.0625 0.140278402295
243.5625 0.140276859983
244.0625 0.140276018405
244.5625 0.140275362992
245.0625 0.140274490037
245.5625 0.140273215468
246.0625 0.140272792936
246.5625 0.140272098477
247.0625 0.140271002404
247.5625 0.14026952633
248.0625 0.140269010367
248.5625 0.140268092789
249.0625 0.140266773596
249.5625 0.140265231284
250.0625 0.140264785045
250.5625 0.140264185412
251.0625 0.140263184164
251.5625 0.140261937485
252.0625 0.140261560971
252.5625 0.140260782843
253.0625 0.140259603099
253.5625 0.140258155613
254.0625 0.140257600604
254.5625 0.14025664398
255.0625 0.140255285741
255.5625 0.140253762952
256.0625 0.140252898364
257.0625 0.140250516566
258.0625 0.140249294988
259.0625 0.140246533886
260.0625 0.140244955317
261.0625 0.14024225906
262.0625 0.140241338693
263.0625 0.140238834179
264.0625 0.140237556821
265.0625 0.140234673701
266.0625 0.140233127903
267.0625 0.140230681957
268.0625 0.140229688379
269.0625 0.140227295425
270.0625 0.140225827021
271.0625 0.140223166323
272.0625 0.140221223093
273.0625 0.140219202469
274.0625 0.140217821919
275.0625 0.140215663239
276.0625 0.140213807863
277.0625 0.14021138144
278.0625 0.140209051936
279.0625 0.140207405733
280.0625 0.140205649366
281.0625 0.140203736118
282.0625 0.140201543971
283.0625 0.140199452228
284.0625 0.140196744814
285.0625 0.140195534392
286.0625 0.140193239052
287.0625 0.140191850135
288.0625 0.14018897329
289.0625 0.140187405877
290.0625 0.140184298941
291.0625 0.140183339528
292.0625 0.140181058133
293.0625 0.140179517215
294.0625 0.140177057325
295.0625 0.140174934903
296.0625 0.140172297214
297.0625 0.140170674719
298.0625 0.140168939966
299.0625 0.140166770131
300.0625 0.140164946131
301.0625 0.140162076956
302.0625 0.140160163708
303.0625 0.140157600625
304.0625 0.140156642606
305.0625 0.140154126936
306.0625 0.140152469578
307.0625 0.14014986466
308.0625 0.140147507963
309.0625 0.1401455731
310.0625 0.140143621503
311.0625 0.140141942531
312.0625 0.140139291594
313.0625 0.140137523374
314.0625 0.140134173098
315.0625 0.140132803704
316.0625 0.140130455373
317.0625 0.140129111079
318.0625 0.140126762748
319.0625 0.140124590124
320.0625 0.140122241794
321.0625 0.140119381683
322.0625 0.140118160105
323.0625 0.140115457572
324.0625 0.140114235994
325.0625 0.140111407957
326.0625 0.140109483553
327.0625 0.140106655516
328.0625 0.140104756213
329.0625 0.140103066084
330.0625 0.140100622928
331.0625 0.140098932799
332.0625 0.140095661312
333.0625 0.140093971184
334.0625 0.140091033679
335.0625 0.140089756321
336.0625 0.140087698045
337.0625 0.14008545221
338.0625 0.140083483182
339.0625 0.14008026887
340.0625 0.14007838909
341.0625 0.14007584553
342.0625 0.140074518667
343.0625 0.140072281896
344.0625 0.140069986556
345.0625 0.140067839033
346.0625 0.140064575216
347.0625 0.140062809784
348.0625 0.140060316426
349.0625 0.140058951215
350.0625 0.140056547105
351.0625 0.140054213416
352.0625 0.140051898553
353.0625 0.140048613122
354.0625 0.140047215837
355.0625 0.140044655543
356.0625 0.140043217818
357.0625 0.14004083602
358.0625 0.140038278515
359.0625 0.140036075211
360.0625 0.140032397926
361.0625 0.140031492202
362.0625 0.140029054623
363.0625 0.140027236201
364.0625 0.140024977118
365.0625 0.140022038916
366.0625 0.140019958328
367.0625 0.14001649719
368.0625 0.140015429006
369.0625 0.1400131253
370.0625 0.140010937336
371.0625 0.140008812125
372.0625 0.140005515537
373.0625 0.140003658069
374.0625 0.140000650142
375.0625 0.139999161518
376.0625 0.139997181334
377.0625 0.139994410471
378.0625 0.13999269803
379.0625 0.139989379131
380.0625 0.139987200231
381.0625 0.139984762653
382.0625 0.139982528671
383.0625 0.139980972414
384.0625 0.139977809698
385.0625 0.139976167679
386.0625 0.139973272706
387.0625 0.139970348449
388.0625 0.13996841777
389.0625 0.139965449586
390.0625 0.139964328411
391.0625 0.139961600778
392.0625 0.139959274759
393.0625 0.139956904117
394.0625 0.139953122244
395.0625 0.139951811419
396.0625 0.139949440776
397.0625 0.139947415968
398.0625 0.139945402317
399.0625 0.139941921656
400.0625 0.139940264995
401.0625 0.139937001875
402.0625 0.139934659122
403.0625 0.139933013618
404.0625 0.139929845323
405.0625 0.139928556809
406.0625 0.139925661837
407.0625 0.139923001139
408.0625 0.139920463157
409.0625 0.139916823523
410.0625 0.139915914312
411.0625 0.139913398642
412.0625 0.139911106091
413.0625 0.13990903666
414.0625 0.139905360769
415.0625 0.139903480292
416.0625 0.13990049119
417.0625 0.139898253025
418.0625 0.139896752548
419.0625 0.139893645611
420.0625 0.139891819519
421.0625 0.139889158822
422.0625 0.139885692106
423.0625 0.139883477647
424.0625 0.13988086994
425.0625 0.139879109389
426.0625 0.139877028801
427.0625 0.139873627627
428.0625 0.139871993278
429.0625 0.13986875247
430.0625 0.139865763369
431.0625 0.139863784579
432.0625 0.139860688799
433.0625 0.139859500689
434.0625 0.139856940395
435.0625 0.139853915734
436.0625 0.139851890926
437.0625 0.139848259659
438.0625 0.139845869494
439.0625 0.139844090117
440.0625 0.139840850704
441.0625 0.139839606814
442.0625 0.139836756465
443.0625 0.139833822446
444.0625 0.139831507583
445.0625 0.139827586262
446.0625 0.13982603628
447.0625 0.139823978004
448.0625 0.139820840389
449.0625 0.1398193176
450.0625 0.139816188352
451.0625 0.139813356131
452.0625 0.139810762369
453.0625 0.139806980497
454.0625 0.139805870479
455.0625 0.139803633708
456.0625 0.139800480056
457.0625 0.139798868019
458.0625 0.139795649523
459.0625 0.139792683431
460.0625 0.139790089669
461.0625 0.139786901852
462.0625 0.139785473191
463.0625 0.139783247576
464.0625 0.139779775282
465.0625 0.139778174401
466.0625 0.139774967061
467.0625 0.139771682326
468.0625 0.139769269849
469.0625 0.139766441812
470.0625 0.139764705665
471.0625 0.139762502362
472.0625 0.139758722581
473.0625 0.139757144012
474.0625 0.139753958984
475.0625 0.139750394653
476.0625 0.139748523938
477.0625 0.139745818616
478.0625 0.139743685038
479.0625 0.139741693698
480.0625 0.139738095899
481.0625 0.13973602089
482.0625 0.139733137073
483.0625 0.139728800191
484.0625 0.139727581402
485.0625 0.139725188448
486.0625 0.139722293475
487.0625 0.139720614502
488.0625 0.13971732907
489.0625 0.139714492666
490.0625 0.139711921216
491.0625 0.139707743307
492.0625 0.139706185656
493.0625 0.139704116224
494.0625 0.139700471013
495.0625 0.139699115563
496.0625 0.139696153654
497.0625 0.139692589323
498.0625 0.139690430644
499.0625 0.139686666203
500.0625 0.139684425249
501.0625 0.139682868992
502.0625 0.139679706275
503.0625 0.13967738444
504.0625 0.139675024954
505.0625 0.139671059008
506.0625 0.139668655595
507.0625 0.139665581429
508.0625 0.139662229062
509.0625 0.139661160878
510.0625 0.13965861174
511.0625 0.13965505229
512.0625 0.139649954014
514.0625 0.139643853096
516.0625 0.13963883082
518.0625 0.139633375553
520.0625 0.139628422304
522.0625 0.139621630413
524.0625 0.139616196761
526.0625 0.139612228026
528.0625 0.139606419952
530.0625 0.139598772538
532.0625 0.139594987877
534.0625 0.139590186629
536.0625 0.13958354604
538.0625 0.139577086737
540.0625 0.139572857929
542.0625 0.139567302258
544.0625 0.139561088386
546.0625 0.139555494366
548.0625 0.139550015393
550.0625 0.139544247759
552.0625 0.139539558768
554.0625 0.139532867977
556.0625 0.139526270619
558.0625 0.139522508967
560.0625 0.139516745516
562.0625 0.139508980267
564.0625 0.139504266872
566.0625 0.139499547899
568.0625 0.139492653513
570.0625 0.139487666796
572.0625 0.139481209584
574.0625 0.139475118427
576.0625 0.139471001876
578.0625 0.139464877251
580.0625 0.139456577213
582.0625 0.139453068662
584.0625 0.139447769579
586.0625 0.139440295082
588.0625 0.139434929063
590.0625 0.139429420805
592.0625 0.139423006126
594.0625 0.1394186044
596.0625 0.139411842491
598.0625 0.139404605059
600.0625 0.139400882452
602.0625 0.139394799663
604.0625 0.13938789412
606.0625 0.139381771587
608.0625 0.139376293311
610.0625 0.139370704173
612.0625 0.139365283071
614.0625 0.139357540831
616.0625 0.139352199913
618.0625 0.139347524169
620.0625 0.139340292315
622.0625 0.139334792424
624.0625 0.139328093267
626.0625 0.139321812459
628.0625 0.139317612238
630.0625 0.139310855906
632.0625 0.139303147135
634.0625 0.139298709849
636.0625 0.139292508527
638.0625 0.139286540086
640.0625 0.139280404305
642.0625 0.139272402689
644.0625 0.139268553881
646.0625 0.139262759752
648.0625 0.13925516254
650.0625 0.139249282649
652.0625 0.139243149657
654.0625 0.13923769439
656.0625 0.139232178463
658.0625 0.139223899342
660.0625 0.13921818191
662.0625 0.139213052258
664.0625 0.139206012844
666.0625 0.139200959192
668.0625 0.139192924108
670.0625 0.139187410273
672.0625 0.139182507226
674.0625 0.139174622748
676.0625 0.139169412912
678.0625 0.139161710415
680.0625 0.139156210525
682.0625 0.139151354891
684.0625 0.139143517825
686.0625 0.139137303953
688.0625 0.139130889273
690.0625 0.139124407657
692.0625 0.139119777932
694.0625 0.13911193738
696.0625 0.139105098774
698.0625 0.139099782956
700.0625 0.139092877414
702.0625 0.139088008532
704.0625 0.139079928825
706.0625 0.13907308464
708.0625 0.139068175318
710.0625 0.139060868161
712.0625 0.139055782436
714.0625 0.139047485884
716.0625 0.139041190433
718.0625 0.139036192561
720.0625 0.139028684597
722.0625 0.139023448266
724.0625 0.139014760558
726.0625 0.139009478208
728.0625 0.139003943455
730.0625 0.138996613986
732.0625 0.138990840774
734.0625 0.138981616186
736.0625 0.138977273726
738.0625 0.138971224404
740.0625 0.138964095743
742.0625 0.138957807962
744.0625 0.138948294713
746.0625 0.138944780584
748.0625 0.13893817695
750.0625 0.138931628398
752.0625 0.138924713094
754.0625 0.138915886634
756.0625 0.13891211801
758.0625 0.138904646302
760.0625 0.138898878668
762.0625 0.138891095291
764.0625 0.138883489712
766.0625 0.138878875326
768.0625 0.138870557856
770.0625 0.138865593452
772.0625 0.138857014515
774.0625 0.138850726734
776.0625 0.138845254733
778.0625 0.138838081448
780.0625 0.13883221341
782.0625 0.138822379427
784.0625 0.138817682766
786.0625 0.138810978031
788.0625 0.138805188085
790.0625 0.138798087313
792.0625 0.13878944144
794.0625 0.138783829293
796.0625 0.138775914135
798.0625 0.138771529841
800.0625 0.138763263271
802.0625 0.138756201545
804.0625 0.138749339929
806.0625 0.138743170681
808.0625 0.1387374909
810.0625 0.13872864422
812.0625 0.138722472879
814.0625 0.138713857685
816.0625 0.138709674199
818.0625 0.138702363555
820.0625 0.138695502637
822.0625 0.138687700434
824.0625 0.138679743442
826.0625 0.138675064212
828.0625 0.138666462962
830.0625 0.13866146509
832.0625 0.138651942079
834.0625 0.138646018959
836.0625 0.138639534555
838.0625 0.138633499178
840.0625 0.138626416534
842.0625 0.138617882221
844.0625 0.13861100178
846.0625 0.138603627687
848.0625 0.138599007723
850.0625 0.13858986262
852.0625 0.138583916491
854.0625 0.138574403242
856.0625 0.138569639645
858.0625 0.138563057625
860.0625 0.138555973588
862.0625 0.138548675495
864.0625 0.138539271016
866.0625 0.138534497658
868.0625 0.138526476519
870.0625 0.138521450059
872.0625 0.138511602131
874.0625 0.138505365947
876.0625 0.138497247193
878.0625 0.13849241666
880.0625 0.138484862677
882.0625 0.138477711704
884.0625 0.138469441648
886.0625 0.138461493022
888.0625 0.138456372434
890.0625 0.138448507479
892.0625 0.138442541827
894.0625 0.138432534926
896.0625 0.138426195549
898.0625 0.138418026594
900.0625 0.138413932355
902.0625 0.138404918335
904.0625 0.13839868215
906.0625 0.138388823066
908.0625 0.138383526772
910.0625 0.138376615651
912.0625 0.138369888605
914.0625 0.13836213242
916.0625 0.138353263428
918.0625 0.138346562179
920.0625 0.138339545077
922.0625 0.138333885516
924.0625 0.138324904965
926.0625 0.138318260193
928.0625 0.138307675971
930.0625 0.13830388364
932.0625 0.138294813841
934.0625 0.138290036299
936.0625 0.138279811159
938.0625 0.138273240296
940.0625 0.138264683671
942.0625 0.138260009321
944.0625 0.138251673724
946.0625 0.138245035925
948.0625 0.138235776474
950.0625 0.138228324289
952.0625 0.1382218106
954.0625 0.138215485168
956.0625 0.138207834965
958.0625 0.138199724578
960.0625 0.138190937861
962.0625 0.138184092979
964.0625 0.138178074336
966.0625 0.138170298629
968.0625 0.138163143472
970.0625 0.13815358281
972.0625 0.138146395579
974.0625 0.138138976862
976.0625 0.138133475577
978.0625 0.138124271906
980.0625 0.138117779134
982.0625 0.138106969004
984.0625 0.138102139169
986.0625 0.138093671791
988.0625 0.138088530286
990.0625 0.138078456449
992.0625 0.138072015971
994.0625 0.138061080337
996.0625 0.138057312409
998.0625 0.138047997179
1000.0625 0.138042930279
1002.0625 0.138032008589
1004.0625 0.138025642716
1006.0625 0.138015529834
1008.0625 0.138011814898
1010.0625 0.138002031116
1012.0625 0.137996888216
1014.0625 0.137985631848
1016.0625 0.137979060984
1018.0625 0.137970222671
1020.0625 0.137966239992
1022.0625 0.137956054595
1024.0625 0.137938985969
1028.0625 0.137924317269
1032.0625 0.13790952446
1036.0625 0.137891831099
1040.0625 0.137877836638
1044.0625 0.137862864636
1048.0625 0.137844986505
1052.0625 0.137831984925
1056.0625 0.137816459308
1060.0625 0.137798668333
1064.0625 0.137785539853
1068.0625 0.137769504548
1072.0625 0.137752110307
1076.0625 0.137738823553
1080.0625 0.137722612541
1084.0625 0.137705811658
1088.0625 0.137692052169
1092.0625 0.137675368424
1096.0625 0.137658759283
1100.0625 0.137644571685
1104.0625 0.137627459829
1108.0625 0.137611174909
1112.0625 0.1375967872
1116.0625 0.137579446647
1120.0625 0.137563106645
1124.0625 0.137548294312
1128.0625 0.137530529135
1132.0625 0.13751405038
1136.0625 0.137498858048
1140.0625 0.137480785384
1144.0625 0.137464114886
1148.0625 0.137448580205
1152.0625 0.137430052936
1156.0625 0.137414278401
1160.0625 0.137399898362
1164.0625 0.137382525736
1168.0625 0.137366466724
1172.0625 0.137351721327
1176.0625 0.137334228774
1180.0625 0.137317750717
1184.0625 0.137302828219
1188.0625 0.137284862235
1192.0625 0.137267523773
1196.0625 0.137252172468
1200.0625 0.137233777676
1204.0625 0.137215482591
1208.0625 0.137199763836
1212.0625 0.137182159723
1216.0625 0.137165093886
1220.0625 0.137151240966
1224.0625 0.137134282505
1228.0625 0.137115875162
1232.0625 0.137101541142
1236.0625 0.13708410158
1240.0625 0.137064250237
1244.0625 0.137049580143
1248.0625 0.137031731296
1252.0625 0.137010703697
1256.0625 0.136996340392
1260.0625 0.13698070182
1264.0625 0.136961884496
1268.0625 0.136947176054
1272.0625 0.13693097062
1276.0625 0.136911586434
1280.0625 0.136895078394
1284.0625 0.136878405805
1288.0625 0.136858470095
1292.0625 0.136839659046
1296.0625 0.136825267851
1300.0625 0.136807864546
1304.0625 0.136789900653
1308.0625 0.136775074376
1312.0625 0.136756984978
1316.0625 0.136736623948
1320.0625 0.136721194551
1324.0625 0.136702406511
1328.0625 0.136681634104
1332.0625 0.136667887864
1336.0625 0.136651932045
1340.0625 0.136632617583
1344.0625 0.136615862021
1348.0625 0.136599067413
1352.0625 0.136578997832
1356.0625 0.136559088617
1360.0625 0.136543537202
1364.0625 0.136526532722
1368.0625 0.13650722872
1372.0625 0.136492619983
1376.0625 0.136474545925
1380.0625 0.136453006546
1384.0625 0.136435908635
1388.0625 0.136417635164
1392.0625 0.136399595969
1396.0625 0.136383122792
1400.0625 0.136367332918
1404.0625 0.136347959887
1408.0625 0.136327220948
1412.0625 0.136310141863
1416.0625 0.136291466778
1420.0625 0.136271875509
1424.0625 0.136257314883
1428.0625 0.136240268568
1432.0625 0.136219510106
1436.0625 0.136200411094
1440.0625 0.136181777843
1444.0625 0.136164307602
1448.0625 0.136145338975
1452.0625 0.136130303523
1456.0625 0.136111555924
1460.0625 0.136089096178
1464.0625 0.136070928689
1468.0625 0.136054484796
1472.0625 0.136035906628
1476.0625 0.136017712644
1480.0625 0.136001113265
1484.0625 0.135980661592
1488.0625 0.135956661625
1492.0625 0.13594285054
1496.0625 0.135926207235
1500.0625 0.135905711635
1504.0625 0.135887469541
1508.0625 0.135869041281
1512.0625 0.135847153278
1516.0625 0.135828550706
1520.0625 0.135814074447
1524.0625 0.135795594591
1528.0625 0.135773111138
1532.0625 0.135753712309
1536.0625 0.135736509811
1540.0625 0.135718022982
1544.0625 0.135698243456
1548.0625 0.135681727748
1552.0625 0.135661045983
1556.0625 0.135637685392
1560.0625 0.135622955335
1564.0625 0.135606391516
1568.0625 0.135585661641
1572.0625 0.13556342083
1576.0625 0.135544354589
1580.0625 0.135527732201
1584.0625 0.135507272161
1588.0625 0.135490002727
1592.0625 0.135470903715
1596.0625 0.135447465032
1600.0625 0.13542880947
1604.0625 0.135413972036
1608.0625 0.135394794932
1612.0625 0.135371278158
1616.0625 0.135350227549
1620.0625 0.135335300868
1624.0625 0.135316358039
1628.0625 0.135294003577
1632.0625 0.135276186107
1636.0625 0.135255369076
1640.0625 0.135236240082
1644.0625 0.135218015419
1648.0625 0.135200056407
1652.0625 0.135177572954
1656.0625 0.135154123115
1660.0625 0.135139950159
1664.0625 0.135122111771
1668.0625 0.135099553015
1672.0625 0.135075656241
1676.0625 0.135060997303
1680.0625 0.135042875832
1684.0625 0.135020033994
1688.0625 0.134999751055
1692.0625 0.134980451235
1696.0625 0.134962091306
1700.0625 0.134939660843
1704.0625 0.134922380254
1708.0625 0.134900172214
1712.0625 0.134880560027
1716.0625 0.134861593492
1720.0625 0.134843899434
1724.0625 0.134821277926
1728.0625 0.134798185078
1732.0625 0.134782264122
1736.0625 0.13476420122
1740.0625 0.134741210868
1744.0625 0.134715175634
1748.0625 0.13470205622
1752.0625 0.134683791116
1756.0625 0.134660380323
1760.0625 0.134635459292
1764.0625 0.134621469712
1768.0625 0.134602627287
1772.0625 0.134578639173
1776.0625 0.134556143169
1780.0625 0.134539922396
1784.0625 0.134520547274
1788.0625 0.134496182646
1792.0625 0.134475941542
1796.0625 0.134458248182
1800.0625 0.134438439371
1804.0625 0.134414761533
1808.0625 0.134394912282
1812.0625 0.134376147949
1816.0625 0.134355564496
1820.0625 0.134333638841
1824.0625 0.134313059572
1828.0625 0.13429326889
1832.0625 0.134272239896
1836.0625 0.134252007159
1840.0625 0.134230545871
1844.0625 0.134210844437
1848.0625 0.134188765388
1852.0625 0.134169711697
1856.0625 0.134147244978
1860.0625 0.134127677415
1864.0625 0.134104592934
1868.0625 0.134086610913
1872.0625 0.134063194542
1876.0625 0.134044162466
1880.0625 0.134021941876
1884.0625 0.134003078533
1888.0625 0.133979985686
1892.0625 0.133960609866
1896.0625 0.133938797165
1900.0625 0.133918664135
1904.0625 0.133896910003
1908.0625 0.133876264495
1912.0625 0.133854746033
1916.0625 0.13383343814
1920.0625 0.133813424339
1924.0625 0.133791698097
1928.0625 0.133770239598
1932.0625 0.133747319668
1936.0625 0.133729804803
1940.0625 0.133706466524
1944.0625 0.133684637089
1948.0625 0.13366395393
1952.0625 0.133645178441
1956.0625 0.133620272749
1960.0625 0.133597997076
1964.0625 0.133580259091
1968.0625 0.133560088409
1972.0625 0.133533513506
1976.0625 0.133511835374
1980.0625 0.133496125684
1984.0625 0.133474011772
1988.0625 0.133445493639
1992.0625 0.133428260462
1996.0625 0.133410652166
2000.0625 0.133386639649
2004.0625 0.13335671935
2008.0625 0.133343659899
2012.0625 0.133324263859
2016.0625 0.133298178424
2020.0625 0.133273122824
2024.0625 0.133258107592
2028.0625 0.133236403662
2032.0625 0.133209830153
2036.0625 0.133188040462
2040.0625 0.133170762661
2044.0625 0.133146795465
2048.0625 0.133101379531
2056.0625 0.133059509103
2064.0625 0.133013045903
2072.0625 0.132974582227
2080.0625 0.132922706292
2088.0625 0.132887380232
2096.0625 0.132833764664
2104.0625 0.132798398163
2112.0625 0.132748874045
2120.0625 0.13270650369
2128.0625 0.13266116027
2136.0625 0.132617845841
2144.0625 0.132570875742
2152.0625 0.132531538415
2160.0625 0.132477533086
2168.0625 0.132441559282
2176.0625 0.13239247443
2184.0625 0.13234795446
2192.0625 0.132304324875
2200.0625 0.13225827863
2208.0625 0.132212125008
2216.0625 0.132169820194
2224.0625 0.13211959325
2232.0625 0.132076934932
2240.0625 0.132032942081
2248.0625 0.131980914844
2256.0625 0.131941343938
2264.0625 0.131893124371
2272.0625 0.131844287043
2280.0625 0.131799942082
2288.0625 0.131757973341
2296.0625 0.131700837369
2304.0625 0.131665718391
2312.0625 0.131613396915
2320.0625 0.131566887697
2328.0625 0.131521683727
2336.0625 0.131479424234
2344.0625 0.131424881326
2352.0625 0.131384795852
2360.0625 0.131337708615
2368.0625 0.131286616387
2376.0625 0.131242941481
2384.0625 0.131196059933
2392.0625 0.131148253834
2400.0625 0.131096883404
2408.0625 0.131057105416
2416.0625 0.131001590545
2424.0625 0.1309569123
2432.0625 0.13090910132
2440.0625 0.130866310524
2448.0625 0.13081103202
2456.0625 0.130768520124
2464.0625 0.130721808703
2472.0625 0.130670669062
2480.0625 0.130622227073
2488.0625 0.130575201892
2496.0625 0.130530792784
2504.0625 0.130471898353
2512.0625 0.130432308622
2520.0625 0.130381105531
2528.0625 0.130335647763
2536.0625 0.130279773809
2544.0625 0.130237994023
2552.0625 0.130190589539
2560.0625 0.130137196393
2568.0625 0.130088773229
2576.0625 0.130038949992
2584.0625 0.129996073435
2592.0625 0.129937931334
2600.0625 0.129893188942
2608.0625 0.129844940788
2616.0625 0.129797547459
2624.0625 0.129744560809
2632.0625 0.129692493828
2640.0625 0.129650069088
2648.0625 0.129594894474
2656.0625 0.129548477292
2664.0625 0.129491243705
2672.0625 0.12945012491
2680.0625 0.129399432205
2688.0625 0.129347513738
2696.0625 0.129293914904
2704.0625 0.129244834236
2712.0625 0.129201543514
2720.0625 0.129143543651
2728.0625 0.129094900158
2736.0625 0.129043191563
2744.0625 0.128997612473
2752.0625 0.128948111364
2760.0625 0.128891617557
2768.0625 0.128840459788
2776.0625 0.128787519853
2784.0625 0.128745743553
2792.0625 0.128691016572
2800.0625 0.128638561922
2808.0625 0.128585968519
2816.0625 0.128535589576
2824.0625 0.128490466486
2832.0625 0.128431146036
2840.0625 0.128382917405
2848.0625 0.128327454828
2856.0625 0.128281028582
2864.0625 0.128232435987
2872.0625 0.128175166841
2880.0625 0.128125699897
2888.0625 0.12806528686
2896.0625 0.12802287467
2904.0625 0.127971607433
2912.0625 0.127918518985
2920.0625 0.127867011894
2928.0625 0.127803054746
2936.0625 0.127761111107
2944.0625 0.127707897154
2952.0625 0.127658936412
2960.0625 0.127606094789
2968.0625 0.127546397129
2976.0625 0.127495461084
2984.0625 0.127441043681
2992.0625 0.127395950573
3000.0625 0.127342413097
3008.0625 0.127286807584
3016.0625 0.127234321557
3024.0625 0.127170061804
3032.0625 0.127129033651
3040.0625 0.127075348358
3048.0625 0.127023365745
3056.0625 0.126971323168
3064.0625 0.126908786314
3072.0625 0.126858451994
3080.0625 0.126803363142
3088.0625 0.126755203538
3096.0625 0.126704001842
3104.0625 0.126644738567
3112.0625 0.12659587544
3120.0625 0.12653408255
3128.0625 0.126479800413
3136.0625 0.126430267928
3144.0625 0.126374436507
3152.0625 0.126327336022
3160.0625 0.126267305774
3168.0625 0.126216077583
3176.0625 0.126159187042
3184.0625 0.126096878886
3192.0625 0.126050191869
3200.0625 0.125992874613
3208.0625 0.125944442385
3216.0625 0.125890169312
3224.0625 0.125830696863
3232.0625 0.125780114323
3240.0625 0.125716935304
3248.0625 0.125662264103
3256.0625 0.12561049903
3264.0625 0.125553172012
3272.0625 0.125505994831
3280.0625 0.125446522381
3288.0625 0.125394257382
3296.0625 0.125338808053
3304.0625 0.125274991052
3312.0625 0.12522365409
3320.0625 0.125161955328
3328.0625 0.125111259137
3336.0625 0.125060097881
3344.0625 0.124997768807
3352.0625 0.124951175919
3360.0625 0.124892275213
3368.0625 0.124835017222
3376.0625 0.124780774131
3384.0625 0.124714223222
3392.0625 0.12466197426
3400.0625 0.124605348673
3408.0625 0.124548817214
3416.0625 0.124499893427
3424.0625 0.124438789418
3432.0625 0.124387430144
3440.0625 0.124331506685
3448.0625 0.124267801244
3456.0625 0.124217610558
3464.0625 0.124155356089
3472.0625 0.124097290686
3480.0625 0.124040628145
3488.0625 0.123974781456
3496.0625 0.123928436788
3504.0625 0.123871891385
3512.0625 0.12381304855
3520.0625 0.123762568505
3528.0625 0.123700129964
3536.0625 0.123646583423
3544.0625 0.123590215121
3552.0625 0.123523768101
3560.0625 0.123473559286
3568.0625 0.123411391974
3576.0625 0.12335057802
3584.0625 0.123295339259
3592.0625 0.123228654478
3600.0625 0.123178358507
3608.0625 0.12312305281
3616.0625 0.123059438708
3624.0625 0.123010748499
3632.0625 0.12295041704
3640.0625 0.122892094352
3648.0625 0.122838633573
3656.0625 0.122773391398
3664.0625 0.122720213702
3672.0625 0.122661931454
3680.0625 0.122594976838
3688.0625 0.122543743766
3696.0625 0.122481259206
3704.0625 0.122419777288
3712.0625 0.122364574784
3720.0625 0.1222976627
3728.0625 0.122241171682
3736.0625 0.122183162059
3744.0625 0.122116392214
3752.0625 0.122068388096
3760.0625 0.122008735059
3768.0625 0.121946868958
3776.0625 0.121894887042
3784.0625 0.121831256206
3792.0625 0.121774174619
3800.0625 0.121718304152
3808.0625 0.121650784765
3816.0625 0.121598679436
3824.0625 0.121539354803
3832.0625 0.121472335343
3840.0625 0.121421048583
3848.0625 0.121358162408
3856.0625 0.121295668784
3864.0625 0.121240909729
3872.0625 0.12117455126
3880.0625 0.121116941857
3888.0625 0.121059306655
3896.0625 0.120990110388
3904.0625 0.120936919444
3912.0625 0.120876105489
3920.0625 0.120807186029
3928.0625 0.120754843636
3936.0625 0.120690940176
3944.0625 0.120626715983
3952.0625 0.120571997369
3960.0625 0.120505744881
3968.0625 0.120445582156
3976.0625 0.120388034111
3984.0625 0.120318952192
3992.0625 0.120262730312
4000.0625 0.120202442082
4008.0625 0.120131300493
4016.0625 0.120079593292
4024.0625 0.120017366714
4032.0625 0.11994887885
4040.0625 0.11989565653
4048.0625 0.119830916373
4056.0625 0.119766042345
4064.0625 0.119711021125
4072.0625 0.11964448695
4080.0625 0.119583555858
4088.0625 0.119522850674
4096.0625 0.119397334911
4112.0625 0.119264866194
4128.0625 0.119241376612
4144.0625 0.119211125818
4160.0625 0.11917192306
4176.0625 0.119141078908
4192.0625 0.119113586427
4208.0625 0.119077112697
4224.0625 0.119040892067
4240.0625 0.119014334595
4256.0625 0.118980464388
4272.0625 0.11893859396
4288.0625 0.118915317736
4304.0625 0.11888250874
4320.0625 0.118840888623
4336.0625 0.118814900803
4352.0625 0.118784085238
4368.0625 0.118743490076
4384.0625 0.118712542732
4400.0625 0.118684235168
4416.0625 0.118644915969
4432.0625 0.118611910349
4448.0625 0.118583086125
4464.0625 0.118544993385
4480.0625 0.118509588535
4496.0625 0.118482568091
4512.0625 0.118444480232
4528.0625 0.118406759125
4544.0625 0.118380636735
4560.0625 0.118343038344
4576.0625 0.118305404393
4592.0625 0.118278144793
4608.0625 0.118240395099
4624.0625 0.118201416157
4640.0625 0.118176043309
4656.0625 0.11813762356
4672.0625 0.1180996626
4688.0625 0.118071955366
4704.0625 0.118033251838
4720.0625 0.117996683281
4736.0625 0.117968651828
4752.0625 0.117928455491
4768.0625 0.117893188697
4784.0625 0.117864255004
4800.0625 0.11782236575
4816.0625 0.117790610295
4832.0625 0.117759489336
4848.0625 0.11771533821
4864.0625 0.117685671013
4880.0625 0.117653380769
4896.0625 0.11760684157
4912.0625 0.117582631731
4928.0625 0.117546605634
4944.0625 0.117500907315
4960.0625 0.11747629865
4976.0625 0.11743820591
4992.0625 0.117397778088
5008.0625 0.117371074891
5024.0625 0.117328739398
5040.0625 0.11729416009
5056.0625 0.117262740709
5072.0625 0.117217084225
5088.0625 0.117189324698
5104.0625 0.117154324949
5120.0625 0.117107287914
5136.0625 0.117082861929
5152.0625 0.117043145996
5168.0625 0.117003142797
5184.0625 0.116974770389
5200.0625 0.116929956878
5216.0625 0.116899181056
5232.0625 0.116865117014
5248.0625 0.116816260163
5264.0625 0.116791567829
5280.0625 0.116751879088
5296.0625 0.116711049651
5312.0625 0.116682829243
5328.0625 0.116636442043
5344.0625 0.116606864093
5360.0625 0.116570966987
5376.0625 0.116523713108
5392.0625 0.116497635343
5408.0625 0.116455185501
5424.0625 0.116418219514
5440.0625 0.116386678114
5456.0625 0.116336062804
5472.0625 0.116312078873
5488.0625 0.116271617583
5504.0625 0.116230875301
5520.0625 0.11620016293
5536.0625 0.116151759289
5552.0625 0.116122879982
5568.0625 0.116084934361
5584.0625 0.11604016129
5600.0625 0.116012876589
5616.0625 0.115964759517
5632.0625 0.115934989127
5648.0625 0.115897213635
5664.0625 0.115851934362
5680.0625 0.11582290933
5696.0625 0.115775317286
5712.0625 0.115744038051
5728.0625 0.115706458486
5744.0625 0.115660070589
5760.0625 0.115632919759
5776.0625 0.11558346955
5792.0625 0.115554340628
5808.0625 0.115514587741
5824.0625 0.115471179183
5840.0625 0.115440479362
5856.0625 0.115389088712
5872.0625 0.115361618543
5888.0625 0.115319964261
5904.0625 0.115278710897
5920.0625 0.115246940103
5936.0625 0.115192467617
5952.0625 0.115169583247
5968.0625 0.115123526542
5984.0625 0.115088134243
6000.0625 0.115051294458
6016.0625 0.115002487808
6032.0625 0.114974617418
6048.0625 0.114923807576
6064.0625 0.114894152232
6080.0625 0.114852488189
6096.0625 0.114810102494
6112.0625 0.114777355553
6128.0625 0.114722916535
6144.0625 0.11469905044
6160.0625 0.114650486432
6176.0625 0.114617144739
6192.0625 0.114577351412
6208.0625 0.114531885276
6224.0625 0.114501037639
6240.0625 0.114444958694
6256.0625 0.114421760562
6272.0625 0.114372929509
6288.0625 0.114338886384
6304.0625 0.114298644727
6320.0625 0.114253348022
6336.0625 0.114221225815
6352.0625 0.114165487128
6368.0625 0.114140541693
6384.0625 0.114090931814
6400.0625 0.114057528065
6416.0625 0.114015829857
6432.0625 0.113971970878
6448.0625 0.113938090909
6464.0625 0.113884884626
6480.0625 0.113858162603
6496.0625 0.113804248613
6512.0625 0.113775671214
6528.0625 0.113729213592
6544.0625 0.11369087333
6560.0625 0.113652015012
6576.0625 0.113603552802
6592.0625 0.113572712137
6608.0625 0.113514616055
6624.0625 0.113491160638
6640.0625 0.113437518575
6656.0625 0.113407604552
6672.0625 0.113361005389
6688.0625 0.113321965786
6704.0625 0.113282545486
6720.0625 0.11323449047
6736.0625 0.113202135382
6752.0625 0.113144940841
6768.0625 0.113120238746
6784.0625 0.113063424902
6800.0625 0.113036501375
6816.0625 0.112986018541
6832.0625 0.112950847967
6848.0625 0.112907062896
6864.0625 0.112863506522
6880.0625 0.112826449196
6896.0625 0.112775010435
6912.0625 0.112744668999
6928.0625 0.112684929504
6944.0625 0.112661112216
6960.0625 0.112603310372
6976.0625 0.112576317817
6992.0625 0.112524213185
7008.0625 0.112489931602
7024.0625 0.112443807962
7040.0625 0.112402518341
7056.0625 0.11236225716
7072.0625 0.112313976235
7088.0625 0.112279327202
7104.0625 0.112224358974
7120.0625 0.112195333942
7136.0625 0.112135010153
7152.0625 0.112110501195
7168.0625 0.112051874507
7184.0625 0.112024433622
7200.0625 0.111970457577
7216.0625 0.111937553058
7232.0625 0.111888351068
7248.0625 0.111849607099
7264.0625 0.111805308157
7280.0625 0.111761577471
7296.0625 0.111721424364
7312.0625 0.111674343402
7328.0625 0.111636898406
7344.0625 0.111584453517
7360.0625 0.111552304117
7376.0625 0.111492761943
7392.0625 0.11146687871
7408.0625 0.111403460535
7424.0625 0.111380030219
7440.0625 0.111318118797
7456.0625 0.111292202095
7472.0625 0.111234425352
7488.0625 0.111203704614
7504.0625 0.111149996312
7520.0625 0.111115247573
7536.0625 0.111064908372
7552.0625 0.11102634499
7568.0625 0.110979283551
7584.0625 0.11093686927
7600.0625 0.110893096749
7616.0625 0.110847263861
7632.0625 0.11080636958
7648.0625 0.110759411334
7664.0625 0.110720049603
7680.0625 0.110669450329
7696.0625 0.11063307003
7712.0625 0.11057737248
7728.0625 0.110544854236
7744.0625 0.110486607548
7760.0625 0.110456049966
7776.0625 0.110395365002
7792.0625 0.110366982833
7808.0625 0.110304597979
7824.0625 0.110278335443
7840.0625 0.110216159763
7856.0625 0.110188926658
7872.0625 0.11012548896
7888.0625 0.110099228516
7904.0625 0.110034496726
7920.0625 0.110010841199
7936.0625 0.109945860492
7952.0625 0.109921279718
7968.0625 0.109856939781
7984.0625 0.109830154309
8000.0625 0.109767712978
8016.0625 0.109739478625
8032.0625 0.109678350909
8048.0625 0.10964880085
8064.0625 0.109588425464
8080.0625 0.109558588139
8096.0625 0.109498101891
8112.0625 0.109468955537
8128.0625 0.109407555198
8144.0625 0.109377746459
8160.0625 0.109316604798
8176.0625 0.1092853925
8192.0625 0.109194226651
8224.0625 0.109102811187
8256.0625 0.109012445779
8288.0625 0.108920725618
8320.0625 0.108827574007
8352.0625 0.108735448048
8384.0625 0.108644152511
8416.0625 0.108552446992
8448.0625 0.108458884005
8480.0625 0.108365629201
8512.0625 0.108273154618
8544.0625 0.108180184989
8576.0625 0.108086028644
8608.0625 0.107991695896
8640.0625 0.107898139184
8672.0625 0.107803729738
8704.0625 0.107707599485
8736.0625 0.107612248057
8768.0625 0.107516659565
8800.0625 0.107419817422
8832.0625 0.107323092416
8864.0625 0.107225393355
8896.0625 0.107126875028
8928.0625 0.107028337875
8960.0625 0.106930841016
8992.0625 0.106834347496
9024.0625 0.106743196987
9056.0625 0.106652487138
9088.0625 0.106559849398
9120.0625 0.106465403696
9152.0625 0.106371303828
9184.0625 0.106277924914
9216.0625 0.106182615322
9248.0625 0.106084926022
9280.0625 0.105989168099
9312.0625 0.105890714616
9344.0625 0.105791162967
9376.0625 0.105691411209
9408.0625 0.105589542606
9440.0625 0.105487165709
9472.0625 0.105382932042
9504.0625 0.105280501457
9536.0625 0.105186832488
9568.0625 0.105092950859
9600.0625 0.105000434441
9632.0625 0.104905684041
9664.0625 0.104807956393
9696.0625 0.104710965736
9728.0625 0.104611490785
9760.0625 0.104509995906
9792.0625 0.104406902239
9824.0625 0.104301407947
9856.0625 0.104194653032
9888.0625 0.1040872183
9920.0625 0.103991794358
9952.0625 0.103898363151
9984.0625 0.103804429228
10016.0625 0.103707162461
10048.0625 0.103607638005
10080.0625 0.103506696044
10112.0625 0.103402124212
10144.0625 0.10329603726
10176.0625 0.103186616068
10208.0625 0.103074905812
10240.0625 0.1029783851
10272.0625 0.10288485837
10304.0625 0.102788176594
10336.0625 0.102690407808
10368.0625 0.102588378838
10400.0625 0.102483226198
10432.0625 0.102375363355
10464.0625 0.102264380329
10496.0625 0.102150385889
10528.0625 0.10205313725
10560.0625 0.101958399401
10592.0625 0.101861924707
10624.0625 0.101760860031
10656.0625 0.101656199648
10688.0625 0.101547279777
10720.0625 0.101435384751
10752.0625 0.1013188091
10784.0625 0.101218027506
10816.0625 0.101125507602
10848.0625 0.101026672027
10880.0625 0.100924143828
10912.0625 0.10081720205
10944.0625 0.100705675867
10976.0625 0.100588971225
11008.0625 0.100473723831
11040.0625 0.100382737175
11072.0625 0.100285155949
11104.0625 0.10018285296
11136.0625 0.100076073641
11168.0625 0.099963830688
11200.0625 0.0998457085412
11232.0625 0.0997284454038
11264.0625 0.0996368151877
11296.0625 0.099538323356
11328.0625 0.0994358767346
11360.0625 0.0993252255982
11392.0625 0.0992106022409
11424.0625 0.0990889673597
11456.0625 0.0989829361873
11488.0625 0.0988875101542
11520.0625 0.0987857614778
11552.0625 0.0986792659384
11584.0625 0.0985655448198
11616.0625 0.098444181168
11648.0625 0.0983261015534
11680.0625 0.0982325922545
11712.0625 0.0981323921655
11744.0625 0.09802594125
11776.0625 0.0979115486818
11808.0625 0.0977897834152
11840.0625 0.0976686700753
11872.0625 0.0975751977306
11904.0625 0.0974746706324
11936.0625 0.0973669590928
11968.0625 0.0972508680289
12000.0625 0.0971262029087
12032.0625 0.0970107588908
12064.0625 0.0969159966375
12096.0625 0.0968124518509
12128.0625 0.0967016793933
12160.0625 0.0965815094297
12192.0625 0.0964519691528
12224.0625 0.0963517795226
12256.0625 0.0962533211587
12288.0625 0.0961460300595
12320.0625 0.0960288763899
12352.0625 0.0959019682235
12384.0625 0.0957825519848
12416.0625 0.09568813975
12448.0625 0.0955831586328
12480.0625 0.0954689710554
12512.0625 0.0953441204673
12544.0625 0.0952133844103
12576.0625 0.0951212682126
12608.0625 0.0950179186553
12640.0625 0.0949051088396
12672.0625 0.0947805204166
12704.0625 0.0946464891665
12736.0625 0.0945509473902
12768.0625 0.0944496414662
12800.0625 0.094336632935
12832.0625 0.0942108856861
12864.0625 0.094075892234
12896.0625 0.0939798449531
12928.0625 0.0938779875061
12960.0625 0.0937636228278
12992.0625 0.0936354505511
13024.0625 0.093501700989
13056.0625 0.0934074393597
13088.0625 0.0933032879675
13120.0625 0.0931851616372
13152.0625 0.0930536502407
13184.0625 0.0929295652306
13216.0625 0.0928331602616
13248.0625 0.0927242752538
13280.0625 0.0926015763724
13312.0625 0.0924649492687
13344.0625 0.0923567189767
13376.0625 0.0922559903739
13408.0625 0.0921409493653
13440.0625 0.0920120268499
13472.0625 0.09187552037
13504.0625 0.0917805614929
13536.0625 0.0916740680452
13568.0625 0.0915512269252
13600.0625 0.0914125938395
13632.0625 0.0913010620791
13664.0625 0.0911993475679
13696.0625 0.0910832300086
13728.0625 0.0909516698048
13760.0625 0.0908178323895
13792.0625 0.090721819971
13824.0625 0.0906116729447
13856.0625 0.0904838478974
13888.0625 0.0903405125724
13920.0625 0.0902414427222
13952.0625 0.0901352811645
13984.0625 0.0900126931455
14016.0625 0.0898708039125
14048.0625 0.0897591689594
14080.0625 0.0896548969432
14112.0625 0.0895350435301
14144.0625 0.0893978279492
14176.0625 0.0892739095814
14208.0625 0.0891735791071
14240.0625 0.0890564372908
14272.0625 0.0889196330861
14304.0625 0.0887873819096
14336.0625 0.088689816023
14368.0625 0.0885742792711
14400.0625 0.0884383863693
14432.0625 0.0883005802195
14464.0625 0.0882060773425
14496.0625 0.0880909645173
14528.0625 0.087953556496
14560.0625 0.0878136418688
14592.0625 0.0877203340745
14624.0625 0.0876044807722
14656.0625 0.087465258512
14688.0625 0.0873263102703
14720.0625 0.0872325910998
14752.0625 0.0871148126963
14784.0625 0.0869735684175
14816.0625 0.0868386732773
14848.0625 0.0867430004184
14880.0625 0.0866215523996
14912.0625 0.0864777715333
14944.0625 0.0863503697154
14976.0625 0.0862510370027
15008.0625 0.0861252165429
15040.0625 0.0859788209972
15072.0625 0.0858617070708
15104.0625 0.0857556612562
15136.0625 0.0856266020802
15168.0625 0.0854741084052
15200.0625 0.0853714240223
15232.0625 0.0852591713077
15264.0625 0.0851256762411
15296.0625 0.0849726338321
15328.0625 0.0848798447902
15360.0625 0.0847608747901
15392.0625 0.0846166344375
15424.0625 0.0844832948572
15456.0625 0.0843848051171
15488.0625 0.0842554314824
15520.0625 0.0841034126331
15552.0625 0.0839921507076
15584.0625 0.0838814131125
15616.0625 0.0837451464859
15648.0625 0.0835916745722
15680.0625 0.0834978180438
15712.0625 0.0833768169609
15744.0625 0.0832275187726
15776.0625 0.0831008009548
15808.0625 0.0829976870672
15840.0625 0.0828627424225
15872.0625 0.0827042426548
15904.0625 0.0826069291718
15936.0625 0.0824886062177
15968.0625 0.0823409814242
16000.0625 0.0822074096603
16032.0625 0.0821060828189
16064.0625 0.0819713661742
16096.0625 0.0818110960943
16128.0625 0.081712391602
16160.0625 0.0815935213083
16192.0625 0.0814442712301
16224.0625 0.0813120618885
16256.0625 0.0812085889184
16288.0625 0.0810715190622
16320.0625 0.080910074817
16352.0625 0.0808150608574
16384.0625 0.0805363381352
16448.0625 0.08030393498
16512.0625 0.080010638384
16576.0625 0.0797804322566
16640.0625 0.0795150339402
16704.0625 0.0792401669985
16768.0625 0.079003292393
16832.0625 0.0787066225122
16896.0625 0.078472900164
16960.0625 0.0782086362698
17024.0625 0.0779217383171
17088.0625 0.0776889202994
17152.0625 0.0773999584931
17216.0625 0.0771464949676
17280.0625 0.0768921403594
17344.0625 0.0765866468074
17408.0625 0.0763586872124
17472.0625 0.0760856854087
17536.0625 0.0757962180977
17600.0625 0.0755596969968
17664.0625 0.0752724406587
17728.0625 0.0750030157362
17792.0625 0.0747545103399
17856.0625 0.0744542084952
17920.0625 0.0742009855202
17984.0625 0.0739425310948
18048.0625 0.0736342255424
18112.0625 0.0733910157433
18176.0625 0.0731255114452
18240.0625 0.072814356241
18304.0625 0.0725756618187
18368.0625 0.0723061943641
18432.0625 0.0719931022055
18496.0625 0.0717523474159
18560.0625 0.0714844892092
18624.0625 0.0711693185548
18688.0625 0.0709252748473
18752.0625 0.0706559942551
18816.0625 0.0703482681156
18880.0625 0.070088442901
18944.0625 0.0698282739433
19008.0625 0.0695219081343
19072.0625 0.0692455414126
19136.0625 0.0689908681621
19200.0625 0.0686967655477
19264.0625 0.0683926420877
19328.0625 0.0681474346736
19392.0625 0.0678622721707
19456.0625 0.0675412355704
19520.0625 0.0672954633855
19584.0625 0.0670213062421
19648.0625 0.0667154933507
19712.0625 0.0664286072512
19776.0625 0.0661719733398
19840.0625 0.0658805955699
19904.0625 0.0655575948226
19968.0625 0.0653089388207
20032.0625 0.0650344365396
20096.0625 0.064724301409
20160.0625 0.0644256973627
20224.0625 0.0641706922223
20288.0625 0.0638823502693
20352.0625 0.0635620743665
20416.0625 0.0632867660669
20480.0625 0.0630222874204
20544.0625 0.0627251322551
20608.0625 0.0623972542593
20672.0625 0.062135038182
20736.0625 0.0618614095524
20800.0625 0.0615603016892
20864.0625 0.0612313596933
20928.0625 0.0609719465521
20992.0625 0.0606944356467
21056.0625 0.0603913733979
21120.0625 0.060060974154
21184.0625 0.0597963937094
21248.0625 0.05952021385
21312.0625 0.059218172372
21376.0625 0.0588874405409
21440.0625 0.0586092916538
21504.0625 0.0583382135567
21568.0625 0.0580386870516
21632.0625 0.0577147024876
21696.0625 0.0574093672109
21760.0625 0.0571442589496
21824.0625 0.0568537004459
21888.0625 0.0565359395159
21952.0625 0.0562041178865
22016.0625 0.055936184377
22080.0625 0.0556544858013
22144.0625 0.0553512541212
22208.0625 0.055023915098
22272.0625 0.0547076881132
22336.0625 0.0544402879984
22400.0625 0.0541506442838
22464.0625 0.0538371323819
22528.0625 0.0535039448441
22592.0625 0.0532021948156
22656.0625 0.0529266417821
22720.0625 0.0526332168926
22784.0625 0.0523164927701
22848.0625 0.0519807093786
22912.0625 0.0516770523774
22976.0625 0.0513995784261
23040.0625 0.0511054855732
23104.0625 0.05078962046
23168.0625 0.0504557921514
23232.0625 0.0501334279913
23296.0625 0.0498578233614
23360.0625 0.049566064197
23424.0625 0.0492553189745
23488.0625 0.048927737309
23552.0625 0.0485856291826
23616.0625 0.0482948726605
23680.0625 0.0480104603962
23744.0625 0.0477066527895
23808.0625 0.0473891345017
23872.0625 0.0470538454589
23936.0625 0.0467152277551
24000.0625 0.0464296448117
24064.0625 0.0461373864178
24128.0625 0.0458334010129
24192.0625 0.0455117250364
24256.0625 0.0451757282871
24320.0625 0.0448317403805
24384.0625 0.04453936206
24448.0625 0.0442474334643
24512.0625 0.0439423708115
24576.0625 0.0436243044869
24640.0625 0.0432917556281
24704.0625 0.0429453622166
24768.0625 0.042623705763
24832.0625 0.0423330412776
24896.0625 0.042034461635
24960.0625 0.0417188496228
25024.0625 0.0413931958475
25088.0625 0.0410575114652
25152.0625 0.040707669466
25216.0625 0.0403892510313
25280.0625 0.0400944351324
25344.0625 0.0397917842598
25408.0625 0.0394747463758
25472.0625 0.0391489336281
25536.0625 0.0388142358514
25600.0625 0.038466719871
25664.0625 0.0381242456894
25728.0625 0.0378226553307
25792.0625 0.0375195254489
25856.0625 0.0372079909419
25920.0625 0.0368874103417
25984.0625 0.0365562964189
26048.0625 0.0362165282561
26112.0625 0.0358689355784
26176.0625 0.0355220234145
26240.0625 0.0352116149627
26304.0625 0.0349078875395
26368.0625 0.0345928416925
26432.0625 0.0342712933124
26496.0625 0.0339421686375
26560.0625 0.0336069723287
26624.0625 0.033261037009
26688.0625 0.0329105430831
26752.0625 0.0325626756897
26816.0625 0.0322484672373
26880.0625 0.0319395488041
26944.0625 0.0316232465166
27008.0625 0.0312997995307
27072.0625 0.0309700787089
27136.0625 0.0306327090786
27200.0625 0.0302907752642
27264.0625 0.0299419930817
27328.0625 0.0295885281828
27392.0625 0.0292382685322
27456.0625 0.028914756005
27520.0625 0.0286000294975
27584.0625 0.0282801524204
27648.0625 0.0279548249571
27712.0625 0.0276244089793
27776.0625 0.0272903422119
27840.0625 0.0269481183423
27904.0625 0.0266046463992
27968.0625 0.0262534147851
28032.0625 0.025899881556
28096.0625 0.0255422003996
28160.0625 0.0251966513553
28224.0625 0.0248722338004
28288.0625 0.0245508290533
28352.0625 0.0242251648193
28416.0625 0.0238933773551
28480.0625 0.0235594925694
28544.0625 0.0232239441504
28608.0625 0.02288189529
28672.0625 0.0225388284479
28736.0625 0.0221896069992
28800.0625 0.0218398368166
28864.0625 0.0214862987067
28928.0625 0.0211293175872
28992.0625 0.0207697580452
29056.0625 0.0204153560453
29120.0625 0.0200742038456
29184.0625 0.0197403574086
29248.0625 0.0194089401829
29312.0625 0.0190768138562
29376.0625 0.0187376829779
29440.0625 0.0184006780082
29504.0625 0.0180567340283
29568.0625 0.0177151997368
29632.0625 0.0173671406003
29696.0625 0.0170203532438
29760.0625 0.0166706346575
29824.0625 0.016317471667
29888.0625 0.0159636448965
29952.0625 0.0156080415387
30016.0625 0.0152513525659
30080.0625 0.0148930250608
30144.0625 0.014533190106
30208.0625 0.0141711943802
30272.0625 0.0138091163791
30336.0625 0.0134504758097
30400.0625 0.0130986912781
30464.0625 0.0127494489121
30528.0625 0.0124062182167
30592.0625 0.0120625677781
30656.0625 0.0117152951371
30720.0625 0.0113692252486
30784.0625 0.0110236113601
30848.0625 0.0106724982782
30912.0625 0.0103224415267
30976.0625 0.00997097563734
31040.0625 0.00962076479406
31104.0625 0.00926731941817
31168.0625 0.00891246839069
31232.0625 0.00855676602362
31296.0625 0.00820054629868
31360.0625 0.007844003748
31424.0625 0.00748665657334
31488.0625 0.00712887152706
31552.0625 0.0067705502972
31616.0625 0.00641148928742
31680.0625 0.00605175055276
31744.0625 0.00569184238687
31808.0625 0.00533145869798
31872.0625 0.00497018950437
31936.0625 0.0046088582557
32000.0625 0.0042467056491
32064.0625 0.0038844275379
32128.0625 0.00352213966523
32192.0625 0.0031592152053
32256.0625 0.00279602369946
32320.0625 0.0024320429091
32384.0625 0.00206837797199
32448.0625 0.00170424099812
32512.0625 0.0013400363912
32576.0625 0.000975212628231
32640.0625 0.000610261966156
32704.0625 0.000244823927858
32768.0625 4.60518236522e-05
