0 1
0.0625 0.749163446127
0.125 0.745783033341
0.1875 0.497103069893
24.0 0.49710306943
24.0625 0.497042489723
64.0625 0.495979297916
64.3125 0.495977764501
64.5625 0.495976235944
64.8125 0.495974707388
65.0625 0.495973178831
65.3125 0.495971650274
65.5625 0.495970121717
65.8125 0.49596859316
66.0625 0.495967064603
66.3125 0.495965536046
66.5625 0.495964007489
66.8125 0.495962478933
67.0625 0.495960950376
67.3125 0.495959421819
67.5625 0.495957893262
67.8125 0.495956364705
68.0625 0.495954836148
68.3125 0.495953307591
68.5625 0.495951779034
68.8125 0.495950250478
69.0625 0.495948721921
69.3125 0.495947193364
69.5625 0.495945664807
69.8125 0.49594413625
70.0625 0.495942607693
70.3125 0.495941079136
70.5625 0.495939550579
70.8125 0.495938022023
71.0625 0.495936493466
71.3125 0.495934964909
71.5625 0.495933436352
71.8125 0.495931907795
72.0625 0.495930379238
72.3125 0.495928850681
72.5625 0.495927322124
72.8125 0.495925793568
73.0625 0.495924265011
73.3125 0.495922736454
73.5625 0.495921207897
73.8125 0.49591967934
74.0625 0.495918150783
74.3125 0.495916622226
74.5625 0.495915093669
74.8125 0.495913565112
75.0625 0.495912036556
75.3125 0.495910507999
75.5625 0.495908979442
75.8125 0.495907450885
76.0625 0.495905922328
76.3125 0.495904393771
76.5625 0.495902865214
76.8125 0.495901336657
77.0625 0.495899808101
77.3125 0.495898279544
77.5625 0.495896750987
77.8125 0.49589522243
78.0625 0.495893693873
78.3125 0.495892165316
78.5625 0.495890636759
78.8125 0.495889108202
79.0625 0.495887579646
79.3125 0.495886051089
79.5625 0.495884522532
79.8125 0.495882993975
80.0625 0.495881465418
80.3125 0.495879936861
80.5625 0.495878408304
80.8125 0.495876879747
81.0625 0.495875351191
81.3125 0.495873822634
81.5625 0.495872294077
81.8125 0.49587076552
82.0625 0.495869236963
82.3125 0.495867708406
82.5625 0.495866179849
82.8125 0.495864651292
83.0625 0.495863122736
83.3125 0.495861594179
83.5625 0.495860065622
83.8125 0.495858537065
84.0625 0.495857008508
84.3125 0.495855479951
84.5625 0.495853951394
84.8125 0.495852422837
85.0625 0.495850894281
85.3125 0.495849365724
85.5625 0.495847837167
85.8125 0.49584630861
86.0625 0.495844780053
86.3125 0.495843251496
86.5625 0.495841722939
86.8125 0.495840194382
87.0625 0.495838665826
87.3125 0.495837137269
87.5625 0.495835608712
87.8125 0.49583407923
88.0625 0.495832550673
88.3125 0.495831022116
88.5625 0.495829493559
88.8125 0.495827965002
89.0625 0.495826436445
89.3125 0.495824907888
89.5625 0.495823379331
89.8125 0.495821850775
90.0625 0.495820322218
90.3125 0.495818793661
90.5625 0.495817265104
90.8125 0.495815736547
91.0625 0.49581420799
91.3125 0.495812679433
91.5625 0.495811150876
91.8125 0.49580962232
92.0625 0.495808093763
92.3125 0.495806565206
92.5625 0.495805036649
92.8125 0.495803508092
93.0625 0.495801979535
93.3125 0.495800450978
93.5625 0.495798922421
93.8125 0.495797393865
94.0625 0.495795865308
94.3125 0.495794336751
94.5625 0.495792808194
94.8125 0.495791279637
95.0625 0.49578975108
95.3125 0.495788222523
95.5625 0.495786693966
95.8125 0.495785164947
96.0625 0.49578363639
96.3125 0.495782107833
96.5625 0.495780579276
96.8125 0.495779050719
97.0625 0.495777522163
97.3125 0.495775993606
97.5625 0.495774465049
97.8125 0.495772936492
98.0625 0.495771407935
98.3125 0.495769879378
98.5625 0.495768350821
98.8125 0.495766822264
99.0625 0.495765293708
99.3125 0.495763765151
99.5625 0.495762236594
99.8125 0.495760708037
100.0625 0.49575917948
100.3125 0.495757650923
100.5625 0.495756122366
100.8125 0.495754593809
101.0625 0.495753065252
101.3125 0.495751536696
101.5625 0.495750008139
101.8125 0.495748479582
102.0625 0.495746951025
102.3125 0.495745422468
102.5625 0.495743893911
102.8125 0.495742365354
103.0625 0.495740836797
103.3125 0.495739308241
103.5625 0.495737779684
103.8125 0.495736250664
104.0625 0.495734722107
104.3125 0.49573319355
104.5625 0.495731664994
104.8125 0.495730136437
105.0625 0.49572860788
105.3125 0.495727079323
105.5625 0.495725550766
105.8125 0.495724022209
106.0625 0.495722493652
106.3125 0.495720965095
106.5625 0.495719436539
106.8125 0.495717907982
107.0625 0.495716379425
107.3125 0.495714850868
107.5625 0.495713322311
107.8125 0.495711793754
108.0625 0.495710265197
108.3125 0.49570873664
108.5625 0.495707208084
108.8125 0.495705679527
109.0625 0.49570415097
109.3125 0.495702622413
109.5625 0.495701093856
109.8125 0.495699565299
110.0625 0.495698036742
110.3125 0.495696508185
110.5625 0.495694979629
110.8125 0.495693451072
111.0625 0.495691922515
111.3125 0.495690393958
111.5625 0.49568886517
111.8125 0.495687336381
112.0625 0.495685807825
112.3125 0.495684279268
112.5625 0.495682750711
112.8125 0.495681222154
113.0625 0.495679693597
113.3125 0.49567816504
113.5625 0.495676636483
113.8125 0.495675107926
114.0625 0.49567357937
114.3125 0.495672050813
114.5625 0.495670522256
114.8125 0.495668993699
115.0625 0.495667465142
115.3125 0.495665936585
115.5625 0.495664408028
115.8125 0.495662879471
116.0625 0.495661350915
116.3125 0.495659822358
116.5625 0.495658293801
116.8125 0.495656765244
117.0625 0.495655236687
117.3125 0.49565370813
117.5625 0.495652179573
117.8125 0.495650651016
118.0625 0.49564912246
118.3125 0.495647593903
118.5625 0.495646065346
118.8125 0.495644536789
119.0625 0.495643008232
119.3125 0.495641479675
119.5625 0.495639950656
119.8125 0.495638422099
120.0625 0.495636893542
120.3125 0.495635364985
120.5625 0.495633836428
120.8125 0.495632307871
121.0625 0.495630779314
121.3125 0.495629250758
121.5625 0.495627722201
121.8125 0.495626193644
122.0625 0.495624665087
122.3125 0.49562313653
122.5625 0.495621607973
122.8125 0.495620079416
123.0625 0.495618550859
123.3125 0.495617022303
123.5625 0.495615493746
123.8125 0.495613965189
124.0625 0.495612436632
124.3125 0.495610908075
124.5625 0.495609379518
124.8125 0.495607850961
125.0625 0.495606322404
125.3125 0.495604793847
125.5625 0.495603265291
125.8125 0.495601736734
126.0625 0.495600208177
126.3125 0.49559867962
126.5625 0.495597151063
126.8125 0.495595622506
127.0625 0.495594093949
127.3125 0.495592565392
127.5625 0.495591036373
127.8125 0.495589507816
128.0625 0.140938731673
128.5625 0.140938010188
129.0625 0.140938003943
129.5625 0.140938002092
130.0625 0.140938000242
130.5625 0.140937998391
131.0625 0.14093799654
131.5625 0.14093799469
132.0625 0.140937992839
132.5625 0.140937990989
133.0625 0.140937989138
133.5625 0.140937987288
134.0625 0.140937985437
134.5625 0.140937983587
135.0625 0.140937981736
135.5625 0.140937979423
136.0625 0.140937977572
136.5625 0.140937975722
137.0625 0.140937973871
137.5625 0.140937972021
138.0625 0.14093797017
138.5625 0.140937968319
139.0625 0.140937966469
139.5625 0.140937964618
140.0625 0.140937962768
140.5625 0.140937960917
141.0625 0.140937959067
141.5625 0.140937957216
142.0625 0.140937955366
142.5625 0.140937953515
143.0625 0.140937951433
143.5625 0.140937949351
144.0625 0.140937947501
144.5625 0.14093794565
145.0625 0.1409379438
145.5625 0.140937941949
146.0625 0.140937940099
146.5625 0.140937938248
147.0625 0.140937936397
147.5625 0.140937934547
148.0625 0.140937932696
148.5625 0.140937930846
149.0625 0.140937928995
149.5625 0.140937927145
150.0625 0.140937925294
150.5625 0.140937923444
151.0625 0.14093792113
151.5625 0.140937918586
152.0625 0.140937916504
152.5625 0.140937914653
153.0625 0.140937912803
153.5625 0.140937910952
154.0625 0.140937909102
154.5625 0.140937907251
155.0625 0.140937905401
155.5625 0.14093790355
156.0625 0.1409379017
156.5625 0.140937899849
157.0625 0.140937897998
157.5625 0.140937896148
158.0625 0.140937894297
158.5625 0.140937892447
159.0625 0.140937890134
159.5625 0.140937888052
160.0625 0.14093788597
160.5625 0.140937884119
161.0625 0.140937882269
161.5625 0.140937880418
162.0625 0.140937878568
162.5625 0.140937876717
163.0625 0.140937874867
163.5625 0.140937873016
164.0625 0.140937871165
164.5625 0.140937869315
165.0625 0.140937867464
165.5625 0.140937865614
166.0625 0.140937863763
166.5625 0.140937861913
167.0625 0.140937859599
167.5625 0.140937857518
168.0625 0.140937855436
168.5625 0.140937853585
169.0625 0.140937851735
169.5625 0.140937849884
170.0625 0.140937848034
170.5625 0.140937846183
171.0625 0.140937844332
171.5625 0.140937842482
172.0625 0.140937840631
172.5625 0.140937838781
173.0625 0.14093783693
173.5625 0.14093783508
174.0625 0.140937833229
174.5625 0.140937831379
175.0625 0.140937828834
175.5625 0.140937826983
176.0625 0.140937824902
176.5625 0.140937823051
177.0625 0.140937821201
177.5625 0.14093781935
178.0625 0.140937817499
178.5625 0.140937815649
179.0625 0.140937813798
179.5625 0.140937811948
180.0625 0.140937810097
180.5625 0.140937808247
181.0625 0.140937806396
181.5625 0.140937804546
182.0625 0.140937802695
182.5625 0.140937800844
183.0625 0.1409377983
183.5625 0.140937796218
184.0625 0.140937794367
184.5625 0.140937792517
185.0625 0.140937790666
185.5625 0.140937788816
186.0625 0.140937786965
186.5625 0.140937785115
187.0625 0.140937783264
187.5625 0.140937781414
188.0625 0.140937779563
188.5625 0.140937777713
189.0625 0.140937775862
189.5625 0.140937774011
190.0625 0.140937772161
190.5625 0.14093777031
191.0625 0.140937767766
191.5625 0.140937655807
192.0625 0.140452887688
192.5625 0.140450628625
193.0625 0.14044930386
193.5625 0.140449287668
194.0625 0.140449282116
194.5625 0.140449276565
195.0625 0.140449271013
195.5625 0.140449265461
196.0625 0.14044925991
196.5625 0.140449254358
197.0625 0.140449248806
197.5625 0.140449243255
198.0625 0.140449237703
198.5625 0.140449232151
199.0625 0.140449225906
199.5625 0.140449220123
200.0625 0.140449214571
200.5625 0.14044920902
201.0625 0.140449203468
201.5625 0.140449197916
202.0625 0.140449192365
202.5625 0.140449186813
203.0625 0.140449181261
203.5625 0.14044917571
204.0625 0.140449170158
204.5625 0.140449164606
205.0625 0.140449159055
205.5625 0.140449153503
206.0625 0.140449147951
206.5625 0.140449141937
207.0625 0.140449136154
207.5625 0.140449130371
208.0625 0.140449124819
208.5625 0.140449119268
209.0625 0.140449113716
209.5625 0.140449108164
210.0625 0.140449102613
210.5625 0.140449097061
211.0625 0.140449091509
211.5625 0.140449085958
212.0625 0.140449080406
212.5625 0.140449074854
213.0625 0.140449069303
213.5625 0.140449063751
214.0625 0.140449058199
214.5625 0.140449051954
215.0625 0.140449046171
215.5625 0.140449039925
216.0625 0.140449034374
216.5625 0.140449028591
217.0625 0.140449023039
217.5625 0.140449017487
218.0625 0.140449011936
218.5625 0.140449006384
219.0625 0.140449000832
219.5625 0.140448995281
220.0625 0.140448989729
220.5625 0.140448984177
221.0625 0.140448978626
221.5625 0.140448973074
222.0625 0.140448967522
222.5625 0.140448961277
223.0625 0.140448955494
223.5625 0.140448949711
224.0625 0.140448944159
224.5625 0.140448938376
225.0625 0.140448932825
225.5625 0.140448927273
226.0625 0.140448921721
226.5625 0.14044891617
227.0625 0.140448910618
227.5625 0.140448905066
228.0625 0.140448899515
228.5625 0.140448893963
229.0625 0.140448888411
229.5625 0.14044888286
230.0625 0.140448877308
230.5625 0.140448871062
231.0625 0.140448865048
231.5625 0.140448859496
232.0625 0.140448853945
232.5625 0.140448848162
233.0625 0.14044884261
233.5625 0.140448837058
234.0625 0.140448831507
234.5625 0.140448825955
235.0625 0.140448820403
235.5625 0.140448814852
236.0625 0.1404488093
236.5625 0.140448803748
237.0625 0.140448798197
237.5625 0.140448792645
238.0625 0.140448786862
238.5625 0.140448780848
239.0625 0.140448774834
239.5625 0.140448769282
240.0625 0.140448763499
240.5625 0.140448757947
241.0625 0.140448752396
241.5625 0.140448746844
242.0625 0.140448741292
242.5625 0.140448735741
243.0625 0.140448730189
243.5625 0.140448724637
244.0625 0.140448719086
244.5625 0.140448713534
245.0625 0.140448707982
245.5625 0.140448702431
246.0625 0.140448696648
246.5625 0.140448690402
247.0625 0.140448684619
247.5625 0.140448679067
248.0625 0.140448673284
248.5625 0.140448667733
249.0625 0.140448662181
249.5625 0.140448656629
250.0625 0.140448651309
250.5625 0.140448645757
251.0625 0.140448640206
251.5625 0.140448634654
252.0625 0.140448629102
252.5625 0.140448623551
253.0625 0.140448617999
253.5625 0.140448612447
254.0625 0.140448606665
254.5625 0.140448600188
255.0625 0.140448594636
255.5625 0.14044858839
256.0625 0.14044834111
257.0625 0.140442860234
258.0625 0.140442827618
259.0625 0.140442816515
260.0625 0.140442805412
261.0625 0.140442794308
262.0625 0.140442782049
263.0625 0.140442770714
264.0625 0.140442759611
265.0625 0.140442748507
266.0625 0.140442737404
267.0625 0.140442726301
268.0625 0.140442715197
269.0625 0.140442704094
270.0625 0.140442691834
271.0625 0.140442680499
272.0625 0.140442669396
273.0625 0.140442658293
274.0625 0.14044264719
275.0625 0.140442636086
276.0625 0.140442624983
277.0625 0.140442613648
278.0625 0.14044260162
279.0625 0.140442589591
280.0625 0.140442578256
281.0625 0.140442567153
282.0625 0.14044255605
283.0625 0.140442544946
284.0625 0.140442533843
285.0625 0.140442522508
286.0625 0.14044251048
287.0625 0.140442498914
288.0625 0.140442487811
289.0625 0.140442476476
290.0625 0.140442465373
291.0625 0.140442454269
292.0625 0.140442443166
293.0625 0.1404424316
294.0625 0.140442419803
295.0625 0.140442408237
296.0625 0.140442396902
297.0625 0.140442385799
298.0625 0.140442374696
299.0625 0.140442363592
300.0625 0.140442352489
301.0625 0.140442340923
302.0625 0.140442328894
303.0625 0.14044231756
304.0625 0.140442306225
305.0625 0.140442295122
306.0625 0.140442284018
307.0625 0.140442272915
308.0625 0.140442261812
309.0625 0.140442250015
310.0625 0.140442237986
311.0625 0.140442226883
312.0625 0.140442215548
313.0625 0.140442204445
314.0625 0.140442193341
315.0625 0.140442182238
316.0625 0.140442171135
317.0625 0.140442159337
318.0625 0.140442147309
319.0625 0.140442134818
320.0625 0.140441650667
321.0625 0.140439983318
322.0625 0.140434229255
323.0625 0.140434218151
324.0625 0.140434207048
325.0625 0.140434195251
326.0625 0.140434183222
327.0625 0.140434172119
328.0625 0.140434160784
329.0625 0.140434149681
330.0625 0.140434138578
331.0625 0.140434127474
332.0625 0.140434116371
333.0625 0.140434104574
334.0625 0.140434092545
335.0625 0.14043408121
336.0625 0.140434070107
337.0625 0.140434059004
338.0625 0.1404340479
339.0625 0.140434036797
340.0625 0.140434025231
341.0625 0.140434012971
342.0625 0.140434001868
343.0625 0.140433989839
344.0625 0.140433978736
345.0625 0.140433967401
346.0625 0.140433956298
347.0625 0.140433945195
348.0625 0.140433933629
349.0625 0.140433921369
350.0625 0.140433910266
351.0625 0.1404338987
352.0625 0.140433887596
353.0625 0.140433876262
354.0625 0.140433865158
355.0625 0.140433854055
356.0625 0.140433842489
357.0625 0.140433830229
358.0625 0.140433819126
359.0625 0.14043380756
360.0625 0.140433796457
361.0625 0.140433785122
362.0625 0.140433774019
363.0625 0.140433762915
364.0625 0.140433751349
365.0625 0.140433739089
366.0625 0.140433727523
367.0625 0.14043371642
368.0625 0.140433705317
369.0625 0.140433693982
370.0625 0.140433682879
371.0625 0.140433671776
372.0625 0.140433659747
373.0625 0.14043364795
374.0625 0.140433636384
375.0625 0.14043362528
376.0625 0.140433613946
377.0625 0.140433602842
378.0625 0.140433591739
379.0625 0.140433580405
380.0625 0.140433568607
381.0625 0.14043355681
382.0625 0.140433545244
383.0625 0.14043353229
384.0625 0.140432811268
385.0625 0.140432800165
386.0625 0.140423884431
387.0625 0.140423470601
388.0625 0.140423458573
389.0625 0.140423446776
390.0625 0.140423435441
391.0625 0.140423424338
392.0625 0.140423413003
393.0625 0.1404234019
394.0625 0.140423390796
395.0625 0.140423378999
396.0625 0.140423367433
397.0625 0.140423355405
398.0625 0.140423344301
399.0625 0.140423332967
400.0625 0.140423321863
401.0625 0.14042331076
402.0625 0.140423299657
403.0625 0.140423287859
404.0625 0.140423276293
405.0625 0.140423264265
406.0625 0.140423253161
407.0625 0.140423241133
408.0625 0.14042323003
409.0625 0.140423218695
410.0625 0.140423207592
411.0625 0.140423195794
412.0625 0.140423183997
413.0625 0.1404231722
414.0625 0.140423161096
415.0625 0.140423149531
416.0625 0.140423138427
417.0625 0.140423127324
418.0625 0.140423115989
419.0625 0.140423104192
420.0625 0.140423092395
421.0625 0.140423080597
422.0625 0.140423069031
423.0625 0.140423057928
424.0625 0.140423046825
425.0625 0.14042303549
426.0625 0.140423023924
427.0625 0.140423012358
428.0625 0.140423000561
429.0625 0.140422988995
430.0625 0.140422977429
431.0625 0.140422966326
432.0625 0.140422955222
433.0625 0.140422943888
434.0625 0.140422932322
435.0625 0.140422920525
436.0625 0.140422908959
437.0625 0.140422897393
438.0625 0.140422885827
439.0625 0.140422874723
440.0625 0.14042286362
441.0625 0.140422852285
442.0625 0.140422840719
443.0625 0.140422828691
444.0625 0.140422817356
445.0625 0.140422805328
446.0625 0.140422794224
447.0625 0.140422780808
448.0625 0.140421822915
449.0625 0.140421811812
450.0625 0.140421210151
451.0625 0.140410573634
452.0625 0.140410561837
453.0625 0.140410549808
454.0625 0.140410538705
455.0625 0.140410527602
456.0625 0.140410516267
457.0625 0.140410504701
458.0625 0.140410493135
459.0625 0.140410481338
460.0625 0.140410469772
461.0625 0.140410458206
462.0625 0.140410447103
463.0625 0.140410435768
464.0625 0.140410424665
465.0625 0.140410413099
466.0625 0.140410401301
467.0625 0.140410389735
468.0625 0.140410378169
469.0625 0.140410366604
470.0625 0.1404103555
471.0625 0.140410343472
472.0625 0.140410332368
473.0625 0.140410320802
474.0625 0.140410308774
475.0625 0.140410297208
476.0625 0.140410285179
477.0625 0.140410274076
478.0625 0.140410262973
479.0625 0.140410251407
480.0625 0.140410240303
481.0625 0.140410228737
482.0625 0.140410216709
483.0625 0.140410204911
484.0625 0.140410193114
485.0625 0.140410182011
486.0625 0.140410170445
487.0625 0.140410159342
488.0625 0.140410148007
489.0625 0.140410136441
490.0625 0.140410124412
491.0625 0.140410112846
492.0625 0.140410101049
493.0625 0.140410089946
494.0625 0.14041007838
495.0625 0.140410067277
496.0625 0.140410055942
497.0625 0.140410044145
498.0625 0.140410032116
499.0625 0.14041002055
500.0625 0.140410008984
501.0625 0.14040999765
502.0625 0.140409986315
503.0625 0.140409975212
504.0625 0.140409963646
505.0625 0.14040995208
506.0625 0.14040993982
507.0625 0.140409928485
508.0625 0.140409916919
509.0625 0.140409905353
510.0625 0.14040989425
511.0625 0.140409880371
512.0625 0.140408673579
514.0625 0.140397869124
516.0625 0.140395504117
518.0625 0.140395481911
520.0625 0.140395458316
522.0625 0.140395435184
524.0625 0.140395412052
526.0625 0.140395389383
528.0625 0.140395365789
530.0625 0.140395343119
532.0625 0.140395319987
534.0625 0.140395296624
536.0625 0.14039527303
538.0625 0.140395249898
540.0625 0.140395226997
542.0625 0.140395203634
544.0625 0.140395180271
546.0625 0.140395157139
548.0625 0.140395134469
550.0625 0.140395111106
552.0625 0.140395087743
554.0625 0.140395064611
556.0625 0.140395041942
558.0625 0.140395018579
560.0625 0.140394994984
562.0625 0.140394972083
564.0625 0.140394948952
566.0625 0.14039492582
568.0625 0.140394902225
570.0625 0.140394879556
572.0625 0.140394856424
574.0625 0.140394830053
576.0625 0.140393386159
578.0625 0.140393363721
580.0625 0.140378309703
582.0625 0.14037828634
584.0625 0.140378262514
586.0625 0.140378240307
588.0625 0.140378216713
590.0625 0.140378193581
592.0625 0.140378169986
594.0625 0.140378147086
596.0625 0.140378124185
598.0625 0.140378099897
600.0625 0.140378076765
602.0625 0.140378053633
604.0625 0.140378030501
606.0625 0.140378006675
608.0625 0.140377983774
610.0625 0.140377960411
612.0625 0.140377937511
614.0625 0.140377913685
616.0625 0.140377890784
618.0625 0.140377867421
620.0625 0.140377844289
622.0625 0.140377820694
624.0625 0.140377797563
626.0625 0.140377774431
628.0625 0.140377751067
630.0625 0.140377727473
632.0625 0.14037770411
634.0625 0.140377681209
636.0625 0.140377657846
638.0625 0.140377630781
640.0625 0.140375950479
642.0625 0.140375927116
644.0625 0.140358964715
646.0625 0.140358941583
648.0625 0.140358918682
650.0625 0.140358895088
652.0625 0.140358871724
654.0625 0.140358848593
656.0625 0.140358825692
658.0625 0.140358801866
660.0625 0.140358778734
662.0625 0.140358754446
664.0625 0.140358732008
666.0625 0.140358707951
668.0625 0.140358684587
670.0625 0.140358660993
672.0625 0.140358638323
674.0625 0.140358614266
676.0625 0.140358590672
678.0625 0.14035856754
680.0625 0.140358544871
682.0625 0.140358520813
684.0625 0.140358496756
686.0625 0.140358473856
688.0625 0.140358450724
690.0625 0.140358427129
692.0625 0.140358403303
694.0625 0.140358380403
696.0625 0.140358357271
698.0625 0.140358333676
700.0625 0.140358309619
702.0625 0.140358282786
704.0625 0.140356364688
706.0625 0.14035634063
708.0625 0.140337506163
710.0625 0.140337448102
712.0625 0.140337424508
714.0625 0.140337400219
716.0625 0.14033737755
718.0625 0.140337354418
720.0625 0.140337331055
722.0625 0.140337306766
724.0625 0.140337283866
726.0625 0.14033726004
728.0625 0.140337236677
730.0625 0.140337212388
732.0625 0.140337189488
734.0625 0.140337165662
736.0625 0.140337142298
738.0625 0.140337118473
740.0625 0.140337095572
742.0625 0.140337071515
744.0625 0.140337048152
746.0625 0.140337024326
748.0625 0.140337000962
750.0625 0.140336977599
752.0625 0.140336954005
754.0625 0.140336930179
756.0625 0.140336907047
758.0625 0.140336883452
760.0625 0.140336860089
762.0625 0.140336836032
764.0625 0.140336813131
766.0625 0.14033678491
768.0625 0.140334630173
770.0625 0.140334606115
772.0625 0.140329548091
774.0625 0.140313804973
776.0625 0.140313781378
778.0625 0.140313757553
780.0625 0.140313734421
782.0625 0.140313711057
784.0625 0.140313687232
786.0625 0.140313663637
788.0625 0.140313640274
790.0625 0.140313615754
792.0625 0.140313592159
794.0625 0.140313568796
796.0625 0.140313545202
798.0625 0.140313521376
800.0625 0.14031349755
802.0625 0.140313474418
804.0625 0.140313450361
806.0625 0.140313426304
808.0625 0.140313403172
810.0625 0.140313379808
812.0625 0.14031335552
814.0625 0.140313331925
816.0625 0.140313308793
818.0625 0.140313284736
820.0625 0.140313261142
822.0625 0.140313237316
824.0625 0.140313214184
826.0625 0.140313190127
828.0625 0.140313165838
830.0625 0.140313137617
832.0625 0.140310746471
834.0625 0.140310721952
836.0625 0.140310698357
838.0625 0.140288012426
840.0625 0.140287989294
842.0625 0.140287965006
844.0625 0.140287940717
846.0625 0.140287917817
848.0625 0.140287893528
850.0625 0.140287870396
852.0625 0.140287846339
854.0625 0.140287822513
856.0625 0.140287798456
858.0625 0.140287775093
860.0625 0.140287751036
862.0625 0.140287727441
864.0625 0.140287703153
866.0625 0.140287680021
868.0625 0.140287655501
870.0625 0.140287632369
872.0625 0.14028760808
874.0625 0.140287584949
876.0625 0.14028756066
878.0625 0.140287537297
880.0625 0.14028751324
882.0625 0.140287489876
884.0625 0.140287465588
886.0625 0.140287442225
888.0625 0.140287417936
890.0625 0.140287393879
892.0625 0.140287369128
894.0625 0.140287341138
896.0625 0.140284712196
898.0625 0.140284688139
900.0625 0.140284665007
902.0625 0.14026007185
904.0625 0.140260047099
906.0625 0.140260023042
908.0625 0.140259999678
910.0625 0.140259976315
912.0625 0.140259951564
914.0625 0.140259927738
916.0625 0.140259904144
918.0625 0.140259879855
920.0625 0.140259855567
922.0625 0.140259831972
924.0625 0.140259808378
926.0625 0.14025978432
928.0625 0.140259760032
930.0625 0.140259736669
932.0625 0.14025971238
934.0625 0.140259688554
936.0625 0.140259664266
938.0625 0.140259640902
940.0625 0.140259616383
942.0625 0.140259592557
944.0625 0.140259568962
946.0625 0.140259544905
948.0625 0.140259520848
950.0625 0.140259497022
952.0625 0.140259472965
954.0625 0.140259448908
956.0625 0.140259423462
958.0625 0.140259395242
960.0625 0.140257179204
962.0625 0.140256505372
964.0625 0.14025648224
966.0625 0.140236757657
968.0625 0.140229955717
970.0625 0.140229931429
972.0625 0.140229908297
974.0625 0.140229884702
976.0625 0.140229859951
978.0625 0.140229835663
980.0625 0.140229812299
982.0625 0.14022978778
984.0625 0.140229763722
986.0625 0.140229739665
988.0625 0.140229715839
990.0625 0.140229691319
992.0625 0.140229667262
994.0625 0.140229643668
996.0625 0.140229619148
998.0625 0.140229595553
1000.0625 0.140229571265
1002.0625 0.14022954767
1004.0625 0.140229522688
1006.0625 0.140229499325
1008.0625 0.140229475499
1010.0625 0.140229451442
1012.0625 0.140229426459
1014.0625 0.140229403096
1016.0625 0.140229379039
1018.0625 0.140229354519
1020.0625 0.140229328148
1022.0625 0.14022930039
1024.0625 0.140226173418
1028.0625 0.140225362413
1032.0625 0.14019769063
1036.0625 0.140197643441
1040.0625 0.140197594401
1044.0625 0.140197546055
1048.0625 0.140197497941
1052.0625 0.140197449826
1056.0625 0.140197401249
1060.0625 0.140197352672
1064.0625 0.140197304789
1068.0625 0.140197256444
1072.0625 0.140197207404
1076.0625 0.140197159752
1080.0625 0.140197110713
1084.0625 0.140197056121
1088.0625 0.140193691122
1092.0625 0.140193644164
1096.0625 0.140163300182
1100.0625 0.14016325253
1104.0625 0.140163203722
1108.0625 0.140163154913
1112.0625 0.140163106799
1116.0625 0.140163057759
1120.0625 0.140163009876
1124.0625 0.140162960605
1128.0625 0.140162912722
1132.0625 0.140162862989
1136.0625 0.140162814412
1140.0625 0.140162766297
1144.0625 0.140162716795
1148.0625 0.140162661741
1152.0625 0.140159060333
1156.0625 0.140159012219
1160.0625 0.140126761242
1164.0625 0.140126712433
1168.0625 0.140126664088
1172.0625 0.140126614354
1176.0625 0.140126566008
1180.0625 0.140126516737
1184.0625 0.140126467929
1188.0625 0.140126419121
1192.0625 0.140126370081
1196.0625 0.140126321504
1200.0625 0.140126272002
1204.0625 0.140126223425
1208.0625 0.140126173228
1212.0625 0.140126118406
1216.0625 0.140122279896
1220.0625 0.140122230625
1224.0625 0.140088072422
1228.0625 0.140088022225
1232.0625 0.140087974574
1236.0625 0.140087923683
1240.0625 0.140087875569
1244.0625 0.140087825373
1248.0625 0.14008777749
1252.0625 0.140087727756
1256.0625 0.140087678716
1260.0625 0.140087629677
1264.0625 0.140087580868
1268.0625 0.140087531135
1272.0625 0.140087480476
1276.0625 0.140087424034
1280.0625 0.140083349579
1284.0625 0.140083299845
1288.0625 0.140047233259
1292.0625 0.140047183756
1296.0625 0.140047135179
1300.0625 0.140047084521
1304.0625 0.140047035481
1308.0625 0.14004698621
1312.0625 0.140046936708
1316.0625 0.140046887205
1320.0625 0.140046838166
1324.0625 0.140046787507
1328.0625 0.140046739855
1332.0625 0.140046688965
1336.0625 0.140046637381
1340.0625 0.140046580939
1344.0625 0.140042270075
1348.0625 0.140042219416
1352.0625 0.140004247223
1356.0625 0.140004195176
1360.0625 0.140004145905
1364.0625 0.140004095709
1368.0625 0.140004046207
1372.0625 0.140003996473
1376.0625 0.140003947202
1380.0625 0.140003897006
1384.0625 0.140003848197
1388.0625 0.140003797076
1392.0625 0.140003748268
1396.0625 0.14000369784
1400.0625 0.140003644174
1404.0625 0.140003589351
1408.0625 0.139999040229
1412.0625 0.139998989802
1416.0625 0.139974784335
1420.0625 0.139959056716
1424.0625 0.139959006982
1428.0625 0.139958956555
1432.0625 0.139958907052
1436.0625 0.139958855931
1440.0625 0.139958807122
1444.0625 0.139958756464
1448.0625 0.139958706036
1452.0625 0.139958657228
1456.0625 0.139958606337
1460.0625 0.139958557066
1464.0625 0.139958500393
1468.0625 0.139958447652
1472.0625 0.13995366004
1476.0625 0.139953611232
1480.0625 0.139952314225
1484.0625 0.139911768838
1488.0625 0.139911718642
1492.0625 0.139911668445
1496.0625 0.139911618018
1500.0625 0.139911567822
1504.0625 0.139911517857
1508.0625 0.13991146766
1512.0625 0.13991141677
1516.0625 0.139911367037
1520.0625 0.139911316146
1524.0625 0.13991126595
1528.0625 0.139911209046
1532.0625 0.139911156074
1536.0625 0.139906131128
1540.0625 0.139906081857
1544.0625 0.139906030967
1548.0625 0.139862332005
1552.0625 0.139862280421
1556.0625 0.139862229068
1560.0625 0.139862179103
1564.0625 0.139862128676
1568.0625 0.13986207848
1572.0625 0.139862027358
1576.0625 0.139861977393
1580.0625 0.139861925809
1584.0625 0.139861876538
1588.0625 0.13986182426
1592.0625 0.139861768743
1596.0625 0.139861713689
1600.0625 0.139856452798
1604.0625 0.139856402139
1608.0625 0.139856351943
1612.0625 0.139810743442
1616.0625 0.139810692552
1620.0625 0.139810641893
1624.0625 0.13981059054
1628.0625 0.139810539881
1632.0625 0.139810489454
1636.0625 0.139810437869
1640.0625 0.139810387905
1644.0625 0.13981033632
1648.0625 0.139810286355
1652.0625 0.139810232689
1656.0625 0.139810177404
1660.0625 0.13981012235
1664.0625 0.139804623432
1668.0625 0.139804573235
1672.0625 0.13980452142
1676.0625 0.139757006849
1680.0625 0.139756954571
1684.0625 0.139756904375
1688.0625 0.139756852559
1692.0625 0.139756802132
1696.0625 0.139756750316
1700.0625 0.139756699889
1704.0625 0.139756647611
1708.0625 0.139756596952
1712.0625 0.139756545599
1716.0625 0.139756491701
1720.0625 0.139756435954
1724.0625 0.139756380206
1728.0625 0.13975088175
1732.0625 0.139750593989
1736.0625 0.139750542405
1740.0625 0.139701118988
1744.0625 0.139701066942
1748.0625 0.139701016283
1752.0625 0.139700964005
1756.0625 0.13970091404
1760.0625 0.139700861068
1764.0625 0.139700810177
1768.0625 0.139700758593
1772.0625 0.139700706315
1776.0625 0.139700655887
1780.0625 0.139700598752
1784.0625 0.139700545086
1788.0625 0.139700489338
1792.0625 0.139695402167
1796.0625 0.139694465787
1800.0625 0.139694413509
1804.0625 0.139643219808
1808.0625 0.139643029895
1812.0625 0.139642977848
1816.0625 0.139642926726
1820.0625 0.139642875142
1824.0625 0.139642823327
1828.0625 0.139642771511
1832.0625 0.139642719464
1836.0625 0.13964266788
1840.0625 0.139642616065
1844.0625 0.139642558698
1848.0625 0.139642503875
1852.0625 0.139642448127
1856.0625 0.139637893222
1860.0625 0.139636187243
1864.0625 0.139636135196
1868.0625 0.139604593675
1872.0625 0.139582841811
1876.0625 0.139582790921
1880.0625 0.139582737717
1884.0625 0.13958268729
1888.0625 0.13958263478
1892.0625 0.13958258204
1896.0625 0.139582530687
1900.0625 0.139582477946
1904.0625 0.139582425205
1908.0625 0.139582367607
1912.0625 0.139582312321
1916.0625 0.139582257499
1920.0625 0.139578411124
1924.0625 0.139575758819
1928.0625 0.139575706541
1932.0625 0.139570383887
1936.0625 0.139520505235
1940.0625 0.139520452494
1944.0625 0.139520400216
1948.0625 0.139520347938
1952.0625 0.139520294966
1956.0625 0.139520243613
1960.0625 0.139520191566
1964.0625 0.139520138363
1968.0625 0.139520084928
1972.0625 0.139520026405
1976.0625 0.139519971119
1980.0625 0.139519916065
1984.0625 0.13951648167
1988.0625 0.139513179821
1992.0625 0.139513126849
1996.0625 0.139513075496
2000.0625 0.139456017391
2004.0625 0.139455964651
2008.0625 0.139455912604
2012.0625 0.139455859169
2016.0625 0.139455806891
2020.0625 0.139455755075
2024.0625 0.139455701178
2028.0625 0.139455649825
2032.0625 0.139455592921
2036.0625 0.139455535554
2040.0625 0.139455479112
2044.0625 0.139455425446
2048.0625 0.139448450942
2056.0625 0.139448346155
2064.0625 0.139389326927
2072.0625 0.139389221214
2080.0625 0.139389115038
2088.0625 0.139389009326
2096.0625 0.139388895054
2104.0625 0.139388783558
2112.0625 0.139381571953
2120.0625 0.13938146624
2128.0625 0.13932053886
2136.0625 0.139320432916
2144.0625 0.139320325815
2152.0625 0.139320217327
2160.0625 0.139320103286
2168.0625 0.139319991328
2176.0625 0.139312542389
2184.0625 0.139312435751
2192.0625 0.139249599063
2200.0625 0.139249492887
2208.0625 0.139249386943
2216.0625 0.13924927591
2224.0625 0.139249161176
2232.0625 0.139249050605
2240.0625 0.139241363408
2248.0625 0.139241254688
2256.0625 0.139176511236
2264.0625 0.139176403673
2272.0625 0.139176294721
2280.0625 0.139176184151
2288.0625 0.139176068954
2296.0625 0.139175957227
2304.0625 0.13916803339
2312.0625 0.139167926058
2320.0625 0.139101272141
2328.0625 0.139101164115
2336.0625 0.139101055395
2344.0625 0.13910094228
2352.0625 0.139100826389
2360.0625 0.139100713968
2368.0625 0.139092553492
2376.0625 0.139092444078
2384.0625 0.139023883166
2392.0625 0.139023774678
2400.0625 0.139023665032
2408.0625 0.139023549604
2416.0625 0.139023434176
2424.0625 0.139023321292
2432.0625 0.139014922557
2440.0625 0.139014813374
2448.0625 0.138944343386
2456.0625 0.138944234204
2464.0625 0.138944125021
2472.0625 0.138944006817
2480.0625 0.138943892545
2488.0625 0.138943778273
2496.0625 0.138935141742
2504.0625 0.138935032328
2512.0625 0.138862652801
2520.0625 0.138862543155
2528.0625 0.138862433047
2536.0625 0.138862314612
2544.0625 0.13886219849
2552.0625 0.138862084681
2560.0625 0.138853210353
2568.0625 0.13885309932
2576.0625 0.138778812104
2584.0625 0.138778701533
2592.0625 0.138778588649
2600.0625 0.138778470908
2608.0625 0.138778352935
2616.0625 0.138778237738
2624.0625 0.138769127696
2632.0625 0.138769015738
2640.0625 0.138692821064
2648.0625 0.138692709799
2656.0625 0.138692595296
2664.0625 0.138692476861
2672.0625 0.138692359119
2680.0625 0.138692244385
2688.0625 0.138682895622
2696.0625 0.138682783895
2704.0625 0.138612548002
2712.0625 0.138604566566
2720.0625 0.138604451832
2728.0625 0.138604331083
2736.0625 0.138604213805
2744.0625 0.138604096988
2752.0625 0.138594511355
2760.0625 0.138594399396
2768.0625 0.138551201703
2776.0625 0.138514272528
2784.0625 0.138514154555
2792.0625 0.138514035194
2800.0625 0.13851391699
2808.0625 0.138513801331
2816.0625 0.138503977207
2824.0625 0.138503864786
2832.0625 0.138488000457
2840.0625 0.138421828147
2848.0625 0.138421707398
2856.0625 0.138421588963
2864.0625 0.138421471915
2872.0625 0.13842135348
2880.0625 0.138411292948
2888.0625 0.138411178445
2896.0625 0.138410367209
2904.0625 0.138327232498
2912.0625 0.138327111518
2920.0625 0.138326991463
2928.0625 0.138326874184
2936.0625 0.138326755518
2944.0625 0.138316455108
2952.0625 0.138316340605
2960.0625 0.138316226333
2968.0625 0.138230486275
2976.0625 0.138230362287
2984.0625 0.138230243158
2992.0625 0.13823012426
3000.0625 0.138230006056
3008.0625 0.138219468544
3016.0625 0.138219352884
3024.0625 0.138219237225
3032.0625 0.138131587164
3040.0625 0.138131464102
3048.0625 0.138131342891
3056.0625 0.138131224687
3064.0625 0.138131105095
3072.0625 0.138120330943
3080.0625 0.138120215284
3088.0625 0.138120097542
3096.0625 0.138030538636
3104.0625 0.138030414418
3112.0625 0.138030293207
3120.0625 0.138030173383
3128.0625 0.138030052866
3136.0625 0.13801904115
3144.0625 0.138018924565
3152.0625 0.138018807749
3160.0625 0.137927336296
3168.0625 0.137927213003
3176.0625 0.137927092948
3184.0625 0.137926970349
3192.0625 0.13792685122
3200.0625 0.137915598931
3208.0625 0.137915483735
3216.0625 0.137915364605
3224.0625 0.137821983844
3232.0625 0.137821860782
3240.0625 0.137821738877
3248.0625 0.137821618129
3256.0625 0.137821495992
3264.0625 0.137810007758
3272.0625 0.137809890017
3280.0625 0.137809769962
3288.0625 0.13771448105
3296.0625 0.137714356831
3304.0625 0.137714235389
3312.0625 0.137714112096
3320.0625 0.137713990422
3328.0625 0.137702264855
3336.0625 0.137702146419
3344.0625 0.137702024283
3352.0625 0.137604825368
3360.0625 0.137604701381
3368.0625 0.13760457855
3376.0625 0.137604456183
3384.0625 0.137604333352
3392.0625 0.137592778498
3400.0625 0.137592251091
3408.0625 0.13759212826
3416.0625 0.137493019575
3424.0625 0.13749289605
3432.0625 0.137492772757
3440.0625 0.137492649464
3448.0625 0.137492525246
3456.0625 0.137481329168
3464.0625 0.137480204494
3472.0625 0.137480078657
3480.0625 0.13737906182
3488.0625 0.137378938989
3496.0625 0.137378812458
3504.0625 0.137378689396
3512.0625 0.137378566103
3520.0625 0.137368373719
3528.0625 0.137366005474
3536.0625 0.13736587686
3544.0625 0.137263396004
3552.0625 0.137262829504
3560.0625 0.137262703203
3568.0625 0.137262578522
3576.0625 0.137262452222
3584.0625 0.137252729416
3592.0625 0.137249654028
3600.0625 0.137249523795
3608.0625 0.137167510751
3616.0625 0.137144567593
3624.0625 0.137144441756
3632.0625 0.137144314761
3640.0625 0.137144190312
3648.0625 0.13713517488
3656.0625 0.137131152008
3664.0625 0.137131019231
3672.0625 0.137074783004
3680.0625 0.137024154415
3688.0625 0.137024027652
3696.0625 0.137023900658
3704.0625 0.137023775977
3712.0625 0.13701570849
3720.0625 0.137010496176
3728.0625 0.137010364556
3736.0625 0.136976070568
3744.0625 0.136901589275
3752.0625 0.136901462049
3760.0625 0.136901333898
3768.0625 0.136901207135
3776.0625 0.136893433656
3784.0625 0.13688768792
3792.0625 0.136887555605
3800.0625 0.136882006028
3808.0625 0.136776872404
3816.0625 0.136776744484
3824.0625 0.136776615639
3832.0625 0.136776488183
3840.0625 0.13676894741
3848.0625 0.13676272932
3856.0625 0.136762596312
3864.0625 0.136762467236
3872.0625 0.136650002877
3880.0625 0.136649873569
3888.0625 0.136649746113
3896.0625 0.136649616343
3904.0625 0.136642489631
3912.0625 0.13663561714
3920.0625 0.13663548575
3928.0625 0.136635355286
3936.0625 0.136520982313
3944.0625 0.136520852775
3952.0625 0.136520722773
3960.0625 0.136520592541
3968.0625 0.136514118843
3976.0625 0.136506354154
3984.0625 0.13650622022
3992.0625 0.136506088831
4000.0625 0.136389808631
4008.0625 0.136389676085
4016.0625 0.136389547935
4024.0625 0.136389417471
4032.0625 0.136382994432
4040.0625 0.136374936892
4048.0625 0.136374803421
4056.0625 0.136374672495
4064.0625 0.136256482293
4072.0625 0.136256351829
4080.0625 0.136256221365
4088.0625 0.136256087663
4096.0625 0.136241367438
4112.0625 0.13624110119
4128.0625 0.136120870753
4144.0625 0.136120606818
4160.0625 0.13610564741
4176.0625 0.136105378385
4192.0625 0.135983237022
4208.0625 0.135982969386
4224.0625 0.135967773569
4240.0625 0.135967504544
4256.0625 0.135843453873
4272.0625 0.135843182073
4288.0625 0.135827747766
4304.0625 0.135827477354
4320.0625 0.135701515754
4336.0625 0.135701240947
4352.0625 0.135685569307
4368.0625 0.135685295425
4384.0625 0.135557427525
4400.0625 0.135557146472
4416.0625 0.135541237035
4432.0625 0.135540962691
4448.0625 0.135411184095
4464.0625 0.135410898878
4480.0625 0.13539475072
4496.0625 0.135394474525
4512.0625 0.135262785927
4528.0625 0.13526249724
4544.0625 0.135246111518
4560.0625 0.135245832778
4576.0625 0.135112233715
4592.0625 0.135111944335
4608.0625 0.135095317578
4624.0625 0.135095038607
4640.0625 0.134959529773
4656.0625 0.134959237154
4672.0625 0.134942376533
4688.0625 0.134942092242
4704.0625 0.134804668779
4720.0625 0.134804376855
4736.0625 0.134787275893
4752.0625 0.134786991371
4768.0625 0.134647656981
4784.0625 0.134647361355
4800.0625 0.134630022135
4816.0625 0.134629735762
4832.0625 0.134488487206
4848.0625 0.134488194124
4864.0625 0.134470614564
4880.0625 0.13447032634
4896.0625 0.134327167782
4912.0625 0.134326870537
4928.0625 0.13430905318
4944.0625 0.134308760561
4960.0625 0.13416369177
4976.0625 0.134163393137
4992.0625 0.134145337059
5008.0625 0.134145042821
5024.0625 0.133998058707
5040.0625 0.133997761693
5056.0625 0.133979464812
5072.0625 0.133979167335
5088.0625 0.133830275532
5104.0625 0.133829974355
5120.0625 0.13381144014
5136.0625 0.133811138269
5152.0625 0.133660338545
5168.0625 0.133660033435
5184.0625 0.133641258649
5200.0625 0.133640953308
5216.0625 0.133488243582
5232.0625 0.133487940323
5248.0625 0.133468924502
5264.0625 0.133468612915
5280.0625 0.133315151171
5296.0625 0.133313684376
5312.0625 0.133294433303
5328.0625 0.133294116859
5344.0625 0.133160342456
5360.0625 0.133137276005
5376.0625 0.133117784823
5392.0625 0.133117465371
5408.0625 0.133009879996
5424.0625 0.132958715903
5440.0625 0.132938982067
5456.0625 0.132938658683
5472.0625 0.132853467314
5488.0625 0.132777992967
5504.0625 0.132758019254
5520.0625 0.132757694713
5536.0625 0.132690000554
5552.0625 0.132595117607
5568.0625 0.132574902396
5584.0625 0.13257457693
5600.0625 0.132545405504
5616.0625 0.132410085889
5632.0625 0.132389627099
5648.0625 0.132389303253
5664.0625 0.132380858947
5680.0625 0.132222897121
5696.0625 0.132202197065
5712.0625 0.13220186651
5728.0625 0.132201540119
5744.0625 0.132033549914
5760.0625 0.132012610905
5776.0625 0.132012277806
5792.0625 0.132011947713
5808.0625 0.131842043342
5824.0625 0.131820860292
5840.0625 0.131820527886
5856.0625 0.131820194787
5872.0625 0.131648379257
5888.0625 0.131626958642
5904.0625 0.131626620453
5920.0625 0.131626287585
5936.0625 0.131452558815
5952.0625 0.131430897397
5968.0625 0.131430558052
5984.0625 0.131430221482
6000.0625 0.131254576927
6016.0625 0.131232679563
6032.0625 0.131232336748
6048.0625 0.131231996709
6064.0625 0.131054436368
6080.0625 0.131032300515
6096.0625 0.13103195423
6112.0625 0.131031607714
6128.0625 0.130852138528
6144.0625 0.130829763259
6160.0625 0.130829412347
6176.0625 0.130829059123
6192.0625 0.130647679472
6208.0625 0.130625061549
6224.0625 0.130624709713
6240.0625 0.1306243514
6256.0625 0.130441059433
6272.0625 0.130418204177
6288.0625 0.130417843319
6304.0625 0.130417481305
6320.0625 0.130232282806
6336.0625 0.130209185359
6352.0625 0.130208822419
6368.0625 0.130208455084
6384.0625 0.130021344039
6400.0625 0.129998005326
6416.0625 0.129997640304
6432.0625 0.129997266724
6448.0625 0.129808243595
6464.0625 0.129784663847
6480.0625 0.129784293505
6496.0625 0.129783915761
6512.0625 0.129592979853
6528.0625 0.129569160228
6544.0625 0.129568783871
6560.0625 0.129568399188
6576.0625 0.129375553741
6592.0625 0.129351490767
6608.0625 0.129351107934
6624.0625 0.129350722788
6640.0625 0.129155965257
6656.0625 0.129131895575
6672.0625 0.129131269395
6688.0625 0.129130876383
6704.0625 0.128934209776
6720.0625 0.128910658711
6736.0625 0.128909264782
6752.0625 0.128908877323
6768.0625 0.128710291692
6784.0625 0.12868775288
6800.0625 0.128685098724
6816.0625 0.12868469993
6832.0625 0.128484206147
6848.0625 0.128461772817
6864.0625 0.128458760579
6880.0625 0.128458362248
6896.0625 0.128255953836
6912.0625 0.128234928777
6928.0625 0.128230262145
6944.0625 0.12822985456
6960.0625 0.128025532909
6976.0625 0.128005030631
6992.0625 0.127999589773
7008.0625 0.127999178256
7024.0625 0.127795179526
7040.0625 0.127772969187
7056.0625 0.127766751098
7072.0625 0.127766329866
7088.0625 0.127583616891
7104.0625 0.127538674358
7120.0625 0.127531740798
7136.0625 0.127531315171
7152.0625 0.127373662387
7168.0625 0.127302255556
7184.0625 0.127294557718
7200.0625 0.127294123301
7216.0625 0.127161696563
7232.0625 0.127063731056
7248.0625 0.127055198619
7264.0625 0.127054753329
7280.0625 0.126940915629
7296.0625 0.126823148741
7312.0625 0.12681366697
7328.0625 0.126813212428
7344.0625 0.126717445841
7360.0625 0.126580523878
7376.0625 0.126569953288
7392.0625 0.12656949782
7408.0625 0.12650256794
7424.0625 0.126326784593
7440.0625 0.126324039992
7456.0625 0.12632357666
7472.0625 0.126291710366
7488.0625 0.126083036907
7504.0625 0.126075961549
7520.0625 0.126075472772
7536.0625 0.126062505483
7552.0625 0.125829936295
7568.0625 0.125825700378
7584.0625 0.125825195177
7600.0625 0.125824704781
7616.0625 0.12557907647
7632.0625 0.125573229416
7648.0625 0.125572725372
7664.0625 0.12557222711
7680.0625 0.125324515308
7696.0625 0.125318587755
7712.0625 0.125318080241
7728.0625 0.125317547051
7744.0625 0.125067786917
7760.0625 0.12506173931
7776.0625 0.125061197329
7792.0625 0.125060662519
7808.0625 0.124810858435
7824.0625 0.124802655627
7840.0625 0.124802107401
7856.0625 0.124801559869
7872.0625 0.124550161996
7888.0625 0.124541386673
7904.0625 0.12454080213
7920.0625 0.12454021643
7936.0625 0.124287018431
7952.0625 0.124277867909
7968.0625 0.124277260002
7984.0625 0.124276661348
8000.0625 0.124020980833
8016.0625 0.124012073658
8032.0625 0.124011432904
8048.0625 0.124010790993
8064.0625 0.123757789617
8080.0625 0.123743989811
8096.0625 0.123743299092
8112.0625 0.123742617625
8128.0625 0.123484104839
8144.0625 0.123473493073
8160.0625 0.123472707051
8176.0625 0.123471960815
8192.0625 0.12317036507
8224.0625 0.123169410878
8256.0625 0.12289667289
8288.0625 0.122896389986
8320.0625 0.122866067748
8352.0625 0.122865777905
8384.0625 0.122835188494
8416.0625 0.122834908829
8448.0625 0.122804098739
8480.0625 0.122803835035
8512.0625 0.122772764479
8544.0625 0.122772492217
8576.0625 0.122741204915
8608.0625 0.122740935891
8640.0625 0.122709385579
8672.0625 0.122709112854
8704.0625 0.122677339782
8736.0625 0.122677077466
8768.0625 0.122645069143
8800.0625 0.12264480035
8832.0625 0.122612554693
8864.0625 0.122612293534
8896.0625 0.12257978533
8928.0625 0.122579515612
8960.0625 0.122546800609
8992.0625 0.122546530659
9024.0625 0.122513584337
9056.0625 0.122513316469
9088.0625 0.122480121247
9120.0625 0.122479834412
9152.0625 0.122446410415
9184.0625 0.122446120572
9216.0625 0.122412453691
9248.0625 0.122412174257
9280.0625 0.122378296181
9312.0625 0.122378001712
9344.0625 0.12234387011
9376.0625 0.122343597385
9408.0625 0.122309198147
9440.0625 0.122308924728
9472.0625 0.122274327018
9504.0625 0.12227404157
9536.0625 0.122239183395
9568.0625 0.122238912983
9600.0625 0.122203806371
9632.0625 0.122203531332
9664.0625 0.122168216302
9696.0625 0.122167938488
9728.0625 0.122132383117
9760.0625 0.122132109466
9792.0625 0.122096284608
9824.0625 0.122096018823
9856.0625 0.122059974443
9888.0625 0.12205969871
9920.0625 0.122023425325
9952.0625 0.122023136176
9984.0625 0.121986635403
10016.0625 0.121986357127
10048.0625 0.12194959612
10080.0625 0.121949319694
10112.0625 0.12191232945
10144.0625 0.121912053949
10176.0625 0.12187482776
10208.0625 0.121874546476
10240.0625 0.121837090124
10272.0625 0.121836816011
10304.0625 0.121799107059
10336.0625 0.121798831095
10368.0625 0.121760901927
10400.0625 0.121760622725
10432.0625 0.121722431472
10464.0625 0.121722153889
10496.0625 0.121683751211
10528.0625 0.121683484268
10560.0625 0.121644829221
10592.0625 0.121644550481
10624.0625 0.121605665734
10656.0625 0.121605386763
10688.0625 0.12156626792
10720.0625 0.121565979234
10752.0625 0.121526611492
10784.0625 0.121526326045
10816.0625 0.121486738318
10848.0625 0.121486469988
10880.0625 0.1214466329
10912.0625 0.121446348146
10944.0625 0.121406282283
10976.0625 0.121406006088
11008.0625 0.121365689012
11040.0625 0.121365408422
11072.0625 0.121324854245
11104.0625 0.121324566021
11136.0625 0.121283778674
11168.0625 0.121283512194
11200.0625 0.121242481267
11232.0625 0.121242198364
11264.0625 0.121200942827
11296.0625 0.121200668251
11328.0625 0.121159174686
11360.0625 0.12115889479
11392.0625 0.121117147931
11424.0625 0.121116861095
11456.0625 0.121074918309
11488.0625 0.121074623146
11520.0625 0.121032420356
11552.0625 0.121032142773
11584.0625 0.120989682989
11616.0625 0.120989401011
11648.0625 0.120946717309
11680.0625 0.120946452911
11712.0625 0.120903519616
11744.0625 0.120903224222
11776.0625 0.120860071173
11808.0625 0.120859793128
11840.0625 0.120816393956
11872.0625 0.120816120306
11904.0625 0.120772500455
11936.0625 0.120772215007
11968.0625 0.120728334229
12000.0625 0.120728043461
12032.0625 0.12068395357
12064.0625 0.120683656557
12096.0625 0.120639311521
12128.0625 0.120639036482
12160.0625 0.12059446059
12192.0625 0.120594168203
12224.0625 0.120549358678
12256.0625 0.120549083408
12288.0625 0.120504022671
12320.0625 0.120503747402
12352.0625 0.120458462979
12384.0625 0.120458171517
12416.0625 0.120412629173
12448.0625 0.120412341181
12480.0625 0.120366573532
12512.0625 0.120366281145
12544.0625 0.120320290042
12576.0625 0.120319993028
12608.0625 0.120273779859
12640.0625 0.120273481226
12672.0625 0.120227013375
12704.0625 0.120226721219
12736.0625 0.120180017884
12768.0625 0.12017973128
12800.0625 0.120132782747
12832.0625 0.120132494755
12864.0625 0.120085281131
12896.0625 0.120084995914
12928.0625 0.120037571327
12960.0625 0.120037287961
12992.0625 0.119989623264
13024.0625 0.119989340823
13056.0625 0.119941441106
13088.0625 0.119941154733
13120.0625 0.119893023003
13152.0625 0.119892733392
13184.0625 0.119844367335
13216.0625 0.119844079574
13248.0625 0.119795450739
13280.0625 0.119795154188
13312.0625 0.119746320867
13344.0625 0.119746010437
13376.0625 0.119696964996
13408.0625 0.119696654335
13440.0625 0.119647310724
13472.0625 0.119647028514
13504.0625 0.119597493602
13536.0625 0.119597191037
13568.0625 0.119547399592
13600.0625 0.119547091475
13632.0625 0.119497076344
13664.0625 0.119496756661
13696.0625 0.1194467834
13728.0625 0.119446195618
13760.0625 0.11939573728
13792.0625 0.119395416903
13824.0625 0.119345136681
13856.0625 0.11934435621
13888.0625 0.11929339961
13920.0625 0.119293081315
13952.0625 0.119241904731
13984.0625 0.119241594995
14016.0625 0.119190659908
14048.0625 0.119189848209
14080.0625 0.119138510859
14112.0625 0.119137833094
14144.0625 0.119086669001
14176.0625 0.119085603545
14208.0625 0.119034497513
14240.0625 0.11903316419
14272.0625 0.118980843964
14304.0625 0.118980464601
14336.0625 0.118928285248
14368.0625 0.118927527216
14400.0625 0.118874946987
14432.0625 0.118874339774
14464.0625 0.118821701485
14496.0625 0.118820940214
14528.0625 0.118768819848
14560.0625 0.118767280881
14592.0625 0.118714429316
14624.0625 0.118713394856
14656.0625 0.118660229853
14688.0625 0.11865928769
14720.0625 0.118606214521
14752.0625 0.118604931856
14784.0625 0.118553378916
14816.0625 0.118550313012
14848.0625 0.118499638159
14880.0625 0.118495465162
14912.0625 0.118442641355
14944.0625 0.118440388769
14976.0625 0.118390120807
15008.0625 0.118385064864
15040.0625 0.118331988225
15072.0625 0.118329523519
15104.0625 0.118277653903
15136.0625 0.118273750856
15168.0625 0.118221131303
15200.0625 0.118217729524
15232.0625 0.118166474523
15264.0625 0.118161475022
15296.0625 0.118112539227
15328.0625 0.118104979486
15360.0625 0.118053344659
15392.0625 0.118048228805
15424.0625 0.117997166955
15456.0625 0.11799126184
15488.0625 0.117942223108
15520.0625 0.11793403788
15552.0625 0.117882474762
15584.0625 0.117876580287
15616.0625 0.117825087953
15648.0625 0.117818913582
15680.0625 0.11776804072
15712.0625 0.117760982942
15744.0625 0.117710154031
15776.0625 0.117702807104
15808.0625 0.117652780176
15840.0625 0.117644411281
15872.0625 0.117595100286
15904.0625 0.117585793391
15936.0625 0.11753558696
15968.0625 0.117526916425
16000.0625 0.117478397004
16032.0625 0.117467788939
16064.0625 0.117419074516
16096.0625 0.117408438694
16128.0625 0.117361222987
16160.0625 0.117348871702
16192.0625 0.117304790139
16224.0625 0.117289041238
16256.0625 0.117244258777
16288.0625 0.117228995415
16320.0625 0.117181747324
16352.0625 0.117168683576
16384.0625 0.117108159617
16448.0625 0.117047371723
16512.0625 0.116986372634
16576.0625 0.116925110536
16640.0625 0.116863623133
16704.0625 0.116801906261
16768.0625 0.116739929386
16832.0625 0.116677733915
16896.0625 0.116615294634
16960.0625 0.116552624033
17024.0625 0.116489702914
17088.0625 0.116426570137
17152.0625 0.116363176202
17216.0625 0.116299555111
17280.0625 0.116235688821
17344.0625 0.116171583117
17408.0625 0.116107271307
17472.0625 0.116042684921
17536.0625 0.115977869992
17600.0625 0.115912827214
17664.0625 0.115847551266
17728.0625 0.115782024568
17792.0625 0.115716263774
17856.0625 0.115650253619
17920.0625 0.115584035046
17984.0625 0.115517586541
18048.0625 0.11545081789
18112.0625 0.115383869968
18176.0625 0.115316720566
18240.0625 0.115249278777
18304.0625 0.115181650544
18368.0625 0.115113736632
18432.0625 0.115045586081
18496.0625 0.114977210226
18560.0625 0.114908604438
18624.0625 0.114839752065
18688.0625 0.114770673924
18752.0625 0.114701317969
18816.0625 0.114631758684
18880.0625 0.114561986818
18944.0625 0.114491942688
19008.0625 0.114421656599
19072.0625 0.114351148674
19136.0625 0.114280389769
19200.0625 0.114209462925
19264.0625 0.114138196043
19328.0625 0.114066715421
19392.0625 0.113995049282
19456.0625 0.113923106485
19520.0625 0.113850940696
19584.0625 0.113778535955
19648.0625 0.113705846922
19712.0625 0.113632958724
19776.0625 0.113559862801
19840.0625 0.113486491145
19904.0625 0.113412914773
19968.0625 0.113339043699
20032.0625 0.113264956342
20096.0625 0.11319065756
20160.0625 0.113116123063
20224.0625 0.11304133666
20288.0625 0.11296633166
20352.0625 0.112891039362
20416.0625 0.112815533788
20480.0625 0.112739834136
20544.0625 0.112663816421
20608.0625 0.112587606711
20672.0625 0.112511184651
20736.0625 0.112434482
20800.0625 0.112357537851
20864.0625 0.11228039153
20928.0625 0.112203020367
20992.0625 0.112125363756
21056.0625 0.112047451537
21120.0625 0.111969381096
21184.0625 0.111891009709
21248.0625 0.111812433604
21312.0625 0.111733594027
21376.0625 0.111654545106
21440.0625 0.111575230862
21504.0625 0.111495711438
21568.0625 0.111415955374
21632.0625 0.111335918951
21696.0625 0.111255688452
21760.0625 0.111175165797
21824.0625 0.111094438193
21888.0625 0.111013476725
21952.0625 0.110932307302
22016.0625 0.110850859139
22080.0625 0.11076917156
22144.0625 0.110687268161
22208.0625 0.110605126734
22272.0625 0.110522739878
22336.0625 0.11044008793
22400.0625 0.110357225019
22464.0625 0.11027413102
22528.0625 0.110190795293
22592.0625 0.110107196556
22656.0625 0.110023427568
22720.0625 0.109939348381
22784.0625 0.109855059618
22848.0625 0.109770558505
22912.0625 0.109685798777
22976.0625 0.109600752214
23040.0625 0.109515546965
23104.0625 0.109430096287
23168.0625 0.109344316441
23232.0625 0.109258389708
23296.0625 0.109172198809
23360.0625 0.109085790469
23424.0625 0.108999088817
23488.0625 0.108912200722
23552.0625 0.108825077144
23616.0625 0.108737648455
23680.0625 0.108650047666
23744.0625 0.108562197514
23808.0625 0.108474139869
23872.0625 0.108385805335
23936.0625 0.108297235318
24000.0625 0.108208399747
24064.0625 0.108119386986
24128.0625 0.108030110057
24192.0625 0.10794060181
24256.0625 0.107850823382
24320.0625 0.107760829133
24384.0625 0.107670607035
24448.0625 0.107580123778
24512.0625 0.107489473971
24576.0625 0.107398498929
24640.0625 0.10730732102
24704.0625 0.107215924977
24768.0625 0.107124231689
24832.0625 0.107032372314
24896.0625 0.106940178683
24960.0625 0.106847823822
25024.0625 0.106755261237
25088.0625 0.106662420144
25152.0625 0.106569303087
25216.0625 0.106476005138
25280.0625 0.106382471244
25344.0625 0.10628863409
25408.0625 0.106194646116
25472.0625 0.106100372695
25536.0625 0.106005856157
25600.0625 0.105911101591
25664.0625 0.105816124266
25728.0625 0.105720932276
25792.0625 0.105625428699
25856.0625 0.105529753946
25920.0625 0.105433842091
25984.0625 0.105337657511
26048.0625 0.105241259654
26112.0625 0.105144620995
26176.0625 0.105047701745
26240.0625 0.10495062381
26304.0625 0.104853268524
26368.0625 0.104755659943
26432.0625 0.10465782652
26496.0625 0.104559737951
26560.0625 0.104461396089
26624.0625 0.104362901556
26688.0625 0.104264102375
26752.0625 0.104165094313
26816.0625 0.104065828793
26880.0625 0.103966362026
26944.0625 0.103866619989
27008.0625 0.10376663229
27072.0625 0.103666425995
27136.0625 0.103566007581
27200.0625 0.10346542493
27264.0625 0.103364470549
27328.0625 0.103263337821
27392.0625 0.103162046871
27456.0625 0.103060422127
27520.0625 0.102958596598
27584.0625 0.102856479376
27648.0625 0.102754274715
27712.0625 0.102651534781
27776.0625 0.102549015526
27840.0625 0.102445488877
27904.0625 0.102342780634
27968.0625 0.102239291921
28032.0625 0.102135329003
28096.0625 0.102031076474
28160.0625 0.101927314804
28224.0625 0.101822199454
28288.0625 0.101717533557
28352.0625 0.101613522063
28416.0625 0.101507651225
28480.0625 0.101403235153
28544.0625 0.101296833206
28608.0625 0.101192062985
28672.0625 0.101085635824
28736.0625 0.100978632679
28800.0625 0.100872955687
28864.0625 0.100766559754
28928.0625 0.100658917706
28992.0625 0.100551422082
29056.0625 0.100443520031
29120.0625 0.100337147924
29184.0625 0.100228440882
29248.0625 0.100121146738
29312.0625 0.100012053393
29376.0625 0.0999038998975
29440.0625 0.0997946971386
29504.0625 0.099686452041
29568.0625 0.0995760547501
29632.0625 0.0994682306534
29696.0625 0.0993574324864
29760.0625 0.0992470303378
29824.0625 0.0991388678212
29888.0625 0.0990279396529
29952.0625 0.098916976324
30016.0625 0.0988076879771
30080.0625 0.098695469048
30144.0625 0.0985832059369
30208.0625 0.0984721544755
30272.0625 0.0983609239731
30336.0625 0.0982497496812
30400.0625 0.0981368136628
30464.0625 0.0980230738103
30528.0625 0.0979117519368
30592.0625 0.0977999720515
30656.0625 0.097685803796
30720.0625 0.0975740905305
30784.0625 0.0974589808061
30848.0625 0.0973455955659
30912.0625 0.0972294462933
30976.0625 0.0971157693596
31040.0625 0.0970016998774
31104.0625 0.0968873858908
31168.0625 0.0967725475038
31232.0625 0.0966575601472
31296.0625 0.0965414874412
31360.0625 0.0964287989343
31424.0625 0.0963101817177
31488.0625 0.0961930736273
31552.0625 0.0960771584496
31616.0625 0.0959609083219
31680.0625 0.0958451416511
31744.0625 0.0957274122374
31808.0625 0.0956108375689
31872.0625 0.0954964005206
31936.0625 0.0953742540679
32000.0625 0.0952551404405
32064.0625 0.0951416966766
32128.0625 0.0950193554532
32192.0625 0.0949035783731
32256.0625 0.0947812857268
32320.0625 0.0946662336008
32384.0625 0.094545606915
32448.0625 0.0944250445358
32512.0625 0.0943049829625
32576.0625 0.0941889539759
32640.0625 0.0940675583852
32704.0625 0.093947082982
32768.0625 0.0937072621697
32896.0625 0.093456407203
33024.0625 0.0932181963719
33152.0625 0.0929688819907
33280.0625 0.092725616605
33408.0625 0.0924802383504
33536.0625 0.0922313637069
33664.0625 0.0919820511762
33792.0625 0.0917324959918
33920.0625 0.0914838281477
34048.0625 0.0912336874945
34176.0625 0.0909810786662
34304.0625 0.0907265026998
34432.0625 0.0904715996482
34560.0625 0.0902109631204
34688.0625 0.0899563186836
34816.0625 0.0896996458093
34944.0625 0.0894497205143
35072.0625 0.0891849156156
35200.0625 0.0889268731006
35328.0625 0.0886618729686
35456.0625 0.0884028445714
35584.0625 0.0881390745946
35712.0625 0.0878785354521
35840.0625 0.0876136752682
35968.0625 0.0873482626941
36096.0625 0.0870837673004
36224.0625 0.0868153737165
36352.0625 0.0865482435978
36480.0625 0.0862806288655
36608.0625 0.0860073745726
36736.0625 0.08573997196
36864.0625 0.0854656991689
36992.0625 0.0851921261182
37120.0625 0.0849206788904
37248.0625 0.0846486003926
37376.0625 0.0843706905707
37504.0625 0.0840951654178
37632.0625 0.0838172338518
37760.0625 0.0835403270297
37888.0625 0.0832618169346
38016.0625 0.0829809691282
38144.0625 0.0827026989111
38272.0625 0.0824216986654
38400.0625 0.0821375982807
38528.0625 0.0818536693034
38656.0625 0.0815691349639
38784.0625 0.0812828155346
38912.0625 0.0809983771926
39040.0625 0.0807107128738
39168.0625 0.0804207730687
39296.0625 0.0801321161595
39424.0625 0.0798426017503
39552.0625 0.0795524431173
39680.0625 0.0792599840154
39808.0625 0.0789636739124
39936.0625 0.0786717907952
40064.0625 0.0783769625227
40192.0625 0.0780797118761
40320.0625 0.0777824755714
40448.0625 0.0774849792639
40576.0625 0.0771852257442
40704.0625 0.0768848775031
40832.0625 0.0765844628733
40960.0625 0.0762816644998
41088.0625 0.0759799334329
41216.0625 0.0756737013581
41344.0625 0.0753704819837
41472.0625 0.0750619633192
41600.0625 0.0747565223559
41728.0625 0.0744480016095
41856.0625 0.0741378361841
41984.0625 0.0738280526665
42112.0625 0.0735171127846
42240.0625 0.073203586292
42368.0625 0.0728909665705
42496.0625 0.0725764528078
42624.0625 0.0722611389123
42752.0625 0.071945955712
42880.0625 0.0716276779243
43008.0625 0.0713100496808
43136.0625 0.070990469335
43264.0625 0.0706704436999
43392.0625 0.0703494206166
43520.0625 0.0700272580553
43648.0625 0.0697039784538
43776.0625 0.0693798785947
43904.0625 0.0690546232964
44032.0625 0.068728339322
44160.0625 0.0684011832744
44288.0625 0.0680730078033
44416.0625 0.0677439114508
44544.0625 0.0674137665285
44672.0625 0.0670827930212
44800.0625 0.0667507633106
44928.0625 0.0664178439466
45056.0625 0.0660838838778
45184.0625 0.0657490082479
45312.0625 0.0654132318612
45440.0625 0.06507652881
45568.0625 0.0647387526694
45696.0625 0.0644001682997
45824.0625 0.0640605022816
45952.0625 0.0637199604894
46080.0625 0.0633783622626
46208.0625 0.0630358917313
46336.0625 0.0626925148916
46464.0625 0.0623480813861
46592.0625 0.062002740647
46720.0625 0.0616564510367
46848.0625 0.0613091903487
46976.0625 0.0609609780137
47104.0625 0.0606118017719
47232.0625 0.0602617321755
47360.0625 0.0599106299705
47488.0625 0.0595586499094
47616.0625 0.059205631688
47744.0625 0.0588517360731
47872.0625 0.05849685527
48000.0625 0.0581410408628
48128.0625 0.0577841984733
48256.0625 0.0574264703629
48384.0625 0.0570678086484
48512.0625 0.0567080985956
48640.0625 0.0563475002773
48768.0625 0.0559858964147
48896.0625 0.0556234424542
49024.0625 0.0552599750846
49152.0625 0.0548954959251
49280.0625 0.0545301331264
49408.0625 0.054163788378
49536.0625 0.0537964568222
49664.0625 0.0534282254349
49792.0625 0.053059068771
49920.0625 0.0526888554413
50048.0625 0.052317773277
50176.0625 0.0519456941271
50304.0625 0.0515727255551
50432.0625 0.0511986630749
50560.0625 0.0508237470271
50688.0625 0.0504478920549
50816.0625 0.0500709804169
50944.0625 0.0496932140546
51072.0625 0.0493144585718
51200.0625 0.0489347095732
51328.0625 0.0485540459387
51456.0625 0.0481724678996
51584.0625 0.0477898977328
51712.0625 0.0474062963453
51840.0625 0.0470217865674
51968.0625 0.0466363600719
52096.0625 0.0462500048299
52224.0625 0.0458625950041
52352.0625 0.0454743688529
52480.0625 0.045085015715
52608.0625 0.044694781945
52736.0625 0.0443036342332
52864.0625 0.0439114122752
52992.0625 0.0435183610382
53120.0625 0.0431242929222
53248.0625 0.0427292754724
53376.0625 0.0423332647383
53504.0625 0.0419363620375
53632.0625 0.0415384292726
53760.0625 0.0411396248972
53888.0625 0.0407397726462
54016.0625 0.0403391054577
54144.0625 0.0399373304819
54272.0625 0.0395346510483
54400.0625 0.0391310687761
54528.0625 0.038726506636
54656.0625 0.0383209329373
54784.0625 0.0379145089094
54912.0625 0.0375071256011
55040.0625 0.0370987298088
55168.0625 0.0366892537562
55296.0625 0.0362793846924
55424.0625 0.0358679664843
55552.0625 0.0354560983605
55680.0625 0.0350427016798
55808.0625 0.0346288858488
55936.0625 0.0342140094196
56064.0625 0.0337977721398
56192.0625 0.0333814330797
56320.0625 0.0329633433962
56448.0625 0.0325447135826
56576.0625 0.0321242096214
56704.0625 0.0317036341825
56832.0625 0.0312817432316
56960.0625 0.030859403753
57088.0625 0.030436655996
57216.0625 0.0300111900079
57344.0625 0.0295857321159
57472.0625 0.0291593755491
57600.0625 0.0287320219967
57728.0625 0.0283031727348
57856.0625 0.0278737528086
57984.0625 0.0274447182601
58112.0625 0.0270148673863
58240.0625 0.0265811481626
58368.0625 0.0261475179967
58496.0625 0.0257144076049
58624.0625 0.0252791804117
58752.0625 0.0248438606908
58880.0625 0.0244075715114
59008.0625 0.0239698402885
59136.0625 0.0235298557859
59264.0625 0.0230903968403
59392.0625 0.0226504461102
59520.0625 0.0222079483251
59648.0625 0.0217660533577
59776.0625 0.0213240459692
59904.0625 0.0208786224596
60032.0625 0.0204319366414
60160.0625 0.0199862422571
60288.0625 0.0195410519172
60416.0625 0.01909096085
60544.0625 0.0186441498882
60672.0625 0.0181925793038
60800.0625 0.0177394445394
60928.0625 0.017290963916
61056.0625 0.0168362830145
61184.0625 0.0163810834954
61312.0625 0.0159274005046
61440.0625 0.0154703411796
61568.0625 0.0150147012289
61696.0625 0.0145575169916
61824.0625 0.0140963876063
61952.0625 0.0136394837278
62080.0625 0.0131806379251
62208.0625 0.0127181791488
62336.0625 0.0122537051201
62464.0625 0.0117879252949
62592.0625 0.0113225609188
62720.0625 0.0108632115343
62848.0625 0.0103927708598
62976.0625 0.00992533085706
63104.0625 0.00945501555745
63232.0625 0.00898975226786
63360.0625 0.00851641362709
63488.0625 0.00804643420287
63616.0625 0.00757371850455
63744.0625 0.00709977635214
63872.0625 0.00662680920991
64000.0625 0.00615377452249
64128.0625 0.00567366725237
64256.0625 0.00519716023334
64384.0625 0.00472002356361
64512.0625 0.00423872384332
64640.0625 0.0037600185985
64768.0625 0.00327616326435
64896.0625 0.00279413442613
65024.0625 0.00231019396654
65152.0625 0.00182484269151
65280.0625 0.00134089436707
65408.0625 0.000852499163476
65536.0625 6.06981423348e-05
