0 1
0.0625 0.74844856298
0.125 0.745926561025
0.1875 0.498235474309
0.25 0.498129909738
16.0 0.498129909506
16.0625 0.498099540396
64.0625 0.49703249908
64.3125 0.497029776055
64.5625 0.497027057901
64.8125 0.497024339747
65.0625 0.497021621593
65.3125 0.497018903439
65.5625 0.497016185285
65.8125 0.497013467131
66.0625 0.497010748977
66.3125 0.497008030823
66.5625 0.497005312668
66.8125 0.497002594514
67.0625 0.49699987636
67.3125 0.496997158206
67.5625 0.496994440052
67.8125 0.496991721898
68.0625 0.496989003744
68.3125 0.49698628559
68.5625 0.496983567435
68.8125 0.496980849281
69.0625 0.496978131127
69.3125 0.496975412973
69.5625 0.496972694819
69.8125 0.496969976665
70.0625 0.496967258511
70.3125 0.496964540357
70.5625 0.496961822203
70.8125 0.496959104048
71.0625 0.496956385894
71.3125 0.49695366774
71.5625 0.496950949586
71.8125 0.496948231432
72.0625 0.496945513278
72.3125 0.496942795124
72.5625 0.49694007697
72.8125 0.496937358816
73.0625 0.496934640661
73.3125 0.496931922507
73.5625 0.496929204353
73.8125 0.496926486199
74.0625 0.496923768045
74.3125 0.496921049891
74.5625 0.496918331737
74.8125 0.496915613583
75.0625 0.496912895429
75.3125 0.496910177274
75.5625 0.49690745912
75.8125 0.496904740966
76.0625 0.496902022812
76.3125 0.496899304658
76.5625 0.496896586504
76.8125 0.49689386835
77.0625 0.496891150196
77.3125 0.496888432042
77.5625 0.496885713887
77.8125 0.496882995733
78.0625 0.496880277579
78.3125 0.496877559425
78.5625 0.496874841271
78.8125 0.496872123117
79.0625 0.496869404963
79.3125 0.496866686809
79.5625 0.496863968654
79.8125 0.496861249805
80.0625 0.49685853165
80.3125 0.496855813496
80.5625 0.496853095342
80.8125 0.496850377188
81.0625 0.496847659034
81.3125 0.49684494088
81.5625 0.496842222726
81.8125 0.496839504572
82.0625 0.496836786418
82.3125 0.496834068263
82.5625 0.496831350109
82.8125 0.496828631955
83.0625 0.496825913801
83.3125 0.496823195647
83.5625 0.496820477493
83.8125 0.496817759339
84.0625 0.496815041185
84.3125 0.496812323031
84.5625 0.496809604876
84.8125 0.496806886722
85.0625 0.496804168568
85.3125 0.496801450414
85.5625 0.49679873226
85.8125 0.496796014106
86.0625 0.496793295952
86.3125 0.496790577798
86.5625 0.496787859644
86.8125 0.496785141489
87.0625 0.496782423335
87.3125 0.496779705181
87.5625 0.496776987027
87.8125 0.496774268409
88.0625 0.496771550255
88.3125 0.496768832101
88.5625 0.496766113947
88.8125 0.496763395793
89.0625 0.496760677639
89.3125 0.496757959484
89.5625 0.49675524133
89.8125 0.496752523176
90.0625 0.496749805022
90.3125 0.496747086868
90.5625 0.496744368714
90.8125 0.49674165056
91.0625 0.496738932406
91.3125 0.496736214252
91.5625 0.496733496097
91.8125 0.496730777943
92.0625 0.496728059789
92.3125 0.496725341635
92.5625 0.496722623481
92.8125 0.496719905327
93.0625 0.496717187173
93.3125 0.496714469019
93.5625 0.496711750864
93.8125 0.49670903271
94.0625 0.496706314556
94.3125 0.496703596402
94.5625 0.496700878248
94.8125 0.496698160094
95.0625 0.49669544194
95.3125 0.496692723786
95.5625 0.496690005632
95.8125 0.496687287014
96.0625 0.496684568859
96.3125 0.496681850705
96.5625 0.496679132551
96.8125 0.496676414397
97.0625 0.496673696243
97.3125 0.496670978089
97.5625 0.496668259935
97.8125 0.496665541781
98.0625 0.496662823627
98.3125 0.496660105472
98.5625 0.496657387318
98.8125 0.496654669164
99.0625 0.49665195101
99.3125 0.496649232856
99.5625 0.496646514702
99.8125 0.496643796548
100.0625 0.496641078394
100.3125 0.49663836024
100.5625 0.496635642085
100.8125 0.496632923931
101.0625 0.496630205777
101.3125 0.496627487623
101.5625 0.496624769469
101.8125 0.496622051315
102.0625 0.496619333161
102.3125 0.496616615007
102.5625 0.496613896853
102.8125 0.496611178698
103.0625 0.496608460544
103.3125 0.49660574239
103.5625 0.496603024004
103.8125 0.496600305618
104.0625 0.496597587464
104.3125 0.49659486931
104.5625 0.496592151156
104.8125 0.496589433002
105.0625 0.496586714848
105.3125 0.496583996693
105.5625 0.496581278539
105.8125 0.496578560385
106.0625 0.496575842231
106.3125 0.496573124077
106.5625 0.496570405923
106.8125 0.496567687769
107.0625 0.496564969615
107.3125 0.496562251461
107.5625 0.496559533306
107.8125 0.496556815152
108.0625 0.496554096998
108.3125 0.496551378844
108.5625 0.49654866069
108.8125 0.496545942536
109.0625 0.496543224382
109.3125 0.496540506228
109.5625 0.496537788073
109.8125 0.496535069919
110.0625 0.496532351765
110.3125 0.496529633611
110.5625 0.496526915457
110.8125 0.496524197303
111.0625 0.496521479149
111.3125 0.496518760995
111.5625 0.496516042377
111.8125 0.496513324223
112.0625 0.496510606069
112.3125 0.496507887914
112.5625 0.49650516976
112.8125 0.496502451606
113.0625 0.496499733452
113.3125 0.496497015298
113.5625 0.496494297144
113.8125 0.49649157899
114.0625 0.496488860836
114.3125 0.496486142681
114.5625 0.496483424527
114.8125 0.496480706373
115.0625 0.496477988219
115.3125 0.496475270065
115.5625 0.496472551911
115.8125 0.496469833757
116.0625 0.496467115603
116.3125 0.496464397449
116.5625 0.496461679294
116.8125 0.49645896114
117.0625 0.496456242986
117.3125 0.496453524832
117.5625 0.496450806678
117.8125 0.496448088524
118.0625 0.49644537037
118.3125 0.496442652216
118.5625 0.496439934062
118.8125 0.496437215907
119.0625 0.496434497753
119.3125 0.496431779599
119.5625 0.496429060981
119.8125 0.496426342827
120.0625 0.496423624673
120.3125 0.496420906519
120.5625 0.496418188365
120.8125 0.496415470211
121.0625 0.496412752057
121.3125 0.496410033902
121.5625 0.496407315748
121.8125 0.496404597594
122.0625 0.49640187944
122.3125 0.496399161286
122.5625 0.496396443132
122.8125 0.496393724978
123.0625 0.496391006824
123.3125 0.49638828867
123.5625 0.496385570515
123.8125 0.496382852361
124.0625 0.496380134207
124.3125 0.496377416053
124.5625 0.496374697899
124.8125 0.496371979745
125.0625 0.496369261591
125.3125 0.496366543437
125.5625 0.496363825283
125.8125 0.496361107128
126.0625 0.496358388974
126.3125 0.49635567082
126.5625 0.496352952666
126.8125 0.496350234512
127.0625 0.496347516358
127.3125 0.496344798204
127.5625 0.496342079586
127.8125 0.4963393612
128.0625 0.140547690548
128.5625 0.140546965553
129.0625 0.140546957435
129.5625 0.140546953724
130.0625 0.140546950014
130.5625 0.140546946303
131.0625 0.140546942592
131.5625 0.140546938881
132.0625 0.14054693517
132.5625 0.14054693146
133.0625 0.140546927749
133.5625 0.140546924038
134.0625 0.140546920327
134.5625 0.140546916617
135.0625 0.140546912906
135.5625 0.140546908731
136.0625 0.14054690502
136.5625 0.14054690131
137.0625 0.140546897599
137.5625 0.140546893888
138.0625 0.140546890177
138.5625 0.140546886466
139.0625 0.140546882756
139.5625 0.140546879045
140.0625 0.140546875334
140.5625 0.140546871623
141.0625 0.140546867912
141.5625 0.140546864202
142.0625 0.140546860491
142.5625 0.14054685678
143.0625 0.140546852605
143.5625 0.140546848431
144.0625 0.140546844488
144.5625 0.140546840777
145.0625 0.140546837066
145.5625 0.140546833356
146.0625 0.140546829645
146.5625 0.140546825934
147.0625 0.140546822223
147.5625 0.140546818512
148.0625 0.140546814802
148.5625 0.140546811091
149.0625 0.14054680738
149.5625 0.140546803669
150.0625 0.140546799959
150.5625 0.140546796248
151.0625 0.140546792073
151.5625 0.14054678813
152.0625 0.140546784188
152.5625 0.140546780477
153.0625 0.140546776766
153.5625 0.140546773055
154.0625 0.140546769345
154.5625 0.140546765634
155.0625 0.140546761923
155.5625 0.140546758212
156.0625 0.140546754501
156.5625 0.140546750791
157.0625 0.14054674708
157.5625 0.140546743369
158.0625 0.140546739658
158.5625 0.140546735947
159.0625 0.140546731773
159.5625 0.14054672783
160.0625 0.140546723887
160.5625 0.140546720177
161.0625 0.140546716466
161.5625 0.140546712755
162.0625 0.140546709044
162.5625 0.140546705333
163.0625 0.140546701623
163.5625 0.140546697912
164.0625 0.140546694201
164.5625 0.14054669049
165.0625 0.140546686779
165.5625 0.140546683069
166.0625 0.140546679358
166.5625 0.140546675647
167.0625 0.14054667124
167.5625 0.14054666753
168.0625 0.140546663587
168.5625 0.140546659876
169.0625 0.140546656165
169.5625 0.140546652455
170.0625 0.140546648744
170.5625 0.140546645033
171.0625 0.140546641322
171.5625 0.140546637611
172.0625 0.140546633901
172.5625 0.14054663019
173.0625 0.140546626479
173.5625 0.140546622768
174.0625 0.140546619057
174.5625 0.140546615347
175.0625 0.14054661094
175.5625 0.140546606997
176.0625 0.140546603287
176.5625 0.140546599576
177.0625 0.140546595865
177.5625 0.140546592154
178.0625 0.140546588443
178.5625 0.140546584733
179.0625 0.140546581022
179.5625 0.140546577311
180.0625 0.1405465736
180.5625 0.14054656989
181.0625 0.140546566179
181.5625 0.140546562468
182.0625 0.140546558757
182.5625 0.140546555046
183.0625 0.14054655064
183.5625 0.140546546697
184.0625 0.140546542986
184.5625 0.140546539275
185.0625 0.140546535565
185.5625 0.140546531854
186.0625 0.140546528143
186.5625 0.140546524432
187.0625 0.140546520722
187.5625 0.140546517011
188.0625 0.1405465133
188.5625 0.140546509589
189.0625 0.140546505878
189.5625 0.140546502168
190.0625 0.140546498457
190.5625 0.140546494746
191.0625 0.140546490339
191.5625 0.140546485701
192.0625 0.140546244963
192.5625 0.140543981381
193.0625 0.140542655469
193.5625 0.14054264109
194.0625 0.140542637379
194.5625 0.140542633668
195.0625 0.140542629958
195.5625 0.140542626247
196.0625 0.140542622536
196.5625 0.140542618825
197.0625 0.140542615114
197.5625 0.140542611404
198.0625 0.140542607693
198.5625 0.140542603982
199.0625 0.140542599576
199.5625 0.140542595633
200.0625 0.140542591922
200.5625 0.140542588211
201.0625 0.1405425845
201.5625 0.14054258079
202.0625 0.140542577079
202.5625 0.140542573368
203.0625 0.140542569657
203.5625 0.140542565946
204.0625 0.140542562236
204.5625 0.140542558525
205.0625 0.140542554814
205.5625 0.140542551103
206.0625 0.140542547393
206.5625 0.140542542986
207.0625 0.140542539043
207.5625 0.140542534869
208.0625 0.140542531158
208.5625 0.140542527215
209.0625 0.140542523504
209.5625 0.140542519794
210.0625 0.140542516083
210.5625 0.140542512372
211.0625 0.140542508661
211.5625 0.14054250495
212.0625 0.14054250124
212.5625 0.140542497529
213.0625 0.140542493818
213.5625 0.140542490107
214.0625 0.140542486396
214.5625 0.14054248199
215.0625 0.140542478047
215.5625 0.140542474104
216.0625 0.140542470394
216.5625 0.140542466451
217.0625 0.14054246274
217.5625 0.140542459029
218.0625 0.140542455319
218.5625 0.140542451608
219.0625 0.140542447897
219.5625 0.140542444186
220.0625 0.140542440475
220.5625 0.140542436765
221.0625 0.140542433054
221.5625 0.140542429343
222.0625 0.140542425632
222.5625 0.140542421226
223.0625 0.140542417051
223.5625 0.14054241334
224.0625 0.140542409629
224.5625 0.140542405687
225.0625 0.140542401976
225.5625 0.140542398265
226.0625 0.140542394554
226.5625 0.140542390844
227.0625 0.140542387133
227.5625 0.140542383422
228.0625 0.140542379711
228.5625 0.140542376
229.0625 0.14054237229
229.5625 0.140542368579
230.0625 0.140542364868
230.5625 0.140542360461
231.0625 0.140542356287
231.5625 0.140542352576
232.0625 0.140542348633
232.5625 0.140542344922
233.0625 0.140542341212
233.5625 0.140542337501
234.0625 0.14054233379
234.5625 0.140542330079
235.0625 0.140542326369
235.5625 0.140542322658
236.0625 0.140542318947
236.5625 0.140542315236
237.0625 0.140542311525
237.5625 0.140542307815
238.0625 0.140542303872
238.5625 0.140542299465
239.0625 0.140542295523
239.5625 0.140542291812
240.0625 0.140542287869
240.5625 0.140542284158
241.0625 0.140542280448
241.5625 0.140542276737
242.0625 0.140542273026
242.5625 0.140542269315
243.0625 0.140542265604
243.5625 0.140542261894
244.0625 0.140542258183
244.5625 0.140542254472
245.0625 0.140542250761
245.5625 0.14054224705
246.0625 0.140542243108
246.5625 0.140542238469
247.0625 0.140542234758
247.5625 0.140542231048
248.0625 0.140542227105
248.5625 0.140542223394
249.0625 0.140542219683
249.5625 0.140542215973
250.0625 0.140542212262
250.5625 0.140542208551
251.0625 0.14054220484
251.5625 0.140542201129
252.0625 0.140542197419
252.5625 0.140542193708
253.0625 0.140542189997
253.5625 0.140542186286
254.0625 0.140542182343
254.5625 0.140542177705
255.0625 0.140542173994
255.5625 0.140542168892
256.0625 0.140541686953
257.0625 0.140536195447
258.0625 0.140536166456
259.0625 0.140536159035
260.0625 0.140536151613
261.0625 0.140536144191
262.0625 0.14053613561
263.0625 0.140536127957
264.0625 0.140536120535
265.0625 0.140536113114
266.0625 0.140536105692
267.0625 0.14053609827
268.0625 0.140536090849
269.0625 0.140536083195
270.0625 0.140536074846
271.0625 0.140536066729
272.0625 0.140536059307
273.0625 0.140536051654
274.0625 0.140536044232
275.0625 0.14053603681
276.0625 0.140536029389
277.0625 0.140536021735
278.0625 0.140536013386
279.0625 0.140536005501
280.0625 0.140535998079
281.0625 0.140535990426
282.0625 0.140535983004
283.0625 0.140535975582
284.0625 0.140535968161
285.0625 0.140535960507
286.0625 0.140535952158
287.0625 0.140535944273
288.0625 0.140535936619
289.0625 0.140535929197
290.0625 0.140535921776
291.0625 0.140535914354
292.0625 0.140535906933
293.0625 0.140535899047
294.0625 0.140535890466
295.0625 0.140535883045
296.0625 0.140535875391
297.0625 0.140535867969
298.0625 0.140535860548
299.0625 0.140535853126
300.0625 0.140535845705
301.0625 0.140535837587
302.0625 0.140535829238
303.0625 0.140535821816
304.0625 0.140535814163
305.0625 0.140535806741
306.0625 0.14053579932
307.0625 0.140535791898
308.0625 0.140535784477
309.0625 0.140535776359
310.0625 0.14053576801
311.0625 0.140535760588
312.0625 0.140535752935
313.0625 0.140535745513
314.0625 0.140535738092
315.0625 0.14053573067
316.0625 0.140535723249
317.0625 0.140535715131
318.0625 0.140535706782
319.0625 0.140535697737
320.0625 0.140534978075
321.0625 0.140533309147
322.0625 0.140527544666
323.0625 0.140527537245
324.0625 0.140527529359
325.0625 0.140527521242
326.0625 0.140527513356
327.0625 0.140527505703
328.0625 0.140527498281
329.0625 0.14052749086
330.0625 0.140527483438
331.0625 0.140527476016
332.0625 0.140527468131
333.0625 0.140527459782
334.0625 0.140527452128
335.0625 0.140527444011
336.0625 0.140527436589
337.0625 0.140527428936
338.0625 0.140527421514
339.0625 0.140527414093
340.0625 0.140527406207
341.0625 0.140527397626
342.0625 0.140527390204
343.0625 0.140527382319
344.0625 0.140527374897
345.0625 0.140527367244
346.0625 0.140527359822
347.0625 0.140527352401
348.0625 0.140527344515
349.0625 0.140527335934
350.0625 0.140527328513
351.0625 0.140527320627
352.0625 0.140527313206
353.0625 0.140527305552
354.0625 0.14052729813
355.0625 0.140527290709
356.0625 0.140527282592
357.0625 0.140527274242
358.0625 0.140527266357
359.0625 0.140527258935
360.0625 0.140527251514
361.0625 0.14052724386
362.0625 0.140527236439
363.0625 0.140527229017
364.0625 0.140527220668
365.0625 0.14052721255
366.0625 0.140527204665
367.0625 0.140527197243
368.0625 0.14052718959
369.0625 0.140527182168
370.0625 0.140527174747
371.0625 0.140527167093
372.0625 0.140527158976
373.0625 0.140527150858
374.0625 0.140527142973
375.0625 0.140527135551
376.0625 0.140527127898
377.0625 0.140527120476
378.0625 0.140527113055
379.0625 0.140527105401
380.0625 0.140527097052
381.0625 0.140527088935
382.0625 0.140527081281
383.0625 0.140527071772
384.0625 0.14052611462
385.0625 0.140526107199
386.0625 0.140517171847
387.0625 0.140516760645
388.0625 0.140516752296
389.0625 0.140516743946
390.0625 0.140516736525
391.0625 0.140516728871
392.0625 0.14051672145
393.0625 0.140516714028
394.0625 0.140516706606
395.0625 0.140516698489
396.0625 0.140516690604
397.0625 0.140516682254
398.0625 0.140516674833
399.0625 0.140516666715
400.0625 0.140516659294
401.0625 0.140516651872
402.0625 0.140516644219
403.0625 0.140516636101
404.0625 0.140516627984
405.0625 0.140516619867
406.0625 0.140516612445
407.0625 0.14051660456
408.0625 0.140516597138
409.0625 0.140516589716
410.0625 0.140516581831
411.0625 0.140516573946
412.0625 0.140516565828
413.0625 0.140516557711
414.0625 0.140516549825
415.0625 0.140516542404
416.0625 0.140516534982
417.0625 0.140516527329
418.0625 0.140516519675
419.0625 0.140516511558
420.0625 0.140516503441
421.0625 0.140516495555
422.0625 0.14051648767
423.0625 0.140516480248
424.0625 0.140516472827
425.0625 0.140516465173
426.0625 0.140516457288
427.0625 0.140516448938
428.0625 0.140516441285
429.0625 0.140516433399
430.0625 0.140516425514
431.0625 0.140516418092
432.0625 0.140516410439
433.0625 0.140516403017
434.0625 0.140516395132
435.0625 0.140516386783
436.0625 0.140516379129
437.0625 0.14051637078
438.0625 0.140516363358
439.0625 0.140516355937
440.0625 0.140516348283
441.0625 0.140516340862
442.0625 0.140516332976
443.0625 0.140516324627
444.0625 0.140516316973
445.0625 0.140516308624
446.0625 0.140516301203
447.0625 0.14051629123
448.0625 0.140515096587
449.0625 0.140515089166
450.0625 0.140514548086
451.0625 0.140503828771
452.0625 0.140503820886
453.0625 0.140503812537
454.0625 0.140503805115
455.0625 0.140503797462
456.0625 0.14050379004
457.0625 0.140503782155
458.0625 0.140503774037
459.0625 0.140503766152
460.0625 0.140503758035
461.0625 0.140503750381
462.0625 0.140503742959
463.0625 0.140503734842
464.0625 0.140503727421
465.0625 0.140503719535
466.0625 0.140503711186
467.0625 0.1405037033
468.0625 0.140503694951
469.0625 0.14050368753
470.0625 0.140503680108
471.0625 0.140503672222
472.0625 0.140503664801
473.0625 0.140503656915
474.0625 0.140503648566
475.0625 0.140503640449
476.0625 0.140503632331
477.0625 0.14050362491
478.0625 0.140503617024
479.0625 0.140503609603
480.0625 0.140503602181
481.0625 0.140503594064
482.0625 0.140503585715
483.0625 0.140503577829
484.0625 0.140503569712
485.0625 0.14050356229
486.0625 0.140503554405
487.0625 0.140503546983
488.0625 0.14050353933
489.0625 0.140503531212
490.0625 0.140503522863
491.0625 0.140503514978
492.0625 0.140503507092
493.0625 0.140503499439
494.0625 0.140503491785
495.0625 0.140503484364
496.0625 0.140503476478
497.0625 0.140503468593
498.0625 0.140503460012
499.0625 0.140503452358
500.0625 0.140503444473
501.0625 0.140503436587
502.0625 0.140503429166
503.0625 0.140503421744
504.0625 0.140503413395
505.0625 0.140503405741
506.0625 0.140503397392
507.0625 0.140503389739
508.0625 0.140503381853
509.0625 0.140503373968
510.0625 0.140503366546
511.0625 0.14050335611
512.0625 0.140501915395
514.0625 0.140491088468
516.0625 0.14048872655
518.0625 0.140488711242
520.0625 0.14048869524
522.0625 0.140488679701
524.0625 0.14048866393
526.0625 0.140488647927
528.0625 0.140488631924
530.0625 0.140488616153
532.0625 0.140488600615
534.0625 0.140488584844
536.0625 0.140488568609
538.0625 0.140488552838
540.0625 0.140488537531
542.0625 0.140488521528
544.0625 0.140488505526
546.0625 0.140488489755
548.0625 0.140488474448
550.0625 0.140488458445
552.0625 0.14048844221
554.0625 0.140488426671
556.0625 0.1404884109
558.0625 0.14048839513
560.0625 0.140488378663
562.0625 0.140488363588
564.0625 0.140488347817
566.0625 0.140488332046
568.0625 0.140488315579
570.0625 0.140488300504
572.0625 0.14048828427
574.0625 0.140488265252
576.0625 0.140486586815
578.0625 0.14048657174
580.0625 0.140471485521
582.0625 0.14047146975
584.0625 0.140471453515
586.0625 0.140471438208
588.0625 0.140471422437
590.0625 0.140471405739
592.0625 0.140471389968
594.0625 0.140471373965
596.0625 0.140471358658
598.0625 0.140471341959
600.0625 0.14047132642
602.0625 0.140471310418
604.0625 0.140471294879
606.0625 0.140471278412
608.0625 0.140471262873
610.0625 0.14047124687
612.0625 0.1404712311
614.0625 0.140471214865
616.0625 0.140471199094
618.0625 0.140471183323
620.0625 0.140471167088
622.0625 0.140471151086
624.0625 0.140471135083
626.0625 0.140471119544
628.0625 0.140471103541
630.0625 0.140471087538
632.0625 0.140471071536
634.0625 0.140471055997
636.0625 0.140471039298
638.0625 0.140471020048
640.0625 0.140469104585
642.0625 0.14046908835
644.0625 0.140452089218
646.0625 0.140452073215
648.0625 0.140452057908
650.0625 0.140452041442
652.0625 0.140452025671
654.0625 0.140452008972
656.0625 0.140451993897
658.0625 0.140451977199
660.0625 0.140451961196
662.0625 0.140451944961
664.0625 0.140451929654
666.0625 0.140451912956
668.0625 0.140451896953
670.0625 0.14045188095
672.0625 0.140451865411
674.0625 0.140451848944
676.0625 0.140451832246
678.0625 0.140451816707
680.0625 0.140451800936
682.0625 0.140451784701
684.0625 0.140451768235
686.0625 0.140451752696
688.0625 0.140451736925
690.0625 0.140451720458
692.0625 0.140451703992
694.0625 0.140451688453
696.0625 0.140451672682
698.0625 0.140451655983
700.0625 0.140451639981
702.0625 0.140451620035
704.0625 0.140449466849
706.0625 0.140449449918
708.0625 0.140430573822
710.0625 0.140430522799
712.0625 0.140430506796
714.0625 0.140430489866
716.0625 0.140430474559
718.0625 0.14043045786
720.0625 0.140430442089
722.0625 0.140430425391
724.0625 0.14043040962
726.0625 0.140430393153
728.0625 0.140430377382
730.0625 0.140430360684
732.0625 0.140430344913
734.0625 0.140430328446
736.0625 0.140430312444
738.0625 0.140430295977
740.0625 0.140430279974
742.0625 0.140430263739
744.0625 0.140430247737
746.0625 0.14043023127
748.0625 0.140430215499
750.0625 0.140430199264
752.0625 0.140430183262
754.0625 0.140430166331
756.0625 0.140430151024
758.0625 0.140430134557
760.0625 0.140430118323
762.0625 0.140430101392
764.0625 0.140430085853
766.0625 0.14043006498
768.0625 0.140427674303
770.0625 0.140427657605
772.0625 0.14042259052
774.0625 0.140406816877
776.0625 0.14040680041
778.0625 0.140406784176
780.0625 0.140406768173
782.0625 0.140406751242
784.0625 0.14040673524
786.0625 0.140406719005
788.0625 0.14040670277
790.0625 0.140406686304
792.0625 0.140406669837
794.0625 0.140406654066
796.0625 0.140406637368
798.0625 0.140406620669
800.0625 0.140406604898
802.0625 0.140406588663
804.0625 0.140406571965
806.0625 0.140406555498
808.0625 0.140406539727
810.0625 0.140406523029
812.0625 0.140406507026
814.0625 0.140406490559
816.0625 0.140406474789
818.0625 0.140406457858
820.0625 0.140406441391
822.0625 0.140406425389
824.0625 0.140406409618
826.0625 0.140406392455
828.0625 0.140406375757
830.0625 0.140406355116
832.0625 0.140403726716
834.0625 0.14040371025
836.0625 0.140403693319
838.0625 0.140380955914
840.0625 0.140380939447
842.0625 0.140380923212
844.0625 0.140380906514
846.0625 0.140380890279
848.0625 0.140380873348
850.0625 0.140380857578
852.0625 0.140380840879
854.0625 0.140380824644
856.0625 0.140380807946
858.0625 0.140380791943
860.0625 0.140380774781
862.0625 0.14038075901
864.0625 0.140380742079
866.0625 0.140380726076
868.0625 0.140380709146
870.0625 0.140380693143
872.0625 0.140380676677
874.0625 0.140380660442
876.0625 0.140380643511
878.0625 0.140380627045
880.0625 0.140380610578
882.0625 0.140380594111
884.0625 0.140380577413
886.0625 0.14038056141
888.0625 0.140380545175
890.0625 0.140380528013
892.0625 0.140380510619
894.0625 0.140380490441
896.0625 0.140377624087
898.0625 0.140377607157
900.0625 0.140377591154
902.0625 0.1403529413
904.0625 0.140352922978
906.0625 0.140352906743
908.0625 0.14035289074
910.0625 0.140352874042
912.0625 0.140352856879
914.0625 0.140352840645
916.0625 0.14035282441
918.0625 0.14035280748
920.0625 0.140352790781
922.0625 0.140352774546
924.0625 0.140352757848
926.0625 0.140352740917
928.0625 0.140352724451
930.0625 0.140352708448
932.0625 0.140352691285
934.0625 0.140352674819
936.0625 0.140352658584
938.0625 0.140352642349
940.0625 0.140352625187
942.0625 0.14035260872
944.0625 0.140352592254
946.0625 0.140352575091
948.0625 0.140352559088
950.0625 0.14035254239
952.0625 0.140352526155
954.0625 0.140352508761
956.0625 0.140352490207
958.0625 0.140352470493
960.0625 0.140350019052
962.0625 0.140349349255
964.0625 0.140349333716
966.0625 0.140329564479
968.0625 0.140322752627
970.0625 0.140322735464
972.0625 0.140322719462
974.0625 0.140322702531
976.0625 0.140322685601
978.0625 0.140322668902
980.0625 0.140322652667
982.0625 0.140322635505
984.0625 0.140322618575
986.0625 0.140322602572
988.0625 0.140322585641
990.0625 0.140322569175
992.0625 0.140322552244
994.0625 0.140322536009
996.0625 0.140322518383
998.0625 0.14032250238
1000.0625 0.140322485682
1002.0625 0.140322468983
1004.0625 0.140322451589
1006.0625 0.140322435818
1008.0625 0.140322418656
1010.0625 0.140322401957
1012.0625 0.140322385259
1014.0625 0.140322368792
1016.0625 0.14032235163
1018.0625 0.140322334699
1020.0625 0.140322314754
1022.0625 0.140322295272
1024.0625 0.140318936774
1028.0625 0.140318901058
1032.0625 0.140290409608
1036.0625 0.140290375979
1040.0625 0.14029034235
1044.0625 0.140290308953
1048.0625 0.140290275324
1052.0625 0.140290241463
1056.0625 0.140290208298
1060.0625 0.140290174668
1064.0625 0.140290140344
1068.0625 0.14029010741
1072.0625 0.140290072854
1076.0625 0.14029003992
1080.0625 0.140290005132
1084.0625 0.140289965241
1088.0625 0.140286368557
1092.0625 0.140286336088
1096.0625 0.140255928246
1100.0625 0.140255894385
1104.0625 0.140255860988
1108.0625 0.140255826895
1112.0625 0.140255793266
1116.0625 0.140255759173
1120.0625 0.140255725312
1124.0625 0.140255690523
1128.0625 0.14025565643
1132.0625 0.140255623033
1136.0625 0.14025558894
1140.0625 0.140255555543
1144.0625 0.140255520059
1148.0625 0.140255480168
1152.0625 0.140251646225
1156.0625 0.140251612364
1160.0625 0.140219292306
1164.0625 0.140219257517
1168.0625 0.140219223888
1172.0625 0.140219189332
1176.0625 0.140219155471
1180.0625 0.140219121378
1184.0625 0.140219086821
1188.0625 0.140219052728
1192.0625 0.140219017939
1196.0625 0.140218984542
1200.0625 0.140218949754
1204.0625 0.140218915661
1208.0625 0.140218880176
1212.0625 0.140218839358
1216.0625 0.140214768852
1220.0625 0.140214733368
1224.0625 0.140180500861
1228.0625 0.140180465144
1232.0625 0.140180431747
1236.0625 0.140180396495
1240.0625 0.140180363098
1244.0625 0.140180328309
1248.0625 0.140180293752
1252.0625 0.140180258964
1256.0625 0.140180225103
1260.0625 0.140180190314
1264.0625 0.140180155989
1268.0625 0.140180120969
1272.0625 0.140180083629
1276.0625 0.140180043738
1280.0625 0.140175734814
1284.0625 0.140175700257
1288.0625 0.14013955391
1292.0625 0.140139518657
1296.0625 0.140139484101
1300.0625 0.140139449776
1304.0625 0.140139414755
1308.0625 0.140139379735
1312.0625 0.140139345874
1316.0625 0.140139310157
1320.0625 0.14013927676
1324.0625 0.14013924058
1328.0625 0.140139207415
1332.0625 0.140139170771
1336.0625 0.140139132967
1340.0625 0.140139092844
1344.0625 0.14013454759
1348.0625 0.140134511873
1352.0625 0.140096453541
1356.0625 0.140096416433
1360.0625 0.140096382108
1364.0625 0.140096346624
1368.0625 0.140096311835
1372.0625 0.140096277047
1376.0625 0.140096242026
1380.0625 0.14009620631
1384.0625 0.140096172217
1388.0625 0.140096135805
1392.0625 0.140096102176
1396.0625 0.140096066459
1400.0625 0.140096026568
1404.0625 0.140095986445
1408.0625 0.140091203236
1412.0625 0.14009116752
1416.0625 0.140066855348
1420.0625 0.140051159167
1424.0625 0.140051123915
1428.0625 0.14005108843
1432.0625 0.140051053178
1436.0625 0.140051017925
1440.0625 0.140050982441
1444.0625 0.140050947884
1448.0625 0.140050911936
1452.0625 0.140050877379
1456.0625 0.140050840967
1460.0625 0.140050806642
1464.0625 0.1400507642
1468.0625 0.140050726628
1472.0625 0.140045703609
1476.0625 0.140045668125
1480.0625 0.1400443828
1484.0625 0.140003746396
1488.0625 0.140003710911
1492.0625 0.140003675427
1496.0625 0.140003639942
1500.0625 0.140003604226
1504.0625 0.140003567814
1508.0625 0.140003533489
1512.0625 0.140003496845
1516.0625 0.140003462288
1520.0625 0.140003425876
1524.0625 0.140003391087
1528.0625 0.140003347718
1532.0625 0.140003309682
1536.0625 0.139998048941
1540.0625 0.139998013688
1544.0625 0.139997977972
1548.0625 0.139954177655
1552.0625 0.139954142402
1556.0625 0.139954106222
1560.0625 0.139954070738
1564.0625 0.139954034326
1568.0625 0.139953999305
1572.0625 0.139953962661
1576.0625 0.139953927872
1580.0625 0.13995389146
1584.0625 0.139953855744
1588.0625 0.139953817708
1592.0625 0.139953776194
1596.0625 0.13995373723
1600.0625 0.139948239926
1604.0625 0.139948203282
1608.0625 0.139948167102
1612.0625 0.139902454104
1616.0625 0.139902418388
1620.0625 0.139902381976
1624.0625 0.139902345796
1628.0625 0.139902309847
1632.0625 0.139902274827
1636.0625 0.139902237255
1640.0625 0.139902201771
1644.0625 0.139902164895
1648.0625 0.139902129642
1652.0625 0.139902089983
1656.0625 0.139902048005
1660.0625 0.139902009737
1664.0625 0.139896272623
1668.0625 0.139896238066
1672.0625 0.139896200958
1676.0625 0.139848575512
1680.0625 0.139848538636
1684.0625 0.13984850292
1688.0625 0.139848466276
1692.0625 0.139848429632
1696.0625 0.139848392524
1700.0625 0.139848356807
1704.0625 0.139848319931
1708.0625 0.139848283983
1712.0625 0.139848247803
1716.0625 0.139848205825
1720.0625 0.139848165702
1724.0625 0.139848126043
1728.0625 0.139842389392
1732.0625 0.139842117113
1736.0625 0.139842079077
1740.0625 0.139792541183
1744.0625 0.139792503379
1748.0625 0.139792467662
1752.0625 0.139792430323
1756.0625 0.139792393215
1760.0625 0.139792357498
1764.0625 0.13979232039
1768.0625 0.139792283746
1772.0625 0.139792245711
1776.0625 0.139792209994
1780.0625 0.139792167552
1784.0625 0.139792127197
1788.0625 0.13979208777
1792.0625 0.139786766033
1796.0625 0.139785839959
1800.0625 0.139785802387
1804.0625 0.139734488647
1808.0625 0.139734313544
1812.0625 0.1397342769
1816.0625 0.139734239096
1820.0625 0.13973420222
1824.0625 0.139734165112
1828.0625 0.139734128468
1832.0625 0.139734092288
1836.0625 0.139734054484
1840.0625 0.139734017144
1844.0625 0.139733973543
1848.0625 0.13973393342
1852.0625 0.139733893992
1856.0625 0.139729104985
1860.0625 0.139727408226
1864.0625 0.139727369495
1868.0625 0.139695759357
1872.0625 0.139673966812
1876.0625 0.139673929936
1880.0625 0.139673893524
1884.0625 0.139673855488
1888.0625 0.139673818844
1892.0625 0.139673780808
1896.0625 0.139673743932
1900.0625 0.139673706824
1904.0625 0.139673667397
1908.0625 0.139673624027
1912.0625 0.139673582745
1916.0625 0.139673544013
1920.0625 0.139669467246
1924.0625 0.139666819597
1928.0625 0.139666781793
1932.0625 0.139661456113
1936.0625 0.13961146527
1940.0625 0.13961142793
1944.0625 0.139611390126
1948.0625 0.139611352786
1952.0625 0.13961131591
1956.0625 0.139611277875
1960.0625 0.139611240071
1964.0625 0.139611202499
1968.0625 0.139611161217
1972.0625 0.139611118775
1976.0625 0.139611077028
1980.0625 0.139611038993
1984.0625 0.139607316606
1988.0625 0.139604075926
1992.0625 0.139604038586
1996.0625 0.139604000319
2000.0625 0.139546808918
2004.0625 0.139546770187
2008.0625 0.139546731919
2012.0625 0.139546695275
2016.0625 0.139546656544
2020.0625 0.139546618972
2024.0625 0.139546580241
2028.0625 0.139546542437
2032.0625 0.139546499995
2036.0625 0.139546458249
2040.0625 0.139546416734
2044.0625 0.139546376843
2048.0625 0.139539177445
2056.0625 0.139539099751
2064.0625 0.139479957402
2072.0625 0.139479880635
2080.0625 0.139479803868
2088.0625 0.139479727797
2096.0625 0.139479642217
2104.0625 0.139479560348
2112.0625 0.139472121372
2120.0625 0.139472044837
2128.0625 0.13941098772
2136.0625 0.139410910258
2144.0625 0.139410833259
2152.0625 0.139410755332
2160.0625 0.139410669288
2168.0625 0.139410586723
2176.0625 0.139402910025
2184.0625 0.139402832098
2192.0625 0.139339862533
2200.0625 0.13933978507
2208.0625 0.139339706448
2216.0625 0.13933962713
2224.0625 0.13933954039
2232.0625 0.139339457593
2240.0625 0.139331542477
2248.0625 0.139331465478
2256.0625 0.13926658184
2264.0625 0.139266501826
2272.0625 0.1392664239
2280.0625 0.139266340871
2288.0625 0.139266255987
2296.0625 0.139266173653
2304.0625 0.139258021278
2312.0625 0.139257941264
2320.0625 0.139191144946
2328.0625 0.139191065164
2336.0625 0.139190985382
2344.0625 0.139190900266
2352.0625 0.139190815846
2360.0625 0.139190732353
2368.0625 0.139182341096
2376.0625 0.139182262473
2384.0625 0.139113552547
2392.0625 0.139113470678
2400.0625 0.139113391127
2408.0625 0.139113303924
2416.0625 0.139113220431
2424.0625 0.139113136243
2432.0625 0.139104507495
2440.0625 0.139104427249
2448.0625 0.139033801859
2456.0625 0.139033723004
2464.0625 0.139033642295
2472.0625 0.1390335537
2480.0625 0.139033468815
2488.0625 0.139033383699
2496.0625 0.139024515605
2504.0625 0.139024435591
2512.0625 0.138951897984
2520.0625 0.138951816811
2528.0625 0.138951735637
2536.0625 0.138951643563
2544.0625 0.138951558911
2552.0625 0.138951473563
2560.0625 0.138942368442
2568.0625 0.138942286805
2576.0625 0.138867835822
2584.0625 0.138867753256
2592.0625 0.138867671387
2600.0625 0.138867580009
2608.0625 0.138867492805
2616.0625 0.138867409313
2624.0625 0.13885806531
2632.0625 0.138857983672
2640.0625 0.138781617921
2648.0625 0.13878153582
2656.0625 0.138781451168
2664.0625 0.138781360485
2672.0625 0.138781273513
2680.0625 0.138781187469
2688.0625 0.138771605744
2696.0625 0.138771523643
2704.0625 0.138701133424
2712.0625 0.138693161023
2720.0625 0.138693073123
2728.0625 0.138692982905
2736.0625 0.138692895933
2744.0625 0.138692809425
2752.0625 0.13868298905
2760.0625 0.138682905325
2768.0625 0.138639569089
2776.0625 0.138602630488
2784.0625 0.13860253911
2792.0625 0.138602449355
2800.0625 0.138602363079
2808.0625 0.138602275412
2816.0625 0.138592217546
2824.0625 0.138592131965
2832.0625 0.138576191105
2840.0625 0.13850994352
2848.0625 0.138509850286
2856.0625 0.138509761459
2864.0625 0.138509671704
2872.0625 0.138509584733
2880.0625 0.138499289144
2888.0625 0.138499202636
2896.0625 0.138498535158
2904.0625 0.138415098959
2912.0625 0.13841500503
2920.0625 0.138414914579
2928.0625 0.138414826216
2936.0625 0.138414736925
2944.0625 0.138404202222
2952.0625 0.13840411757
2960.0625 0.138404030598
2968.0625 0.138318095878
2976.0625 0.138318003572
2984.0625 0.138317911498
2992.0625 0.138317822439
3000.0625 0.138317733612
3008.0625 0.138306961419
3016.0625 0.138306873519
3024.0625 0.138306787707
3032.0625 0.138218937059
3040.0625 0.138218842898
3048.0625 0.138218752215
3056.0625 0.138218662229
3064.0625 0.138218572938
3072.0625 0.138207563486
3080.0625 0.138207474659
3088.0625 0.138207388151
3096.0625 0.138117621575
3104.0625 0.13811752811
3112.0625 0.138117436036
3120.0625 0.138117346049
3128.0625 0.138117257454
3136.0625 0.138106004713
3144.0625 0.138105919365
3152.0625 0.138105830074
3160.0625 0.138014149194
3168.0625 0.138014056193
3176.0625 0.138013961568
3184.0625 0.138013871813
3192.0625 0.138013780667
3200.0625 0.138002293218
3208.0625 0.138002206015
3216.0625 0.138002116956
3224.0625 0.137908520149
3232.0625 0.137908425523
3240.0625 0.137908334377
3248.0625 0.137908240448
3256.0625 0.137908150229
3264.0625 0.137896423203
3272.0625 0.137896334376
3280.0625 0.137896244157
3288.0625 0.137800733742
3296.0625 0.137800640044
3304.0625 0.137800545651
3312.0625 0.137800454041
3320.0625 0.137800361503
3328.0625 0.137788397914
3336.0625 0.137788307232
3344.0625 0.13778821539
3352.0625 0.13769079067
3360.0625 0.13769069674
3368.0625 0.137690603043
3376.0625 0.137690509809
3384.0625 0.137690416344
3392.0625 0.137678808063
3400.0625 0.13767812319
3408.0625 0.137678028797
3416.0625 0.137578690237
3424.0625 0.137578597699
3432.0625 0.137578504002
3440.0625 0.137578408681
3448.0625 0.137578314519
3456.0625 0.137567357019
3464.0625 0.137565782484
3472.0625 0.137565685307
3480.0625 0.13746443685
3488.0625 0.137464338978
3496.0625 0.137464245512
3504.0625 0.137464150887
3512.0625 0.137464054174
3520.0625 0.1374536301
3528.0625 0.137451283952
3536.0625 0.137451183065
3544.0625 0.137348464207
3552.0625 0.137347924983
3560.0625 0.137347828734
3568.0625 0.137347733645
3576.0625 0.137347638324
3584.0625 0.137337626843
3592.0625 0.137334625741
3600.0625 0.137334526014
3608.0625 0.13725232574
3616.0625 0.137229353163
3624.0625 0.137229256914
3632.0625 0.137229160434
3640.0625 0.137229063721
3648.0625 0.137219644575
3656.0625 0.137215810169
3664.0625 0.137215709514
3672.0625 0.137159299003
3680.0625 0.137108622591
3688.0625 0.137108525414
3696.0625 0.137108430557
3704.0625 0.137108331758
3712.0625 0.137100038373
3720.0625 0.137094838859
3728.0625 0.137094738204
3736.0625 0.137060485751
3744.0625 0.136985735585
3752.0625 0.136985639105
3760.0625 0.136985539841
3768.0625 0.136985443361
3776.0625 0.136977385147
3784.0625 0.136971708333
3792.0625 0.136971606286
3800.0625 0.136966068395
3808.0625 0.136860692147
3816.0625 0.136860592419
3824.0625 0.13686049362
3832.0625 0.136860395284
3840.0625 0.136852929869
3848.0625 0.136846420678
3856.0625 0.136846319559
3864.0625 0.13684621844
3872.0625 0.136733488101
3880.0625 0.136733389533
3888.0625 0.136733290501
3896.0625 0.136733191701
3904.0625 0.136725724199
3912.0625 0.136718975431
3920.0625 0.136718871528
3928.0625 0.136718771337
3936.0625 0.136604129477
3944.0625 0.136604029285
3952.0625 0.136603928398
3960.0625 0.136603827743
3968.0625 0.136597129766
3976.0625 0.136589372126
3984.0625 0.136589268688
3992.0625 0.136589167569
4000.0625 0.136472610708
4008.0625 0.136472510517
4016.0625 0.136472408702
4024.0625 0.136472307815
4032.0625 0.136465604504
4040.0625 0.136457609374
4048.0625 0.136457507095
4056.0625 0.136457405048
4064.0625 0.136338935043
4072.0625 0.136338832765
4080.0625 0.136338730486
4088.0625 0.136338627743
4096.0625 0.136323690188
4112.0625 0.136323482615
4128.0625 0.136202997187
4144.0625 0.136202789151
4160.0625 0.136187612945
4176.0625 0.136187404213
4192.0625 0.136065004481
4208.0625 0.136064791807
4224.0625 0.136049376719
4240.0625 0.136049166827
4256.0625 0.135924851167
4272.0625 0.135924634318
4288.0625 0.135908982667
4304.0625 0.135908773007
4320.0625 0.135782541188
4336.0625 0.135782320628
4352.0625 0.135766429863
4368.0625 0.135766216493
4384.0625 0.135638071529
4400.0625 0.135637850505
4416.0625 0.135621720858
4432.0625 0.135621505632
4448.0625 0.135491443349
4464.0625 0.135491216527
4480.0625 0.135474851245
4496.0625 0.135474631844
4512.0625 0.135342657809
4528.0625 0.13534242658
4544.0625 0.135325820096
4560.0625 0.135325602551
4576.0625 0.135191709109
4592.0625 0.13519147904
4608.0625 0.135174632514
4624.0625 0.135174411491
4640.0625 0.135038602353
4656.0625 0.135038371124
4672.0625 0.135021285716
4688.0625 0.135021061214
4704.0625 0.134883338236
4720.0625 0.1348831026
4736.0625 0.134865778774
4752.0625 0.134865552416
4768.0625 0.134725911655
4784.0625 0.134725675324
4800.0625 0.134708110297
4816.0625 0.134707884634
4832.0625 0.134566324931
4848.0625 0.134566089759
4864.0625 0.134548283763
4880.0625 0.134548056709
4896.0625 0.13440458015
4912.0625 0.134404344515
4928.0625 0.134386299636
4944.0625 0.134386066088
4960.0625 0.134240675457
4976.0625 0.134240437734
4992.0625 0.13422215235
5008.0625 0.134221916483
5024.0625 0.134074607605
5040.0625 0.134074369418
5056.0625 0.134055843992
5072.0625 0.134055605806
5088.0625 0.133906383783
5104.0625 0.133906141654
5120.0625 0.133887378273
5136.0625 0.133887132665
5152.0625 0.133735999122
5168.0625 0.133735753746
5184.0625 0.133716751483
5200.0625 0.133716501933
5216.0625 0.133563452462
5232.0625 0.133563204302
5248.0625 0.133543960374
5264.0625 0.133543707345
5280.0625 0.133389905279
5296.0625 0.133388494019
5312.0625 0.133369011905
5328.0625 0.133368753541
5344.0625 0.133234690562
5360.0625 0.133211625447
5376.0625 0.13319190074
5392.0625 0.133191639129
5408.0625 0.133083833472
5424.0625 0.133032592557
5440.0625 0.133012627344
5456.0625 0.133012363414
5472.0625 0.132927005953
5488.0625 0.132851398826
5504.0625 0.132831191252
5520.0625 0.132830925235
5536.0625 0.132763113784
5552.0625 0.132668041241
5568.0625 0.132647589451
5584.0625 0.132647324825
5600.0625 0.132618134355
5616.0625 0.132482523048
5632.0625 0.132461826578
5648.0625 0.13246156172
5664.0625 0.13245315446
5680.0625 0.132294842392
5696.0625 0.13227390588
5712.0625 0.132273637079
5728.0625 0.132273367815
5744.0625 0.132104996954
5760.0625 0.132083819472
5776.0625 0.132083549048
5792.0625 0.132083278856
5808.0625 0.131912988356
5824.0625 0.13189157176
5840.0625 0.13189129693
5856.0625 0.131891023027
5872.0625 0.131718814976
5888.0625 0.131697156019
5904.0625 0.131696879333
5920.0625 0.131696601488
5936.0625 0.131522476118
5952.0625 0.131500580366
5968.0625 0.131500300433
5984.0625 0.131500021196
6000.0625 0.13132397526
6016.0625 0.13130183993
6032.0625 0.131301555823
6048.0625 0.131301271252
6064.0625 0.131123310084
6080.0625 0.131100933089
6096.0625 0.131100644343
6112.0625 0.131100358148
6128.0625 0.130920480821
6144.0625 0.130897866567
6160.0625 0.130897576662
6176.0625 0.130897281422
6192.0625 0.130715486311
6208.0625 0.130692625986
6224.0625 0.130692334225
6240.0625 0.130692032491
6256.0625 0.130508323541
6272.0625 0.130485226884
6288.0625 0.130484925615
6304.0625 0.130484622257
6320.0625 0.130298997379
6336.0625 0.130275659289
6352.0625 0.130275357788
6368.0625 0.130275045617
6384.0625 0.130087507363
6400.0625 0.130063924361
6416.0625 0.130063615438
6432.0625 0.130063299789
6448.0625 0.129873844679
6464.0625 0.129850020012
6480.0625 0.129849706218
6496.0625 0.129849385003
6512.0625 0.12965801211
6528.0625 0.129633949024
6544.0625 0.129633625954
6560.0625 0.129633306826
6576.0625 0.129440016382
6592.0625 0.129415709544
6608.0625 0.129415379747
6624.0625 0.129415052734
6640.0625 0.12921984613
6656.0625 0.129196010795
6672.0625 0.129194964584
6688.0625 0.129194634091
6704.0625 0.128997508777
6720.0625 0.128973961028
6736.0625 0.128972379999
6752.0625 0.128972043013
6768.0625 0.128773004091
6784.0625 0.1287502203
6800.0625 0.128747625298
6816.0625 0.128747282282
6832.0625 0.12854632233
6848.0625 0.128524299483
6864.0625 0.128520689348
6880.0625 0.128520346564
6896.0625 0.128317468828
6912.0625 0.128296212028
6928.0625 0.128291590471
6944.0625 0.128291239801
6960.0625 0.128086441732
6976.0625 0.128065709313
6992.0625 0.128060311272
7008.0625 0.128059953181
7024.0625 0.127855483748
7040.0625 0.127833030914
7056.0625 0.127826860333
7072.0625 0.127826496212
7088.0625 0.127643363593
7104.0625 0.127598119315
7120.0625 0.127591226521
7136.0625 0.127590859849
7152.0625 0.127432855777
7168.0625 0.127360910505
7184.0625 0.127353423289
7200.0625 0.127353045948
7216.0625 0.12722033045
7232.0625 0.127121878073
7248.0625 0.127113432777
7264.0625 0.127113048942
7280.0625 0.126998970658
7296.0625 0.126881261133
7312.0625 0.126871263104
7328.0625 0.12687086373
7344.0625 0.126774909179
7360.0625 0.126632703334
7376.0625 0.126626907775
7392.0625 0.126626501675
7408.0625 0.126559449313
7424.0625 0.126384817188
7440.0625 0.126380357513
7456.0625 0.126379943064
7472.0625 0.126348055081
7488.0625 0.126136639513
7504.0625 0.126131628322
7520.0625 0.126131196015
7536.0625 0.126118256024
7552.0625 0.125885630736
7568.0625 0.125880704661
7584.0625 0.125880273282
7600.0625 0.125879838192
7616.0625 0.125632746619
7632.0625 0.125627588156
7648.0625 0.125627124539
7664.0625 0.125626685506
7680.0625 0.125377009135
7696.0625 0.125372250046
7712.0625 0.125371799881
7728.0625 0.125371326523
7744.0625 0.125120054744
7760.0625 0.125114705176
7776.0625 0.125114240399
7792.0625 0.125113746168
7808.0625 0.124863280095
7824.0625 0.12485496259
7840.0625 0.124854463257
7856.0625 0.124853966243
7872.0625 0.124601470367
7888.0625 0.124592981701
7904.0625 0.12459245245
7920.0625 0.124591941056
7936.0625 0.124339854527
7952.0625 0.12432873955
7968.0625 0.124328188729
7984.0625 0.124327658086
8000.0625 0.12407254332
8016.0625 0.124062238454
8032.0625 0.124061654932
8048.0625 0.124061079064
8064.0625 0.123804027729
8080.0625 0.123793436669
8096.0625 0.123792806298
8112.0625 0.123792177783
8128.0625 0.12353340696
8144.0625 0.123522225884
8160.0625 0.123521516659
8176.0625 0.123520796302
8192.0625 0.123248852868
8224.0625 0.123248021419
8256.0625 0.12297457442
8288.0625 0.12297442622
8320.0625 0.122943877368
8352.0625 0.122943718268
8384.0625 0.122912935173
8416.0625 0.122912776073
8448.0625 0.122881772185
8480.0625 0.122881606823
8512.0625 0.122850355936
8544.0625 0.122850195213
8576.0625 0.122818696167
8608.0625 0.122818541241
8640.0625 0.122786805169
8672.0625 0.122786653026
8704.0625 0.12275467436
8736.0625 0.122754525697
8768.0625 0.122722318354
8800.0625 0.12272216366
8832.0625 0.122689705375
8864.0625 0.122689553464
8896.0625 0.122656865574
8928.0625 0.122656710184
8960.0625 0.122623784571
8992.0625 0.12262362895
9024.0625 0.1225904735
9056.0625 0.122590313704
9088.0625 0.122556912878
9120.0625 0.122556753314
9152.0625 0.122523117548
9184.0625 0.122522959376
9216.0625 0.122489085192
9248.0625 0.122488933049
9280.0625 0.122454816968
9312.0625 0.122454659028
9344.0625 0.122420310559
9376.0625 0.122420154705
9408.0625 0.122385559932
9440.0625 0.122385400368
9472.0625 0.122350578309
9504.0625 0.122350421296
9536.0625 0.122315360355
9568.0625 0.122315196617
9600.0625 0.1222798903
9632.0625 0.12227974697
9664.0625 0.122244195509
9696.0625 0.122244039888
9728.0625 0.122208266707
9760.0625 0.122208115956
9792.0625 0.122172089745
9824.0625 0.122171932037
9856.0625 0.122135682483
9888.0625 0.122135510163
9920.0625 0.122099031932
9952.0625 0.122098864019
9984.0625 0.122062139716
10016.0625 0.122061972034
10048.0625 0.122025013951
10080.0625 0.122024849517
10112.0625 0.121987645594
10144.0625 0.121987485798
10176.0625 0.121950042762
10208.0625 0.121949883893
10240.0625 0.12191220499
10272.0625 0.121912047281
10304.0625 0.121874119754
10336.0625 0.121873975265
10368.0625 0.121835807928
10400.0625 0.121835654163
10432.0625 0.121797255133
10464.0625 0.121797097193
10496.0625 0.121758463688
10528.0625 0.121758303892
10560.0625 0.121719439623
10592.0625 0.121719269854
10624.0625 0.121680165543
10656.0625 0.121679997861
10688.0625 0.121640658147
10720.0625 0.12164049464
10752.0625 0.121600911173
10784.0625 0.121600741172
10816.0625 0.121560926244
10848.0625 0.121560766217
10880.0625 0.121520711943
10912.0625 0.121520555162
10944.0625 0.12148024438
10976.0625 0.121480090614
11008.0625 0.121439548139
11040.0625 0.121439401795
11072.0625 0.121398622758
11104.0625 0.121398455076
11136.0625 0.121357442955
11168.0625 0.121357281535
11200.0625 0.121316034706
11232.0625 0.121315869576
11264.0625 0.121274382473
11296.0625 0.121274223605
11328.0625 0.121232494837
11360.0625 0.121232332954
11392.0625 0.121190366231
11424.0625 0.121190198782
11456.0625 0.121148007093
11488.0625 0.121147846601
11520.0625 0.121105412087
11552.0625 0.121105247653
11584.0625 0.121062578199
11616.0625 0.121062400313
11648.0625 0.121019486875
11680.0625 0.121019329399
11712.0625 0.120976171744
11744.0625 0.120976006614
11776.0625 0.120932620978
11808.0625 0.120932455384
11840.0625 0.120888825068
11872.0625 0.120888668751
11904.0625 0.120844796306
11936.0625 0.12084463048
11968.0625 0.120800539562
12000.0625 0.120800363067
12032.0625 0.120756024454
12064.0625 0.120755851206
12096.0625 0.120711279973
12128.0625 0.12071111577
12160.0625 0.120666297305
12192.0625 0.120666137045
12224.0625 0.120621082249
12256.0625 0.120620925005
12288.0625 0.120575619034
12320.0625 0.120575465964
12352.0625 0.120529938506
12384.0625 0.120529758997
12416.0625 0.120483993585
12448.0625 0.120483819873
12480.0625 0.120437821145
12512.0625 0.120437643491
12544.0625 0.120391416781
12576.0625 0.120391242374
12608.0625 0.120344772143
12640.0625 0.120344585676
12672.0625 0.120297878882
12704.0625 0.120297714448
12736.0625 0.120250764597
12768.0625 0.12025057929
12800.0625 0.120203386846
12832.0625 0.120203218469
12864.0625 0.120155784361
12896.0625 0.12015562758
12928.0625 0.120107949023
12960.0625 0.120107776471
12992.0625 0.120059867845
13024.0625 0.120059699468
13056.0625 0.120011559382
13088.0625 0.120011384279
13120.0625 0.119963006934
13152.0625 0.119962833454
13184.0625 0.119914222097
13216.0625 0.119914047922
13248.0625 0.119865190494
13280.0625 0.119865006114
13312.0625 0.119815928821
13344.0625 0.11981573957
13376.0625 0.119766411799
13408.0625 0.119766240871
13440.0625 0.119716662621
13472.0625 0.119716497027
13504.0625 0.11966668175
13536.0625 0.119666511286
13568.0625 0.119616471739
13600.0625 0.11961628991
13632.0625 0.119566171276
13664.0625 0.119565831275
13696.0625 0.119515322777
13728.0625 0.119515133062
13760.0625 0.119464388929
13792.0625 0.119464199446
13824.0625 0.119413233361
13856.0625 0.119413036225
13888.0625 0.119361800412
13920.0625 0.119361622526
13952.0625 0.119310477163
13984.0625 0.119309977829
14016.0625 0.119258273297
14048.0625 0.119258087757
14080.0625 0.119207100103
14112.0625 0.119205976429
14144.0625 0.119154776332
14176.0625 0.119153600475
14208.0625 0.119102278154
14240.0625 0.119101002801
14272.0625 0.119049401707
14304.0625 0.119048162071
14336.0625 0.118996688303
14368.0625 0.118995083618
14400.0625 0.118943266834
14432.0625 0.118941783677
14464.0625 0.118888794515
14496.0625 0.118888215864
14528.0625 0.118836484892
14560.0625 0.118834439782
14592.0625 0.118782255166
14624.0625 0.118780399075
14656.0625 0.118727098902
14688.0625 0.118726128994
14720.0625 0.118673174621
14752.0625 0.11867162583
14784.0625 0.118618293188
14816.0625 0.118616881232
14848.0625 0.118563528412
14880.0625 0.118561911899
14912.0625 0.118508657184
14944.0625 0.118506683739
14976.0625 0.118455151758
15008.0625 0.118451237338
15040.0625 0.118398977114
15072.0625 0.118395523064
15104.0625 0.118345604581
15136.0625 0.118339599826
15168.0625 0.118289817483
15200.0625 0.118283424254
15232.0625 0.118232291879
15264.0625 0.118227015135
15296.0625 0.118175715542
15328.0625 0.118170371308
15360.0625 0.118117903048
15392.0625 0.118113479554
15424.0625 0.118061220026
15456.0625 0.11805637211
15488.0625 0.118007183957
15520.0625 0.117998988908
15552.0625 0.117947221292
15584.0625 0.117941400917
15616.0625 0.117892775644
15648.0625 0.117883571028
15680.0625 0.117834115003
15712.0625 0.117825479529
15744.0625 0.117775554784
15776.0625 0.117767179762
15808.0625 0.117718279427
15840.0625 0.117708610035
15872.0625 0.117661790294
15904.0625 0.117649836678
15936.0625 0.11759935717
15968.0625 0.117590797535
16000.0625 0.117541768019
16032.0625 0.117531528092
16064.0625 0.117487194813
16096.0625 0.117472017448
16128.0625 0.117426391422
16160.0625 0.117412275806
16192.0625 0.117364444411
16224.0625 0.117352297834
16256.0625 0.117303857637
16288.0625 0.11729208701
16320.0625 0.117245824583
16352.0625 0.117231621764
16384.0625 0.117170928769
16448.0625 0.117109982976
16512.0625 0.117048824972
16576.0625 0.116987414635
16640.0625 0.116925767734
16704.0625 0.116863873371
16768.0625 0.116801743604
16832.0625 0.116739389566
16896.0625 0.116676790616
16960.0625 0.116613943738
17024.0625 0.116550863081
17088.0625 0.116487551427
17152.0625 0.116423996253
17216.0625 0.116360217967
17280.0625 0.116296178535
17344.0625 0.116231919934
17408.0625 0.116167428712
17472.0625 0.116102673097
17536.0625 0.11603769066
17600.0625 0.115972467485
17664.0625 0.115907009371
17728.0625 0.115841321419
17792.0625 0.115775378583
17856.0625 0.115709220057
17920.0625 0.115642784149
17984.0625 0.115576148323
18048.0625 0.115509260859
18112.0625 0.115442135672
18176.0625 0.115374780184
18240.0625 0.115307167492
18304.0625 0.115239334472
18368.0625 0.11517126744
18432.0625 0.115102936478
18496.0625 0.115034392841
18560.0625 0.114965593856
18624.0625 0.114896569672
18688.0625 0.114827286196
18752.0625 0.114757794684
18816.0625 0.114688052926
18880.0625 0.114618060458
18944.0625 0.114547851604
19008.0625 0.114477378588
19072.0625 0.114406688259
19136.0625 0.114335744669
19200.0625 0.114264576112
19264.0625 0.114193167977
19328.0625 0.114121511682
19392.0625 0.114049644337
19456.0625 0.113977503553
19520.0625 0.11390513757
19584.0625 0.113832533169
19648.0625 0.113759713078
19712.0625 0.113686615373
19776.0625 0.113613302907
19840.0625 0.113539753182
19904.0625 0.113465956226
19968.0625 0.113391916676
20032.0625 0.113317647058
20096.0625 0.113243137166
20160.0625 0.113168395581
20224.0625 0.113093419753
20288.0625 0.113018194838
20352.0625 0.112942736143
20416.0625 0.112867039725
20480.0625 0.112791096772
20544.0625 0.112714932331
20608.0625 0.11263852205
20672.0625 0.112561864306
20736.0625 0.112484977653
20800.0625 0.112407858611
20864.0625 0.112330485844
20928.0625 0.112252883008
20992.0625 0.112175041058
21056.0625 0.112096948861
21120.0625 0.112018646077
21184.0625 0.111940077276
21248.0625 0.111861294872
21312.0625 0.111782282168
21376.0625 0.111702978398
21440.0625 0.111623489089
21504.0625 0.111543724021
21568.0625 0.111463733987
21632.0625 0.111383528495
21696.0625 0.111303066959
21760.0625 0.111222359582
21824.0625 0.111141427008
21888.0625 0.111060251376
21952.0625 0.110978847994
22016.0625 0.11089719715
22080.0625 0.110815307887
22144.0625 0.110733157245
22208.0625 0.110650780013
22272.0625 0.110568188482
22336.0625 0.110485340444
22400.0625 0.11040226164
22464.0625 0.110318965524
22528.0625 0.110235406637
22592.0625 0.110151588922
22656.0625 0.110067552503
22720.0625 0.109983285783
22784.0625 0.109898774614
22848.0625 0.109814028042
22912.0625 0.109729033079
22976.0625 0.109643819412
23040.0625 0.109558348772
23104.0625 0.109472636235
23168.0625 0.10938670708
23232.0625 0.109300523737
23296.0625 0.109214123544
23360.0625 0.109127454783
23424.0625 0.109040575434
23488.0625 0.108953455348
23552.0625 0.108866064837
23616.0625 0.108778456318
23680.0625 0.108690613324
23744.0625 0.108602529128
23808.0625 0.108514199555
23872.0625 0.108425654757
23936.0625 0.108336846725
24000.0625 0.108247826482
24064.0625 0.108158553906
24128.0625 0.108069031314
24192.0625 0.107979255462
24256.0625 0.107889276443
24320.0625 0.107799065732
24384.0625 0.107708595961
24448.0625 0.107617873393
24512.0625 0.107526942789
24576.0625 0.10743578142
24640.0625 0.107344348467
24704.0625 0.107252685213
24768.0625 0.107160771713
24832.0625 0.107068651105
24896.0625 0.10697628025
24960.0625 0.106883664251
25024.0625 0.106790819574
25088.0625 0.106697731841
25152.0625 0.106604400355
25216.0625 0.106510848309
25280.0625 0.106417044161
25344.0625 0.106323010408
25408.0625 0.106228716668
25472.0625 0.106134228111
25536.0625 0.106039457998
25600.0625 0.105944474051
25664.0625 0.105849229188
25728.0625 0.105753779305
25792.0625 0.105658048793
25856.0625 0.105562122073
25920.0625 0.10546592748
25984.0625 0.105369501195
26048.0625 0.105272855509
26112.0625 0.105175959113
26176.0625 0.105078796699
26240.0625 0.104981447819
26304.0625 0.104883833153
26368.0625 0.104785976126
26432.0625 0.104687883232
26496.0625 0.104589535221
26560.0625 0.104490992394
26624.0625 0.104392191202
26688.0625 0.10429314278
26752.0625 0.104193852692
26816.0625 0.104094364308
26880.0625 0.10399457999
26944.0625 0.103894591113
27008.0625 0.103794404406
27072.0625 0.10369387329
27136.0625 0.103593225053
27200.0625 0.103492288766
27264.0625 0.103391031727
27328.0625 0.103289779558
27392.0625 0.103187944332
27456.0625 0.103086074317
27520.0625 0.102984319104
27584.0625 0.102881722702
27648.0625 0.102778974157
27712.0625 0.102676356418
27776.0625 0.102573477068
27840.0625 0.102470009094
27904.0625 0.102366556194
27968.0625 0.102262910798
28032.0625 0.102158879247
28096.0625 0.102054862076
28160.0625 0.101949660467
28224.0625 0.101844904848
28288.0625 0.101739778382
28352.0625 0.101635706013
28416.0625 0.101529395573
28480.0625 0.101424634388
28544.0625 0.101318686446
28608.0625 0.101211567518
28672.0625 0.10110602985
28736.0625 0.100998998126
28800.0625 0.100892061954
28864.0625 0.100785655033
28928.0625 0.100679016188
28992.0625 0.100571126807
29056.0625 0.100462755255
29120.0625 0.100355488359
29184.0625 0.100246394826
29248.0625 0.100139183824
29312.0625 0.100030153142
29376.0625 0.099920913729
29440.0625 0.0998123747274
29504.0625 0.0997040555902
29568.0625 0.0995931446977
29632.0625 0.0994842601288
29696.0625 0.0993743982304
29760.0625 0.0992636872567
29824.0625 0.09915359297
29888.0625 0.099042653087
29952.0625 0.0989315886605
30016.0625 0.0988214278115
30080.0625 0.0987098086218
30144.0625 0.0985983538666
30208.0625 0.0984866706658
30272.0625 0.0983740266021
30336.0625 0.0982622283668
30400.0625 0.0981506270353
30464.0625 0.0980370258196
30528.0625 0.0979232056672
30592.0625 0.0978124879678
30656.0625 0.0976958807797
30720.0625 0.0975851561225
30784.0625 0.0974682706252
30848.0625 0.0973541853833
30912.0625 0.0972426046931
30976.0625 0.097126451613
31040.0625 0.0970102022844
31104.0625 0.0968966414235
31168.0625 0.0967831079298
31232.0625 0.0966650154978
31296.0625 0.0965511466413
31360.0625 0.0964342759872
31424.0625 0.096318691122
31488.0625 0.0962052921444
31552.0625 0.0960859296944
31616.0625 0.0959698990704
31680.0625 0.0958536130977
31744.0625 0.095733854057
31808.0625 0.0956171624485
31872.0625 0.0954986506972
31936.0625 0.0953823628691
32000.0625 0.0952662111806
32064.0625 0.0951430832058
32128.0625 0.0950247168711
32192.0625 0.0949070977969
32256.0625 0.0947867260118
32320.0625 0.0946698977999
32384.0625 0.094553213381
32448.0625 0.0944292154577
32512.0625 0.0943087492794
32576.0625 0.0941861113609
32640.0625 0.0940683171838
32704.0625 0.0939473004169
32768.0625 0.0937025758642
32896.0625 0.0934638071304
33024.0625 0.0932137311539
33152.0625 0.0929697559489
33280.0625 0.0927233473931
33408.0625 0.0924829206317
33536.0625 0.0922311077732
33664.0625 0.0919756003588
33792.0625 0.0917295491985
33920.0625 0.0914802371809
34048.0625 0.0912247371881
34176.0625 0.0909790009811
34304.0625 0.0907267247376
34432.0625 0.0904638558104
34560.0625 0.0902099456595
34688.0625 0.08994721264
34816.0625 0.0896894337579
34944.0625 0.0894332876237
35072.0625 0.0891809956093
35200.0625 0.0889146765746
35328.0625 0.0886508001678
35456.0625 0.0883913078281
35584.0625 0.0881289713994
35712.0625 0.0878643618795
35840.0625 0.0876010049834
35968.0625 0.0873330534327
36096.0625 0.0870639334469
36224.0625 0.0867985152066
36352.0625 0.086529363679
36480.0625 0.0862554859957
36608.0625 0.0859892525411
36736.0625 0.0857224450735
36864.0625 0.0854466479839
36992.0625 0.0851725592494
37120.0625 0.0848992657837
37248.0625 0.0846226815426
37376.0625 0.0843504604954
37504.0625 0.0840697897461
37632.0625 0.0837972122311
37760.0625 0.0835185814889
37888.0625 0.0832347966905
38016.0625 0.0829592551815
38144.0625 0.0826734415084
38272.0625 0.0823936676108
38400.0625 0.0821096276956
38528.0625 0.0818251677652
38656.0625 0.0815404114355
38784.0625 0.0812551801245
38912.0625 0.0809664629897
39040.0625 0.0806782904133
39168.0625 0.080388380955
39296.0625 0.0800994748018
39424.0625 0.0798086323116
39552.0625 0.0795159569228
39680.0625 0.0792229389816
39808.0625 0.0789295179558
39936.0625 0.0786346137734
40064.0625 0.0783385140207
40192.0625 0.0780402520366
40320.0625 0.0777420053596
40448.0625 0.077442287586
40576.0625 0.0771425714358
40704.0625 0.0768427801422
40832.0625 0.076540008156
40960.0625 0.0762390987548
41088.0625 0.0759348909246
41216.0625 0.0756291700195
41344.0625 0.0753212905939
41472.0625 0.075016735109
41600.0625 0.0747065730833
41728.0625 0.0743988052134
41856.0625 0.0740889769269
41984.0625 0.0737766396822
42112.0625 0.0734654439695
42240.0625 0.0731511302649
42368.0625 0.0728380902892
42496.0625 0.0725227804693
42624.0625 0.0722066633205
42752.0625 0.07189018924
42880.0625 0.0715716726012
43008.0625 0.071252918008
43136.0625 0.0709329952115
43264.0625 0.0706117529971
43392.0625 0.0702897361551
43520.0625 0.0699666468946
43648.0625 0.0696424346561
43776.0625 0.0693174016371
43904.0625 0.0689913889694
44032.0625 0.0686643620962
44160.0625 0.0683362904036
44288.0625 0.0680072334961
44416.0625 0.0676772261623
44544.0625 0.0673462978567
44672.0625 0.0670143808573
44800.0625 0.0666814691341
44928.0625 0.0663477002182
45056.0625 0.0660129344913
45184.0625 0.0656771886518
45312.0625 0.065340498416
45440.0625 0.0650028412874
45568.0625 0.0646642441692
45696.0625 0.0643246854923
45824.0625 0.0639841977263
45952.0625 0.0636427036402
46080.0625 0.0633002549532
46208.0625 0.0629568801921
46336.0625 0.0626125747183
46464.0625 0.062267282638
46592.0625 0.0619210320141
46720.0625 0.0615738154251
46848.0625 0.0612256504971
46976.0625 0.0608765330556
47104.0625 0.0605264498808
47232.0625 0.0601754160479
47360.0625 0.0598234183371
47488.0625 0.0594705052207
47616.0625 0.0591165834649
47744.0625 0.0587617344754
47872.0625 0.0584059223038
48000.0625 0.0580491365135
48128.0625 0.0576914311429
48256.0625 0.0573327338316
48384.0625 0.0569730686997
48512.0625 0.0566124774937
48640.0625 0.0562509256567
48768.0625 0.0558884022884
48896.0625 0.0555249115633
49024.0625 0.0551605279293
49152.0625 0.0547951129274
49280.0625 0.0544287762579
49408.0625 0.0540614337322
49536.0625 0.0536932210261
49664.0625 0.0533240096534
49792.0625 0.0529537940481
49920.0625 0.052582709654
50048.0625 0.0522106108224
50176.0625 0.0518375931063
50304.0625 0.0514635597933
50432.0625 0.0510885804605
50560.0625 0.0507126750536
50688.0625 0.0503357816487
50816.0625 0.0499579229743
50944.0625 0.0495791333554
51072.0625 0.0491993717413
51200.0625 0.0488186852126
51328.0625 0.0484370174117
51456.0625 0.0480543964015
51584.0625 0.0476707699989
51712.0625 0.0472862374677
51840.0625 0.0469007408267
51968.0625 0.0465142810036
52096.0625 0.0461268542876
52224.0625 0.0457384674046
52352.0625 0.04534914633
52480.0625 0.0449588168481
52608.0625 0.0445675953849
52736.0625 0.0441753620355
52864.0625 0.0437821678232
52992.0625 0.0433880113566
53120.0625 0.042992940412
53248.0625 0.0425968805417
53376.0625 0.0421998331373
53504.0625 0.0418019023327
53632.0625 0.0414030039395
53760.0625 0.0410030477391
53888.0625 0.0406021759011
54016.0625 0.0402003988621
54144.0625 0.0397976382317
54272.0625 0.039393899808
54400.0625 0.0389892204669
54528.0625 0.0385835946423
54656.0625 0.0381769877774
54784.0625 0.0377693776075
54912.0625 0.0373608279118
55040.0625 0.0369515624974
55168.0625 0.0365410059598
55296.0625 0.0361296882462
55424.0625 0.0357174224257
55552.0625 0.0353042864248
55680.0625 0.0348900274458
55808.0625 0.034474875094
55936.0625 0.0340589838311
56064.0625 0.0336419844333
56192.0625 0.0332237421526
56320.0625 0.0328049390786
56448.0625 0.0323849501751
56576.0625 0.031964895869
56704.0625 0.0315421837091
56832.0625 0.0311195262833
56960.0625 0.0306956222638
57088.0625 0.0302711126897
57216.0625 0.0298455872866
57344.0625 0.029419394869
57472.0625 0.0289913885705
57600.0625 0.0285628377135
57728.0625 0.0281329792666
57856.0625 0.0277028728926
57984.0625 0.0272738015972
58112.0625 0.0268390518645
58240.0625 0.0264060905009
58368.0625 0.0259716724201
58496.0625 0.02553695794
58624.0625 0.0251005566735
58752.0625 0.0246644571407
58880.0625 0.0242271311916
59008.0625 0.0237880319485
59136.0625 0.0233472593707
59264.0625 0.0229064823864
59392.0625 0.022465408075
59520.0625 0.0220218486935
59648.0625 0.0215781290522
59776.0625 0.021133476379
59904.0625 0.020689906329
60032.0625 0.0202416901372
60160.0625 0.0197937858837
60288.0625 0.0193468800649
60416.0625 0.0188975151515
60544.0625 0.0184464149796
60672.0625 0.0179953778912
60800.0625 0.017542422324
60928.0625 0.0170885409146
61056.0625 0.0166365925952
61184.0625 0.0161830616236
61312.0625 0.0157283942223
61440.0625 0.015269477502
61568.0625 0.0148087925899
61696.0625 0.0143507416434
61824.0625 0.0138938521744
61952.0625 0.0134306056572
62080.0625 0.0129653919572
62208.0625 0.0125045089817
62336.0625 0.0120463789489
62464.0625 0.0115766499125
62592.0625 0.0111104516933
62720.0625 0.010647856188
62848.0625 0.0101758308679
62976.0625 0.00970480027167
63104.0625 0.00923650383233
63232.0625 0.00876513996071
63360.0625 0.00829350728869
63488.0625 0.00782064472152
63616.0625 0.00734859899212
63744.0625 0.00687275271738
63872.0625 0.0064011754753
64000.0625 0.00592452465477
64128.0625 0.00544476813444
64256.0625 0.00496595902533
64384.0625 0.00448756366937
64512.0625 0.00401029801723
64640.0625 0.00352166412616
64768.0625 0.00304114944492
64896.0625 0.00255611084609
65024.0625 0.00206913266341
65152.0625 0.00158443963195
65280.0625 0.00109584493611
65408.0625 0.00060578818877
65536.0625 6.08272795001e-05
