0 1
0.0625 0.975694444444
0.125 0.569444444444
0.1875 0.423611111111
23.9375 0.42361108462
24.0 0.423611058129
47.9375 0.423611005147
71.8125 0.423610952165
95.8125 0.423610899183
119.8125 0.423610846202
127.8125 0.326395405663
128.0625 0.326388623979
143.5625 0.326388570997
151.5625 0.326388465034
167.5625 0.326388412052
175.5625 0.326388306088
191.5625 0.326388200124
199.0625 0.326388173633
199.5625 0.32638809416
215.5625 0.326388041178
223.0625 0.326387935215
239.5625 0.326387882233
247.0625 0.326387776269
263.0625 0.326387723287
271.0625 0.326387617323
279.0625 0.326387511359
287.0625 0.326387458377
294.0625 0.326387378905
295.0625 0.326387352414
303.0625 0.32638724645
311.0625 0.326387193468
318.0625 0.326387087504
319.0625 0.32638698154
327.0625 0.326386875576
335.0625 0.326386822595
342.0625 0.326386716631
350.0625 0.326386610667
359.0625 0.326386557685
366.0625 0.326386451721
374.0625 0.326386345757
383.0625 0.326386239794
390.0625 0.32638613383
398.0625 0.326386027866
407.0625 0.32638586892
414.0625 0.326385762956
421.0625 0.326385736465
422.0625 0.326385656993
430.0625 0.32638557752
431.0625 0.326385498047
438.0625 0.326385392083
445.0625 0.326385286119
447.0625 0.326385180155
454.0625 0.326385074192
455.0625 0.32638502121
461.0625 0.326384994719
462.0625 0.326384915246
469.0625 0.326384809282
478.0625 0.326384703318
479.0625 0.326384650336
485.0625 0.326384597354
486.0625 0.326384544373
493.0625 0.326384438409
501.0625 0.326384358936
502.0625 0.326384332445
503.0625 0.326384279463
509.0625 0.326384173499
511.0625 0.326384067535
516.0625 0.326383961572
524.0625 0.326383855608
526.0625 0.326383802626
532.0625 0.326383696662
534.0625 0.326383590698
540.0625 0.326383484734
548.0625 0.326383378771
550.0625 0.326383325789
556.0625 0.326383219825
558.0625 0.326383113861
564.0625 0.326383007897
572.0625 0.326382901933
574.0625 0.326382690006
580.0625 0.326382584042
582.0625 0.326382478078
588.0625 0.326382372114
596.0625 0.326382266151
598.0625 0.326382213169
604.0625 0.326382001241
610.0625 0.32638197475
612.0625 0.326381895277
618.0625 0.326381815804
620.0625 0.326381789313
622.0625 0.326381736332
628.0625 0.326381524404
634.0625 0.32638141844
638.0625 0.326381312476
642.0625 0.326381206512
646.0625 0.326381153531
652.0625 0.326380941603
658.0625 0.326380835639
662.0625 0.326380729675
666.0625 0.326380623711
670.0625 0.32638057073
674.0625 0.326380544239
676.0625 0.326380358802
682.0625 0.326380252838
686.0625 0.326380146874
690.0625 0.326380040911
694.0625 0.326379987929
698.0625 0.326379881965
700.0625 0.326379776001
702.0625 0.326379564073
706.0625 0.32637945811
708.0625 0.326379378637
710.0625 0.326379352146
714.0625 0.326379246182
718.0625 0.3263791932
722.0625 0.326379087236
724.0625 0.326378981272
730.0625 0.326378875309
732.0625 0.326378769345
736.0625 0.326378742854
738.0625 0.326378663381
742.0625 0.326378610399
746.0625 0.326378504435
748.0625 0.326378398471
754.0625 0.326378292508
756.0625 0.326378186544
760.0625 0.32637808058
766.0625 0.326377868652
768.0625 0.326377842161
770.0625 0.326377762689
772.0625 0.326377656725
778.0625 0.326377471288
780.0625 0.326377444797
784.0625 0.326377338833
790.0625 0.326377179888
792.0625 0.326377073924
796.0625 0.32637696796
800.0625 0.326376941469
802.0625 0.326376756032
808.0625 0.326376650068
812.0625 0.326376623578
814.0625 0.326376491123
816.0625 0.326376385159
820.0625 0.326376279195
824.0625 0.326376173231
826.0625 0.326376067268
830.0625 0.32637585534
832.0625 0.326375749376
836.0625 0.326375643412
838.0625 0.32637559043
840.0625 0.326375484467
842.0625 0.326375457976
844.0625 0.326375378503
848.0625 0.326375193066
850.0625 0.326375166575
856.0625 0.326375060611
860.0625 0.326374954647
862.0625 0.326374901666
864.0625 0.326374795702
866.0625 0.326374716229
868.0625 0.326374689738
872.0625 0.32637447781
878.0625 0.326374398337
880.0625 0.326374371847
882.0625 0.326374292374
884.0625 0.326374265883
886.0625 0.326374106937
890.0625 0.326374000973
894.0625 0.326373789046
896.0625 0.326373577118
902.0625 0.326373471154
906.0625 0.32637336519
910.0625 0.326373206245
914.0625 0.326373100281
918.0625 0.326372967826
920.0625 0.326372782389
926.0625 0.326372676426
930.0625 0.326372570462
934.0625 0.326372411516
938.0625 0.326372305552
940.0625 0.326372199588
942.0625 0.326372093625
944.0625 0.326371987661
950.0625 0.326371881697
952.0625 0.326371775733
956.0625 0.326371749242
958.0625 0.326371351878
962.0625 0.326371245914
964.0625 0.32637113995
966.0625 0.326371033986
968.0625 0.326370928023
974.0625 0.326370822059
976.0625 0.326370716095
980.0625 0.326370610131
982.0625 0.326370557149
986.0625 0.326370371713
988.0625 0.326370318731
990.0625 0.326370212767
992.0625 0.326370133294
996.0625 0.326370080312
998.0625 0.326370000839
1000.0625 0.326369921366
1004.0625 0.326369815403
1006.0625 0.326369762421
1010.0625 0.326369550493
1012.0625 0.326369444529
1014.0625 0.326369338565
1020.0625 0.326369232602
1022.0625 0.32636891471
1028.0625 0.326368782255
1032.0625 0.326368543837
1036.0625 0.326368331909
1044.0625 0.326368014018
1048.0625 0.326367987527
1052.0625 0.326367908054
1056.0625 0.326367643144
1060.0625 0.326367431217
1068.0625 0.326367113325
1072.0625 0.326367007362
1080.0625 0.326366662979
1084.0625 0.326366212633
1092.0625 0.326365894741
1096.0625 0.326365788778
1100.0625 0.326365682814
1104.0625 0.326365417904
1108.0625 0.326365311941
1112.0625 0.326365179486
1116.0625 0.326364994049
1120.0625 0.326364888085
1124.0625 0.32636472914
1128.0625 0.326364517212
1132.0625 0.326364411248
1136.0625 0.326364093357
1144.0625 0.326363987393
1148.0625 0.326363563538
1152.0625 0.32636335161
1156.0625 0.326363245646
1160.0625 0.326362927755
1168.0625 0.326362821791
1172.0625 0.326362556881
1176.0625 0.326362344954
1180.0625 0.32636223899
1184.0625 0.326361921098
1192.0625 0.326361788644
1196.0625 0.326361550225
1200.0625 0.326361338298
1204.0625 0.32636112637
1208.0625 0.326360914442
1212.0625 0.326360596551
1216.0625 0.32636030515
1220.0625 0.326360225677
1224.0625 0.32636001375
1228.0625 0.326359801822
1232.0625 0.326359589895
1236.0625 0.326359563404
1240.0625 0.326359272003
1244.0625 0.326359166039
1248.0625 0.326359007094
1252.0625 0.326358715693
1256.0625 0.326358583238
1260.0625 0.326358477275
1264.0625 0.326358265347
1268.0625 0.326358159383
1272.0625 0.326358000437
1276.0625 0.326357364655
1280.0625 0.326357258691
1284.0625 0.326357152727
1288.0625 0.326356940799
1292.0625 0.326356781854
1296.0625 0.326356569926
1300.0625 0.326356252035
1304.0625 0.326356146071
1308.0625 0.326355828179
1316.0625 0.326355669234
1320.0625 0.326355457306
1324.0625 0.326355139414
1328.0625 0.326355033451
1332.0625 0.326354715559
1340.0625 0.32635418574
1344.0625 0.326353867849
1348.0625 0.326353655921
1352.0625 0.326353549957
1356.0625 0.326353232066
1360.0625 0.326353205575
1364.0625 0.32635307312
1368.0625 0.326352728738
1372.0625 0.326352463828
1376.0625 0.326352410846
1380.0625 0.326352119446
1384.0625 0.326352013482
1388.0625 0.326351881027
1392.0625 0.326351457172
1396.0625 0.326351324717
1400.0625 0.326351192262
1404.0625 0.326350688934
1408.0625 0.326350582971
1412.0625 0.326350397534
1416.0625 0.32635000017
1420.0625 0.326349894206
1424.0625 0.326349655787
1428.0625 0.32634947035
1432.0625 0.326349364387
1436.0625 0.326349152459
1440.0625 0.326348781586
1444.0625 0.326348675622
1448.0625 0.326348384221
1452.0625 0.326348251767
1456.0625 0.326348145803
1460.0625 0.326347880893
1464.0625 0.326347563002
1468.0625 0.32634695371
1472.0625 0.326346609328
1480.0625 0.326346370909
1484.0625 0.326346211963
1488.0625 0.326345920563
1492.0625 0.326345708635
1496.0625 0.326345390744
1504.0625 0.326345072852
1508.0625 0.326344913907
1512.0625 0.326344701979
1516.0625 0.326344410578
1520.0625 0.32634417216
1524.0625 0.326344092687
1528.0625 0.326343854268
1532.0625 0.326343324449
1536.0625 0.326343086031
1540.0625 0.326342688666
1544.0625 0.326342582703
1548.0625 0.326342450248
1552.0625 0.326342264811
1556.0625 0.326342026393
1560.0625 0.32634168201
1564.0625 0.326341364119
1568.0625 0.326341258155
1572.0625 0.326340940264
1580.0625 0.326340728336
1584.0625 0.32634027799
1588.0625 0.326340039571
1592.0625 0.326339907116
1596.0625 0.326339191861
1600.0625 0.326339085897
1604.0625 0.326338979933
1608.0625 0.326338503096
1612.0625 0.326338291168
1616.0625 0.326338185204
1620.0625 0.326337867313
1624.0625 0.326337681876
1628.0625 0.326337522931
1632.0625 0.326336993112
1636.0625 0.326336860657
1640.0625 0.326336754693
1644.0625 0.326336436801
1648.0625 0.326336330838
1652.0625 0.326336039437
1656.0625 0.3263355626
1660.0625 0.326335112254
1664.0625 0.326334900326
1668.0625 0.326334688399
1672.0625 0.326334582435
1676.0625 0.326334211561
1680.0625 0.32633389367
1684.0625 0.326333681742
1688.0625 0.326333416833
1692.0625 0.326333257887
1696.0625 0.326333125432
1700.0625 0.326332807541
1704.0625 0.326332383686
1708.0625 0.326332171758
1712.0625 0.326331827376
1720.0625 0.326331377029
1724.0625 0.326330926683
1728.0625 0.326330449846
1732.0625 0.326330211427
1736.0625 0.326329920027
1740.0625 0.326329867045
1744.0625 0.326329602136
1748.0625 0.326329363717
1752.0625 0.326329019335
1756.0625 0.326328595479
1760.0625 0.326328489516
1764.0625 0.326328383552
1768.0625 0.326328171624
1772.0625 0.326327800751
1776.0625 0.326327482859
1780.0625 0.326327164968
1784.0625 0.326326873567
1788.0625 0.32632639673
1792.0625 0.326326317257
1796.0625 0.326325946384
1800.0625 0.326325628493
1804.0625 0.326325310601
1808.0625 0.326325204637
1812.0625 0.326324780782
1816.0625 0.326324674818
1820.0625 0.326324303945
1824.0625 0.326323933072
1828.0625 0.326323694653
1832.0625 0.326323562198
1836.0625 0.326323244307
1840.0625 0.32632305887
1844.0625 0.326322740979
1848.0625 0.326321999232
1852.0625 0.326321601868
1856.0625 0.32632138994
1860.0625 0.326321178012
1864.0625 0.326320966085
1868.0625 0.326320648193
1872.0625 0.326320171356
1876.0625 0.32631998592
1880.0625 0.326319694519
1884.0625 0.326319535573
1888.0625 0.32631942961
1892.0625 0.326318952772
1896.0625 0.326318634881
1900.0625 0.326318422953
1904.0625 0.326318105062
1908.0625 0.326317999098
1912.0625 0.326317601734
1916.0625 0.326316965951
1920.0625 0.326316595078
1924.0625 0.326316330168
1928.0625 0.326315985786
1932.0625 0.326315932804
1936.0625 0.326315694385
1940.0625 0.326315138075
1944.0625 0.326314873166
1948.0625 0.326314608256
1952.0625 0.326314343346
1956.0625 0.326314263874
1960.0625 0.326313919491
1964.0625 0.326313495636
1968.0625 0.326313204236
1972.0625 0.326312886344
1976.0625 0.326312383016
1980.0625 0.326312065125
1984.0625 0.326311747233
1988.0625 0.326311164432
1992.0625 0.326310926014
1996.0625 0.326310608122
2000.0625 0.326310528649
2004.0625 0.326310131285
2008.0625 0.326310104794
2012.0625 0.326309495502
2016.0625 0.326309204102
2020.0625 0.32630888621
2028.0625 0.326308462355
2032.0625 0.326308250427
2036.0625 0.326307826572
2040.0625 0.326306952371
2044.0625 0.326306713952
2048.0625 0.326306290097
2056.0625 0.32630554835
2064.0625 0.326304965549
2072.0625 0.326304515203
2080.0625 0.326303773456
2088.0625 0.326303164164
2096.0625 0.326302687327
2104.0625 0.326301336288
2112.0625 0.326300753487
2120.0625 0.326300303141
2128.0625 0.326299296485
2136.0625 0.326298846139
2144.0625 0.326298501756
2152.0625 0.326297548082
2160.0625 0.326296965281
2168.0625 0.326296197044
2176.0625 0.326295216878
2184.0625 0.326294581095
2192.0625 0.326294210222
2200.0625 0.32629330953
2208.0625 0.326292726729
2216.0625 0.32629219691
2224.0625 0.326291455163
2232.0625 0.326290236579
2240.0625 0.32628970676
2248.0625 0.326288806068
2256.0625 0.326288276249
2264.0625 0.326287852393
2272.0625 0.326286845737
2280.0625 0.326286421882
2288.0625 0.326285786099
2296.0625 0.326284302606
2304.0625 0.326283666823
2312.0625 0.326283348931
2320.0625 0.32628220982
2328.0625 0.326281600528
2336.0625 0.326281388601
2344.0625 0.326280196508
2352.0625 0.326279587216
2360.0625 0.326278554069
2368.0625 0.326277573903
2376.0625 0.326276938121
2384.0625 0.326276434792
2392.0625 0.326275454627
2400.0625 0.32627497779
2408.0625 0.326274236043
2416.0625 0.326273361842
2424.0625 0.326272381677
2432.0625 0.326271507475
2440.0625 0.326270712747
2448.0625 0.326270103455
2456.0625 0.326269361708
2464.0625 0.32626859347
2472.0625 0.326267984178
2480.0625 0.326266977522
2488.0625 0.326265599993
2496.0625 0.32626496421
2504.0625 0.326264354918
2512.0625 0.326263427734
2520.0625 0.326262897915
2528.0625 0.326262103187
2536.0625 0.326261308458
2544.0625 0.326260566711
2552.0625 0.326259348128
2560.0625 0.32625857989
2568.0625 0.326257997089
2576.0625 0.326256963942
2584.0625 0.326256195704
2592.0625 0.326255745358
2600.0625 0.326254473792
2608.0625 0.326253652573
2616.0625 0.326252725389
2624.0625 0.326251586278
2632.0625 0.326250924004
2640.0625 0.326250341203
2648.0625 0.326249361038
2656.0625 0.326248672273
2664.0625 0.326248036491
2672.0625 0.326246658961
2680.0625 0.326245678796
2688.0625 0.326245069504
2696.0625 0.326244036357
2704.0625 0.32624329461
2712.0625 0.326242605845
2720.0625 0.326241758135
2728.0625 0.326240936915
2736.0625 0.326239718331
2744.0625 0.326238314311
2752.0625 0.326237678528
2760.0625 0.326236989763
2768.0625 0.326235983107
2776.0625 0.326235294342
2784.0625 0.326234579086
2792.0625 0.326233545939
2800.0625 0.326232618756
2808.0625 0.326231426663
2816.0625 0.32623052597
2824.0625 0.326229916679
2832.0625 0.326228724586
2840.0625 0.326227982839
2848.0625 0.326227400038
2856.0625 0.326226128472
2864.0625 0.326224909888
2872.0625 0.326224009196
2880.0625 0.326222870085
2888.0625 0.326222154829
2896.0625 0.326221466064
2904.0625 0.326220353444
2912.0625 0.32621966468
2920.0625 0.326218869951
2928.0625 0.326217518912
2936.0625 0.32621632682
2944.0625 0.326215638055
2952.0625 0.326214631399
2960.0625 0.326213730706
2968.0625 0.326213041941
2976.0625 0.326211796867
2984.0625 0.326211161084
2992.0625 0.326209836536
3000.0625 0.326208247079
3008.0625 0.326207531823
3016.0625 0.326206922531
3024.0625 0.326205545002
3032.0625 0.326204988692
3040.0625 0.326204140981
3048.0625 0.326203028361
3056.0625 0.32620188925
3064.0625 0.326200379266
3072.0625 0.326199637519
3080.0625 0.326199081209
3088.0625 0.326197624207
3096.0625 0.326196802987
3104.0625 0.326196167204
3112.0625 0.326194922129
3120.0625 0.326193571091
3128.0625 0.32619243198
3136.0625 0.326191345851
3144.0625 0.326190604104
3152.0625 0.32618965043
3160.0625 0.326188643773
3168.0625 0.326187663608
3176.0625 0.326186974843
3184.0625 0.326185385386
3192.0625 0.326184060838
3200.0625 0.326183425056
3208.0625 0.326182206472
3216.0625 0.326181305779
3224.0625 0.326180458069
3232.0625 0.32617910703
3240.0625 0.326178338793
3248.0625 0.326176961263
3256.0625 0.326175318824
3264.0625 0.32617465655
3272.0625 0.326173596912
3280.0625 0.326172563765
3288.0625 0.326171769036
3296.0625 0.326170391507
3304.0625 0.326169702742
3312.0625 0.326168378194
3320.0625 0.326166629791
3328.0625 0.326165888045
3336.0625 0.326165305244
3344.0625 0.326163768768
3352.0625 0.326163053513
3360.0625 0.326162046856
3368.0625 0.326160775291
3376.0625 0.326159530216
3384.0625 0.326157993741
3392.0625 0.32615688112
3400.0625 0.32615603341
3408.0625 0.326155053245
3416.0625 0.326153914134
3424.0625 0.326152907477
3432.0625 0.326151768366
3440.0625 0.3261502054
3448.0625 0.326149066289
3456.0625 0.326148033142
3464.0625 0.326146761576
3472.0625 0.326145913866
3480.0625 0.326144986682
3488.0625 0.326143635644
3496.0625 0.326142655479
3504.0625 0.326140827603
3512.0625 0.326139556037
3520.0625 0.326138920254
3528.0625 0.326137383779
3536.0625 0.326136377123
3544.0625 0.326136006249
3552.0625 0.326134231355
3560.0625 0.326133277681
3568.0625 0.326131926643
3576.0625 0.326130284203
3584.0625 0.326129436493
3592.0625 0.326128350364
3600.0625 0.32612713178
3608.0625 0.326126151615
3616.0625 0.326124880049
3624.0625 0.326123555501
3632.0625 0.326122019026
3640.0625 0.326120826933
3648.0625 0.326119687822
3656.0625 0.326118575202
3664.0625 0.326117515564
3672.0625 0.326116243998
3680.0625 0.326115290324
3688.0625 0.326113965776
3696.0625 0.326112243864
3704.0625 0.326111157735
3712.0625 0.326110018624
3720.0625 0.326108773549
3728.0625 0.326107978821
3736.0625 0.326106336382
3744.0625 0.326105276744
3752.0625 0.326104270087
3760.0625 0.326102097829
3768.0625 0.326101038191
3776.0625 0.32609989908
3784.0625 0.326098601023
3792.0625 0.326097806295
3800.0625 0.326096216838
3808.0625 0.326095130708
3816.0625 0.326093885634
3824.0625 0.326092163722
3832.0625 0.32609099812
3840.0625 0.326089938482
3848.0625 0.326088534461
3856.0625 0.326087633769
3864.0625 0.326086468167
3872.0625 0.326084931691
3880.0625 0.326083448198
3888.0625 0.32608212365
3896.0625 0.326080587175
3904.0625 0.326079448064
3912.0625 0.326078255971
3920.0625 0.326076931424
3928.0625 0.326075871785
3936.0625 0.326074759165
3944.0625 0.326072798835
3952.0625 0.326071474287
3960.0625 0.326070123249
3968.0625 0.326068825192
3976.0625 0.326067898009
3984.0625 0.326066149606
3992.0625 0.326065116458
4000.0625 0.326064374712
4008.0625 0.326062017017
4016.0625 0.326060665978
4024.0625 0.326059579849
4032.0625 0.326058016883
4040.0625 0.326056957245
4048.0625 0.326055579715
4056.0625 0.326054361131
4064.0625 0.326053433948
4072.0625 0.326051447127
4080.0625 0.326049804688
4088.0625 0.326048586104
4096.0625 0.326046148936
4112.0625 0.326043446859
4128.0625 0.326040347417
4144.0625 0.326037300958
4160.0625 0.32603459888
4176.0625 0.326032479604
4192.0625 0.326029247708
4208.0625 0.326025989321
4224.0625 0.32602347268
4240.0625 0.326021353404
4256.0625 0.326017697652
4272.0625 0.326014518738
4288.0625 0.326011975606
4304.0625 0.326009485457
4320.0625 0.326006015142
4336.0625 0.326003127628
4352.0625 0.326000425551
4368.0625 0.325997670492
4384.0625 0.325994438595
4400.0625 0.325991206699
4416.0625 0.325988398658
4432.0625 0.325985802544
4448.0625 0.325982252757
4464.0625 0.325979603661
4480.0625 0.32597650422
4496.0625 0.325973510742
4512.0625 0.325970331828
4528.0625 0.325967258877
4544.0625 0.325964132945
4560.0625 0.325961324904
4576.0625 0.325957722134
4592.0625 0.325954649183
4608.0625 0.325951894124
4624.0625 0.325949033101
4640.0625 0.325945138931
4656.0625 0.325941986508
4672.0625 0.325939046012
4688.0625 0.325936608844
4704.0625 0.325932476256
4720.0625 0.325929005941
4736.0625 0.325926409827
4752.0625 0.325923601786
4768.0625 0.325919336743
4784.0625 0.32591621081
4800.0625 0.325913270315
4816.0625 0.325910170873
4832.0625 0.325906515121
4848.0625 0.32590315077
4864.0625 0.325900210275
4880.0625 0.325896951887
4896.0625 0.325893031226
4912.0625 0.325889878803
4928.0625 0.325886620416
4944.0625 0.325883203083
4960.0625 0.325879388385
4976.0625 0.32587644789
4992.0625 0.32587313652
5008.0625 0.325869533751
5024.0625 0.325865798526
5040.0625 0.325862381193
5056.0625 0.325859361225
5072.0625 0.325855573018
5088.0625 0.325852129194
5104.0625 0.325848288006
5120.0625 0.325845135583
5136.0625 0.325841850705
5152.0625 0.325837930044
5168.0625 0.325834115346
5184.0625 0.325830830468
5200.0625 0.325827386644
5216.0625 0.325823757384
5232.0625 0.325819916195
5248.0625 0.325816737281
5264.0625 0.325812922584
5280.0625 0.32580892245
5296.0625 0.325805372662
5312.0625 0.325801928838
5328.0625 0.325798246596
5344.0625 0.325794246462
5360.0625 0.325790511237
5376.0625 0.325787650214
5392.0625 0.325783464644
5408.0625 0.325779279073
5424.0625 0.325775596831
5440.0625 0.325772205989
5456.0625 0.325768391291
5472.0625 0.325764258703
5488.0625 0.325760708915
5504.0625 0.3257572386
5520.0625 0.325752973557
5536.0625 0.325748999914
5552.0625 0.325745450126
5568.0625 0.325741661919
5584.0625 0.325737423367
5600.0625 0.325733529197
5616.0625 0.325730217828
5632.0625 0.325726456112
5648.0625 0.325721740723
5664.0625 0.325717608134
5680.0625 0.325714031855
5696.0625 0.325710508558
5712.0625 0.325705660714
5728.0625 0.325701872508
5744.0625 0.325698375702
5760.0625 0.325694402059
5776.0625 0.325689845615
5792.0625 0.325685739517
5808.0625 0.325682004293
5824.0625 0.325677977668
5840.0625 0.325673527188
5856.0625 0.325669500563
5872.0625 0.325665897793
5888.0625 0.325661685732
5904.0625 0.325657023324
5920.0625 0.325652943717
5936.0625 0.325649234984
5952.0625 0.325645287832
5968.0625 0.325640201569
5984.0625 0.325636492835
6000.0625 0.325632280774
6016.0625 0.325628042221
6032.0625 0.325623591741
6048.0625 0.325619724062
6064.0625 0.325615326564
6080.0625 0.325610902574
6096.0625 0.325606213676
6112.0625 0.325602293015
6128.0625 0.325598398844
6144.0625 0.325593789419
6160.0625 0.325588941574
6176.0625 0.325584967931
6192.0625 0.325580676397
6208.0625 0.325576199426
6224.0625 0.325571722454
6240.0625 0.325567589866
6256.0625 0.325563112895
6272.0625 0.325558238559
6288.0625 0.325553947025
6304.0625 0.325549893909
6320.0625 0.325545893775
6336.0625 0.325540569093
6352.0625 0.325535774231
6368.0625 0.325531933043
6384.0625 0.325527456072
6400.0625 0.325522369809
6416.0625 0.325517760383
6432.0625 0.325513866213
6448.0625 0.325508991877
6464.0625 0.325504197015
6480.0625 0.325499534607
6496.0625 0.325495322545
6512.0625 0.325490607156
6528.0625 0.325485865275
6544.0625 0.325480911467
6560.0625 0.32547627555
6576.0625 0.325472275416
6592.0625 0.325467083189
6608.0625 0.325462235345
6624.0625 0.325457996792
6640.0625 0.325453122457
6656.0625 0.325448089176
6672.0625 0.325443691678
6688.0625 0.325438737869
6704.0625 0.325434048971
6720.0625 0.325428962708
6736.0625 0.325424247318
6752.0625 0.325419505437
6768.0625 0.325415743722
6784.0625 0.325409650803
6800.0625 0.325404485067
6816.0625 0.325400458442
6832.0625 0.325395266215
6848.0625 0.325390153461
6864.0625 0.325385358598
6880.0625 0.325380643209
6896.0625 0.325375848346
6912.0625 0.325370762083
6928.0625 0.325365596347
6944.0625 0.325360510084
6960.0625 0.325355980131
6976.0625 0.325350417031
6992.0625 0.325345410241
7008.0625 0.325340456433
7024.0625 0.32533537017
7040.0625 0.325330124961
7056.0625 0.325325489044
7072.0625 0.325320561727
7088.0625 0.325315104591
7104.0625 0.325309700436
7120.0625 0.325305064519
7136.0625 0.325299580892
7152.0625 0.325294362174
7168.0625 0.32528951433
7184.0625 0.325284004211
7200.0625 0.325278732512
7216.0625 0.325273513794
7232.0625 0.325268507004
7248.0625 0.325263341268
7264.0625 0.325258440442
7280.0625 0.325252585941
7296.0625 0.325247208277
7312.0625 0.325242095523
7328.0625 0.325236850315
7344.0625 0.325231048796
7360.0625 0.325225724114
7376.0625 0.325221114688
7392.0625 0.325215525097
7408.0625 0.325209697088
7424.0625 0.325204531352
7440.0625 0.325199498071
7456.0625 0.325194279353
7472.0625 0.325188424852
7488.0625 0.325182676315
7504.0625 0.325177298652
7520.0625 0.325172503789
7536.0625 0.325166384379
7552.0625 0.325160715315
7568.0625 0.325155390633
7584.0625 0.325150542789
7600.0625 0.325144026015
7616.0625 0.32513833046
7632.0625 0.325133456124
7648.0625 0.325128369861
7664.0625 0.325122117996
7680.0625 0.325116607878
7696.0625 0.325110806359
7712.0625 0.325105296241
7728.0625 0.325099044376
7744.0625 0.325093825658
7760.0625 0.325088236067
7776.0625 0.325082593494
7792.0625 0.325076871448
7808.0625 0.325071069929
7824.0625 0.325065215429
7840.0625 0.32505970531
7856.0625 0.325053665373
7872.0625 0.325047863854
7888.0625 0.325042433209
7904.0625 0.32503663169
7920.0625 0.325030141407
7936.0625 0.325024233924
7952.0625 0.325019359589
7968.0625 0.325012816323
7984.0625 0.325006590949
8000.0625 0.325000842412
8016.0625 0.324995729658
8032.0625 0.32498937183
8048.0625 0.324983411365
8064.0625 0.324977636337
8080.0625 0.324971516927
8096.0625 0.32496521208
8112.0625 0.324959463543
8128.0625 0.324953397115
8144.0625 0.324947569105
8160.0625 0.324940919876
8176.0625 0.324935303794
8192.0625 0.324922985501
8224.0625 0.324910667208
8256.0625 0.324898878733
8288.0625 0.324886057112
8320.0625 0.324874692493
8352.0625 0.324861288071
8384.0625 0.324849499596
8416.0625 0.324836095174
8448.0625 0.324823829863
8480.0625 0.324811087714
8512.0625 0.324798398548
8544.0625 0.324785603417
8576.0625 0.324772384432
8608.0625 0.324759456846
8640.0625 0.32474676768
8672.0625 0.324733336767
8704.0625 0.324720700582
8736.0625 0.324707455105
8768.0625 0.324694103665
8800.0625 0.324680964152
8832.0625 0.324667665693
8864.0625 0.324654102325
8896.0625 0.324640830358
8928.0625 0.32462726699
8960.0625 0.324613995022
8992.0625 0.324599981308
9024.0625 0.324586179521
9056.0625 0.324573013518
9088.0625 0.324558284548
9120.0625 0.324544827143
9152.0625 0.324530416065
9184.0625 0.324517117606
9216.0625 0.324502786001
9248.0625 0.32448858685
9280.0625 0.324474281735
9312.0625 0.324460877313
9344.0625 0.324445777469
9376.0625 0.324432002174
9408.0625 0.324417220222
9440.0625 0.324403074053
9472.0625 0.324388053682
9504.0625 0.324373563131
9536.0625 0.324358728197
9568.0625 0.324344264136
9600.0625 0.32432934973
9632.0625 0.324314276377
9664.0625 0.324299150043
9696.0625 0.324284977383
9728.0625 0.324269268248
9760.0625 0.324254459805
9792.0625 0.324239148034
9824.0625 0.324223889245
9856.0625 0.324208630456
9888.0625 0.324193053775
9920.0625 0.324177238676
9952.0625 0.32416205936
9984.0625 0.324146641625
10016.0625 0.324131170909
10048.0625 0.324115461773
10080.0625 0.324099408256
10112.0625 0.324083646139
10144.0625 0.324067354202
10176.0625 0.324051804013
10208.0625 0.324035538567
10240.0625 0.324020147324
10272.0625 0.32400337855
10304.0625 0.323987589942
10336.0625 0.323970715205
10368.0625 0.32395474116
10400.0625 0.323937892914
10432.0625 0.323921918869
10464.0625 0.32390528255
10496.0625 0.323889255524
10528.0625 0.323871956931
10560.0625 0.323855400085
10592.0625 0.323838233948
10624.0625 0.323821915521
10656.0625 0.323804431491
10688.0625 0.323787874646
10720.0625 0.323770734999
10752.0625 0.323753833771
10784.0625 0.323735925886
10816.0625 0.323719289568
10848.0625 0.323701116774
10880.0625 0.323684268528
10912.0625 0.323666572571
10944.0625 0.323649088542
10976.0625 0.323631154166
11008.0625 0.323614438375
11040.0625 0.323595868217
11072.0625 0.323578596115
11104.0625 0.323560714722
11136.0625 0.323542065091
11168.0625 0.323524395625
11200.0625 0.32350593143
11232.0625 0.323488050037
11264.0625 0.323469294442
11296.0625 0.323451015684
11328.0625 0.323432895872
11360.0625 0.323415305879
11392.0625 0.323395649592
11424.0625 0.323377370834
11456.0625 0.323358827167
11488.0625 0.323339965608
11520.0625 0.323320971595
11552.0625 0.323302083545
11584.0625 0.323283354441
11616.0625 0.323264943229
11648.0625 0.32324467765
11680.0625 0.323226716783
11712.0625 0.323206265767
11744.0625 0.323187907537
11776.0625 0.323167959849
11808.0625 0.323148939345
11840.0625 0.323128753238
11872.0625 0.323109918171
11904.0625 0.323089122772
11936.0625 0.323070393668
11968.0625 0.323049518797
12000.0625 0.323030736711
12032.0625 0.323010232713
12064.0625 0.322990232044
12096.0625 0.322969966465
12128.0625 0.322950204213
12160.0625 0.322929488288
12192.0625 0.322909090254
12224.0625 0.322888877657
12256.0625 0.322868532605
12288.0625 0.322847525279
12320.0625 0.322826756371
12352.0625 0.322806305355
12384.0625 0.322785377502
12416.0625 0.322765138414
12448.0625 0.322743521796
12480.0625 0.322722699907
12512.0625 0.322701136271
12544.0625 0.322680844201
12576.0625 0.322658989165
12608.0625 0.322637663947
12640.0625 0.322616921531
12672.0625 0.322594775094
12704.0625 0.322573343913
12736.0625 0.322551753786
12768.0625 0.322530004713
12800.0625 0.322507990731
12832.0625 0.322486480077
12864.0625 0.322464519077
12896.0625 0.322442452113
12928.0625 0.32242041164
12960.0625 0.322397549947
12992.0625 0.322375827365
13024.0625 0.32235344251
13056.0625 0.32233066029
13088.0625 0.322308063507
13120.0625 0.32228591707
13152.0625 0.322263028887
13184.0625 0.322240458594
13216.0625 0.322217517429
13248.0625 0.322194523282
13280.0625 0.322172058953
13312.0625 0.322147819731
13344.0625 0.322125514348
13376.0625 0.322101407581
13408.0625 0.322079049216
13440.0625 0.322054651048
13472.0625 0.322032239702
13504.0625 0.322007550134
13536.0625 0.321984979841
13568.0625 0.321960237291
13600.0625 0.321937190162
13632.0625 0.321913003922
13664.0625 0.321889373991
13696.0625 0.321864313549
13728.0625 0.321840498183
13760.0625 0.321816338433
13792.0625 0.321792920431
13824.0625 0.321767197715
13856.0625 0.321743355857
13888.0625 0.321718639798
13920.0625 0.321693632338
13952.0625 0.321668836806
13984.0625 0.321643723382
14016.0625 0.321619272232
14048.0625 0.321594423718
14080.0625 0.321569230821
14112.0625 0.321543296178
14144.0625 0.321518633101
14176.0625 0.321493069331
14208.0625 0.321467929416
14240.0625 0.321442127228
14272.0625 0.321416245566
14304.0625 0.321390893724
14336.0625 0.321365118027
14368.0625 0.321338203218
14400.0625 0.321313063304
14432.0625 0.321286757787
14464.0625 0.321261220508
14496.0625 0.321234411663
14528.0625 0.321208265093
14560.0625 0.321181562212
14592.0625 0.321155203713
14624.0625 0.321128103468
14656.0625 0.321101877424
14688.0625 0.321074379815
14720.0625 0.321048074298
14752.0625 0.32102060318
14784.0625 0.320993688371
14816.0625 0.320967064963
14848.0625 0.320938878589
14880.0625 0.32091222869
14912.0625 0.320884545644
14944.0625 0.320857286453
14976.0625 0.320829073588
15008.0625 0.320801628961
15040.0625 0.320773018731
15072.0625 0.32074575954
15104.0625 0.320717255274
15136.0625 0.320690393448
15168.0625 0.320660829544
15200.0625 0.320632696152
15232.0625 0.320603953467
15264.0625 0.320576137967
15296.0625 0.320546680027
15328.0625 0.320518679089
15360.0625 0.320489274131
15392.0625 0.320460504956
15424.0625 0.320431258943
15456.0625 0.320402940114
15488.0625 0.320372952355
15520.0625 0.320343838798
15552.0625 0.320314221912
15584.0625 0.320284022225
15616.0625 0.320255359014
15648.0625 0.320224152671
15680.0625 0.320195568932
15712.0625 0.320165157318
15744.0625 0.320135381487
15776.0625 0.320104281108
15808.0625 0.320074505276
15840.0625 0.320044544008
15872.0625 0.320014635722
15904.0625 0.319983084997
15936.0625 0.319952408473
15968.0625 0.319922023349
16000.0625 0.319890552097
16032.0625 0.319859478209
16064.0625 0.319828483793
16096.0625 0.31979725096
16128.0625 0.319766177071
16160.0625 0.319733937581
16192.0625 0.319703208076
16224.0625 0.31965663698
16256.0625 0.319082074695
16288.0625 0.318477736579
16320.0625 0.317851172553
16352.0625 0.315205017726
16384.0625 0.312545829349
16448.0625 0.312414778603
16512.0625 0.312321000629
16576.0625 0.312227884928
16640.0625 0.312136252721
16704.0625 0.312038924959
16768.0625 0.311946392059
16832.0625 0.311851554447
16896.0625 0.311757061217
16960.0625 0.311660422219
17024.0625 0.311564180586
17088.0625 0.311468230353
17152.0625 0.311369551553
17216.0625 0.311271508535
17280.0625 0.311174816555
17344.0625 0.311075660917
17408.0625 0.310976982117
17472.0625 0.310877985424
17536.0625 0.310776313146
17600.0625 0.310675965415
17664.0625 0.310575538211
17728.0625 0.310474236806
17792.0625 0.310371107525
17856.0625 0.310268163681
17920.0625 0.310164637036
17984.0625 0.31005885866
18048.0625 0.309955570433
18112.0625 0.309851778878
18176.0625 0.309746291902
18240.0625 0.309640275107
18304.0625 0.309532112545
18368.0625 0.309425168567
18432.0625 0.309319204754
18496.0625 0.30920847257
18560.0625 0.309100866318
18624.0625 0.308988597658
18688.0625 0.308878421783
18752.0625 0.308769067128
18816.0625 0.308655924267
18880.0625 0.308544423845
18944.0625 0.30843088362
19008.0625 0.308318667942
19072.0625 0.308202531603
19136.0625 0.308088541031
19200.0625 0.307974418004
19264.0625 0.307857804828
19328.0625 0.307741536034
19392.0625 0.307624154621
19456.0625 0.307505766551
19520.0625 0.307384226057
19584.0625 0.307265493605
19648.0625 0.307147158517
19712.0625 0.307025723987
19776.0625 0.306904739804
19840.0625 0.306781768799
19904.0625 0.306658029556
19968.0625 0.306534873115
20032.0625 0.306408749686
20096.0625 0.306280639437
20160.0625 0.306155337228
20224.0625 0.306028101179
20288.0625 0.305899884966
20352.0625 0.305771509806
20416.0625 0.30564294921
20480.0625 0.305510732863
20544.0625 0.305381298065
20608.0625 0.30524637964
20672.0625 0.305112229453
20736.0625 0.304978158739
20800.0625 0.304843478733
20864.0625 0.30470583174
20928.0625 0.304569535785
20992.0625 0.304431041082
21056.0625 0.304292016559
21120.0625 0.304151852926
21184.0625 0.30401190122
21248.0625 0.303867975871
21312.0625 0.303725586997
21376.0625 0.303582032522
21440.0625 0.303434477912
21504.0625 0.303291214837
21568.0625 0.303143050936
21632.0625 0.302992476357
21696.0625 0.302843146854
21760.0625 0.302686611811
21824.0625 0.302535295486
21888.0625 0.302384429508
21952.0625 0.302227920956
22016.0625 0.302071544859
22080.0625 0.301913367377
22144.0625 0.301749149958
22208.0625 0.30158996582
22272.0625 0.301428344515
22336.0625 0.301264683406
22400.0625 0.301097975837
22464.0625 0.300931798087
22528.0625 0.300760507584
22592.0625 0.300591654248
22656.0625 0.30041469468
22720.0625 0.300241682265
22784.0625 0.300063451131
22848.0625 0.299885723326
22912.0625 0.299704154332
22976.0625 0.299523936378
23040.0625 0.299336115519
23104.0625 0.299148215188
23168.0625 0.298956182268
23232.0625 0.298761394289
23296.0625 0.298571295208
23360.0625 0.298367579778
23424.0625 0.298166831334
23488.0625 0.297964652379
23552.0625 0.297755294376
23616.0625 0.29754336675
23680.0625 0.297326670753
23744.0625 0.297108014425
23808.0625 0.296881013446
23872.0625 0.296654012468
23936.0625 0.296415567398
24000.0625 0.296173943414
24064.0625 0.295928239822
24128.0625 0.295672549142
24192.0625 0.295408195919
24256.0625 0.295135180155
24320.0625 0.294842455122
24384.0625 0.294534444809
24448.0625 0.294201135635
24512.0625 0.293789757623
24576.0625 0.293750021193
24640.0625 0.293716112773
24704.0625 0.293681065241
24768.0625 0.293647209803
24832.0625 0.293611897363
24896.0625 0.293577618069
24960.0625 0.293542888429
25024.0625 0.293509536319
25088.0625 0.293475680881
25152.0625 0.293441348606
25216.0625 0.29340616862
25280.0625 0.293371491962
25344.0625 0.293337159687
25408.0625 0.293302403556
25472.0625 0.293266799715
25536.0625 0.293232070075
25600.0625 0.293196863598
25664.0625 0.293163061142
25728.0625 0.293128013611
25792.0625 0.293094476064
25856.0625 0.293058898714
25920.0625 0.293023559782
25984.0625 0.292988777161
26048.0625 0.292955107159
26112.0625 0.292918973499
26176.0625 0.292885224024
26240.0625 0.292849964566
26304.0625 0.292814572652
26368.0625 0.29277976354
26432.0625 0.292745113373
26496.0625 0.29270945655
26560.0625 0.292674753401
26624.0625 0.292639573415
26688.0625 0.292604287465
26752.0625 0.29256939888
26816.0625 0.292534616258
26880.0625 0.292500257492
26944.0625 0.29246603118
27008.0625 0.292430639267
27072.0625 0.292395061917
27136.0625 0.292360014386
27200.0625 0.29232372178
27264.0625 0.292288594776
27328.0625 0.292253547245
27392.0625 0.292218022876
27456.0625 0.292182630963
27520.0625 0.29214808676
27584.0625 0.292111555735
27648.0625 0.292077408897
27712.0625 0.292041858037
27776.0625 0.292006757524
27840.0625 0.29197078281
27904.0625 0.291935364405
27968.0625 0.291900237401
28032.0625 0.29186463356
28096.0625 0.29182905621
28160.0625 0.291793372896
28224.0625 0.291757239236
28288.0625 0.291721529431
28352.0625 0.291686031553
28416.0625 0.291650215785
28480.0625 0.291617499457
28544.0625 0.291579988268
28608.0625 0.291546000375
28672.0625 0.291508754094
28736.0625 0.291474024455
28800.0625 0.291437864304
28864.0625 0.291402075026
28928.0625 0.291366047329
28992.0625 0.291330364015
29056.0625 0.291293647554
29120.0625 0.291258573532
29184.0625 0.29122183058
29248.0625 0.291185326046
29312.0625 0.29115067588
29376.0625 0.291114542219
29440.0625 0.291080342399
29504.0625 0.29104259279
29568.0625 0.291006485621
29632.0625 0.290970722834
29696.0625 0.290934562683
29760.0625 0.290899753571
29824.0625 0.290862878164
29888.0625 0.290826479594
29952.0625 0.290791458554
30016.0625 0.290754556656
30080.0625 0.29071937667
30144.0625 0.290683719847
30208.0625 0.290645413929
30272.0625 0.29061044587
30336.0625 0.290574974484
30400.0625 0.290537966622
30464.0625 0.290501912435
30528.0625 0.2904645337
30592.0625 0.290429274241
30656.0625 0.290393378999
30720.0625 0.290356503593
30784.0625 0.290320237478
30848.0625 0.290283415053
30912.0625 0.290246513155
30976.0625 0.29021053844
31040.0625 0.290173821979
31104.0625 0.290136973063
31168.0625 0.290101210276
31232.0625 0.290064864688
31296.0625 0.290027750863
31360.0625 0.289991855621
31424.0625 0.289954688814
31488.0625 0.289918820063
31552.0625 0.289881547292
31616.0625 0.289844963286
31680.0625 0.289808432261
31744.0625 0.289771583345
31808.0625 0.289734284083
31872.0625 0.289698812697
31936.0625 0.289663182365
32000.0625 0.289626386431
32064.0625 0.28958717982
32128.0625 0.289552211761
32192.0625 0.289513958825
32256.0625 0.289478619893
32320.0625 0.28944018152
32384.0625 0.289404418733
32448.0625 0.289367596308
32512.0625 0.289330535465
32576.0625 0.289293289185
32640.0625 0.289255460103
32704.0625 0.28922340605
32768.0625 0.289203776254
32896.0625 0.289184331894
33024.0625 0.289164198769
33152.0625 0.289144251082
33280.0625 0.28912390603
33408.0625 0.289103958342
33536.0625 0.28908361329
33664.0625 0.289062976837
33792.0625 0.289042393366
33920.0625 0.289021809896
34048.0625 0.289001623789
34176.0625 0.288980722427
34304.0625 0.288960138957
34432.0625 0.288938628303
34560.0625 0.288917885886
34688.0625 0.288896852069
34816.0625 0.288875632816
34944.0625 0.288854546017
35072.0625 0.288833061854
35200.0625 0.288811842601
35328.0625 0.288790543874
35456.0625 0.288768927256
35584.0625 0.28874762853
35712.0625 0.288724793328
35840.0625 0.288702991274
35968.0625 0.288681613074
36096.0625 0.288659652074
36224.0625 0.288637161255
36352.0625 0.288614961836
36480.0625 0.288592603472
36608.0625 0.288570245107
36736.0625 0.288548469543
36864.0625 0.288525369432
36992.0625 0.288502746158
37120.0625 0.288480228848
37248.0625 0.288457340664
37376.0625 0.288434637917
37504.0625 0.288411246406
37632.0625 0.28838830524
37760.0625 0.288365390566
37888.0625 0.288341840108
38016.0625 0.288318660524
38144.0625 0.288295269012
38272.0625 0.288271983465
38400.0625 0.28824851248
38528.0625 0.288224750095
38656.0625 0.288201014201
38784.0625 0.288176960415
38912.0625 0.288152959612
39040.0625 0.288128852844
39168.0625 0.288105063968
39296.0625 0.288080957201
39424.0625 0.288057009379
39552.0625 0.288032134374
39680.0625 0.288007868661
39808.0625 0.287983152601
39936.0625 0.287958701452
40064.0625 0.287933799956
40192.0625 0.287909083896
40320.0625 0.287883864509
40448.0625 0.287859492832
40576.0625 0.287834326426
40704.0625 0.287808921602
40832.0625 0.287783755196
40960.0625 0.287758535809
41088.0625 0.287733104494
41216.0625 0.287707646688
41344.0625 0.287681685554
41472.0625 0.28765628073
41600.0625 0.287629842758
41728.0625 0.287604226006
41856.0625 0.287578503291
41984.0625 0.287552303738
42112.0625 0.287526077694
42240.0625 0.287499745687
42368.0625 0.287473201752
42496.0625 0.28744732009
42624.0625 0.287420272827
42752.0625 0.287394073274
42880.0625 0.287367608812
43008.0625 0.287340164185
43136.0625 0.287313779195
43264.0625 0.28728667895
43392.0625 0.287260108524
43520.0625 0.287232001623
43648.0625 0.287205033832
43776.0625 0.287177907096
43904.0625 0.287150753869
44032.0625 0.287122832404
44160.0625 0.287094566557
44288.0625 0.287067280875
44416.0625 0.287040339576
44544.0625 0.287011676364
44672.0625 0.286983595954
44800.0625 0.286955780453
44928.0625 0.286927408642
45056.0625 0.286899089813
45184.0625 0.286871353785
45312.0625 0.286842107773
45440.0625 0.286814159817
45568.0625 0.286785019769
45696.0625 0.28675670094
45824.0625 0.286728276147
45952.0625 0.286699295044
46080.0625 0.286669466231
46208.0625 0.286640644073
46336.0625 0.28661192788
46464.0625 0.286582681868
46592.0625 0.286553223928
46720.0625 0.286524030897
46848.0625 0.286493910684
46976.0625 0.28646463818
47104.0625 0.286434756385
47232.0625 0.286404980554
47360.0625 0.286375098758
47488.0625 0.286345058017
47616.0625 0.286314964294
47744.0625 0.286284711626
47872.0625 0.286254935794
48000.0625 0.286223941379
48128.0625 0.286193556256
48256.0625 0.286163065169
48384.0625 0.286132123735
48512.0625 0.286101235284
48640.0625 0.286070770688
48768.0625 0.286039670308
48896.0625 0.286008728875
49024.0625 0.285977681478
49152.0625 0.285946528117
49280.0625 0.285915348265
49408.0625 0.285884035958
49536.0625 0.285851743486
49664.0625 0.285820960999
49792.0625 0.285788721508
49920.0625 0.285756852892
50048.0625 0.285725222694
50176.0625 0.285693327586
50304.0625 0.28566092915
50432.0625 0.285628716151
50560.0625 0.285596847534
50688.0625 0.285564290153
50816.0625 0.2855325275
50944.0625 0.285499890645
51072.0625 0.28546611468
51200.0625 0.285434510973
51328.0625 0.285401185354
51456.0625 0.285367992189
51584.0625 0.285335805681
51712.0625 0.285302135679
51840.0625 0.285268386205
51968.0625 0.285235828824
52096.0625 0.285201708476
52224.0625 0.28516875373
52352.0625 0.28513513671
52480.0625 0.285101175308
52608.0625 0.28506731987
52736.0625 0.285034100215
52864.0625 0.284999608994
52992.0625 0.284965488646
53120.0625 0.284932057063
53248.0625 0.284896161821
53376.0625 0.284862279892
53504.0625 0.284828239017
53632.0625 0.284793138504
53760.0625 0.284759362539
53888.0625 0.284724685881
54016.0625 0.284689267476
54144.0625 0.284654882219
54272.0625 0.28461906645
54400.0625 0.284583356645
54528.0625 0.284549474716
54656.0625 0.284513235092
54784.0625 0.284478134579
54912.0625 0.284442557229
55040.0625 0.284406397078
55168.0625 0.284371058146
55296.0625 0.284335374832
55424.0625 0.284298949771
55552.0625 0.284263001548
55680.0625 0.284227026833
55808.0625 0.284190919664
55936.0625 0.284154574076
56064.0625 0.284118016561
56192.0625 0.284082121319
56320.0625 0.284045007494
56448.0625 0.284007628759
56576.0625 0.283971150716
56704.0625 0.283933957418
56832.0625 0.283896817101
56960.0625 0.283860418532
57088.0625 0.283822774887
57216.0625 0.283785767025
57344.0625 0.283748838637
57472.0625 0.283710373773
57600.0625 0.283672650655
57728.0625 0.283634742101
57856.0625 0.28359720442
57984.0625 0.283559375339
58112.0625 0.283521122403
58240.0625 0.283482789993
58368.0625 0.283445305294
58496.0625 0.283406575521
58624.0625 0.283368243112
58752.0625 0.283329327901
58880.0625 0.283290810055
59008.0625 0.28325287501
59136.0625 0.283212343852
59264.0625 0.283174806171
59392.0625 0.283135943943
59520.0625 0.283096022076
59648.0625 0.283057345284
59776.0625 0.283017847273
59904.0625 0.282978216807
60032.0625 0.282939089669
60160.0625 0.282898637984
60288.0625 0.282858901554
60416.0625 0.282819959852
60544.0625 0.282779375712
60672.0625 0.282739135954
60800.0625 0.282698896196
60928.0625 0.282658312056
61056.0625 0.28261812528
61184.0625 0.282577302721
61312.0625 0.282537566291
61440.0625 0.28249669075
61568.0625 0.282455894682
61696.0625 0.282415469488
61824.0625 0.282374011146
61952.0625 0.282333506478
62080.0625 0.282291836209
62208.0625 0.282250960668
62336.0625 0.282209184435
62464.0625 0.282167302238
62592.0625 0.282126850552
62720.0625 0.282084518009
62848.0625 0.28204231792
62976.0625 0.282000462214
63104.0625 0.281959136327
63232.0625 0.281916724311
63360.0625 0.281874259313
63488.0625 0.281831502914
63616.0625 0.281789435281
63744.0625 0.281746811337
63872.0625 0.281704213884
64000.0625 0.281660980648
64128.0625 0.281618913015
64256.0625 0.281575785743
64384.0625 0.281531731288
64512.0625 0.281490166982
64640.0625 0.281445715162
64768.0625 0.281401607725
64896.0625 0.281358983782
65024.0625 0.281314849854
65152.0625 0.2812716696
65280.0625 0.281227191289
65408.0625 0.281184196472
65536.0625 0.281095107396
65792.0625 0.281006707086
66048.0625 0.28091873063
66304.0625 0.280828846825
66560.0625 0.280739519331
66816.0625 0.280648867289
67072.0625 0.280557394028
67328.0625 0.280466371112
67584.0625 0.28037460645
67840.0625 0.280282868279
68096.0625 0.280190759235
68352.0625 0.280097881953
68608.0625 0.280004925198
68864.0625 0.279911465115
69120.0625 0.27981683943
69376.0625 0.279722293218
69632.0625 0.279626342985
69888.0625 0.279532326592
70144.0625 0.279435899523
70400.0625 0.279340373145
70656.0625 0.279243442747
70912.0625 0.279146300422
71168.0625 0.279048071967
71424.0625 0.278950452805
71680.0625 0.278851244185
71936.0625 0.278752485911
72192.0625 0.278652747472
72448.0625 0.278552320268
72704.0625 0.278452581829
72960.0625 0.278351465861
73216.0625 0.278250217438
73472.0625 0.27814883656
73728.0625 0.278045442369
73984.0625 0.277943266763
74240.0625 0.277839952045
74496.0625 0.277737432056
74752.0625 0.277633163664
75008.0625 0.277529372109
75264.0625 0.277424600389
75520.0625 0.277318954468
75776.0625 0.277213361528
76032.0625 0.27710641755
76288.0625 0.276999447081
76544.0625 0.276892238193
76800.0625 0.276784764396
77056.0625 0.276676098506
77312.0625 0.276567406125
77568.0625 0.276458581289
77824.0625 0.276349200143
78080.0625 0.276239315669
78336.0625 0.276129086812
78592.0625 0.276018169191
78848.0625 0.27590643035
79104.0625 0.275793817308
79360.0625 0.275681654612
79616.0625 0.275569465425
79872.0625 0.275456666946
80128.0625 0.275343312158
80384.0625 0.275228473875
80640.0625 0.275113370683
80896.0625 0.274997446272
81152.0625 0.274881362915
81408.0625 0.274765862359
81664.0625 0.274648798837
81920.0625 0.274532212151
82176.0625 0.27441517512
82432.0625 0.274296283722
82688.0625 0.274176915487
82944.0625 0.274058130052
83200.0625 0.273939424091
83456.0625 0.27381767167
83712.0625 0.273698250453
83968.0625 0.273576153649
84224.0625 0.273455089993
84480.0625 0.273332913717
84736.0625 0.273210710949
84992.0625 0.273087713454
85248.0625 0.272963868247
85504.0625 0.272839970059
85760.0625 0.272714879778
86016.0625 0.272590186861
86272.0625 0.272464381324
86528.0625 0.272338814206
86784.0625 0.272210915883
87040.0625 0.272083971235
87296.0625 0.271956311332
87552.0625 0.271827538808
87808.0625 0.271700461706
88064.0625 0.271571238836
88320.0625 0.271441353692
88576.0625 0.271310488383
88832.0625 0.271179623074
89088.0625 0.271049711439
89344.0625 0.27091773351
89600.0625 0.270785066817
89856.0625 0.27065261205
90112.0625 0.270519230101
90368.0625 0.270385583242
90624.0625 0.270251009199
90880.0625 0.27011595832
91136.0625 0.269980510076
91392.0625 0.269844479031
91648.0625 0.269708977805
91904.0625 0.26957239045
92160.0625 0.269433021545
92416.0625 0.2692964077
92672.0625 0.269157065286
92928.0625 0.269017987781
93184.0625 0.268877241347
93440.0625 0.268738561206
93696.0625 0.268598079681
93952.0625 0.268456088172
94208.0625 0.268314176136
94464.0625 0.268171469371
94720.0625 0.268028789096
94976.0625 0.267885234621
95232.0625 0.267741097344
95488.0625 0.267597463396
95744.0625 0.267451524734
96000.0625 0.267306009928
96256.0625 0.267159700394
96512.0625 0.267013019986
96768.0625 0.266865915722
97024.0625 0.266717990239
97280.0625 0.266570038266
97536.0625 0.266421265072
97792.0625 0.266270319621
98048.0625 0.266121175554
98304.0625 0.265969832738
98560.0625 0.265818993251
98816.0625 0.265668100781
99072.0625 0.265514638689
99328.0625 0.265361150106
99584.0625 0.265208350288
99840.0625 0.265055338542
100096.0625 0.264899359809
100352.0625 0.264744944043
100608.0625 0.26458867391
100864.0625 0.264431794484
101120.0625 0.264275709788
101376.0625 0.264118221071
101632.0625 0.263958374659
101888.0625 0.263801680671
102144.0625 0.263641436895
102400.0625 0.263480901718
102656.0625 0.263321081797
102912.0625 0.263159804874
103168.0625 0.262998024623
103424.0625 0.262835899989
103680.0625 0.26267253028
103936.0625 0.262509902318
104192.0625 0.262346188227
104448.0625 0.262180116442
104704.0625 0.262014468511
104960.0625 0.261847999361
105216.0625 0.261681662665
105472.0625 0.261515431934
105728.0625 0.261347426309
105984.0625 0.261178731918
106240.0625 0.261009401745
106496.0625 0.26083946228
106752.0625 0.260669125451
107008.0625 0.260497861438
107264.0625 0.260327763028
107520.0625 0.260154300266
107776.0625 0.259981976615
108032.0625 0.259808778763
108288.0625 0.25963417689
108544.0625 0.259459204144
108800.0625 0.259284469816
109056.0625 0.259108808306
109312.0625 0.258931848738
109568.0625 0.25875488917
109824.0625 0.258577055401
110080.0625 0.258399195141
110336.0625 0.258220354716
110592.0625 0.25803926256
110848.0625 0.257859336005
111104.0625 0.257678084903
111360.0625 0.257497496075
111616.0625 0.257315635681
111872.0625 0.257131788466
112128.0625 0.256949451235
112384.0625 0.256763219833
112640.0625 0.256578816308
112896.0625 0.256393194199
113152.0625 0.256206591924
113408.0625 0.256019830704
113664.0625 0.255832539664
113920.0625 0.255645089679
114176.0625 0.255454540253
114432.0625 0.255266163084
114688.0625 0.255074262619
114944.0625 0.254884454939
115200.0625 0.254692978329
115456.0625 0.254500150681
115712.0625 0.254307084613
115968.0625 0.254113515218
116224.0625 0.253917667601
116480.0625 0.253724045224
116736.0625 0.25352830357
116992.0625 0.253332297007
117248.0625 0.253133906258
117504.0625 0.252935965856
117760.0625 0.252736224069
118016.0625 0.252538548576
118272.0625 0.252337376277
118528.0625 0.252137343089
118784.0625 0.251935429043
119040.0625 0.251732375887
119296.0625 0.251530806224
119552.0625 0.251326772902
119808.0625 0.25112273958
120064.0625 0.250916030672
120320.0625 0.250711335076
120576.0625 0.250504043367
120832.0625 0.250296778149
121088.0625 0.250088320838
121344.0625 0.249880366855
121600.0625 0.249669949214
121856.0625 0.249460776647
122112.0625 0.249249193403
122368.0625 0.249037742615
122624.0625 0.248823430803
122880.0625 0.248611529668
123136.0625 0.248397986094
123392.0625 0.248183382882
123648.0625 0.247967137231
123904.0625 0.24775062667
124160.0625 0.247532791562
124416.0625 0.247315751182
124672.0625 0.247097730637
124928.0625 0.246878438526
125184.0625 0.246658404668
125440.0625 0.246438132392
125696.0625 0.246214760674
125952.0625 0.24599231614
126208.0625 0.245768441094
126464.0625 0.245545519723
126720.0625 0.245320505566
126976.0625 0.245095544391
127232.0625 0.244869364633
127488.0625 0.24464196629
127744.0625 0.244412183762
128000.0625 0.244183566835
128256.0625 0.243955638674
128512.0625 0.24372294214
128768.0625 0.243491384718
129024.0625 0.243259085549
129280.0625 0.24302705129
129536.0625 0.242793136173
129792.0625 0.242558452818
130048.0625 0.242323875427
130304.0625 0.242086489995
130560.0625 0.241848389308
130816.0625 0.209566169315
131072.0625 0.18534901407
131584.0625 0.184643295076
132096.0625 0.183944887585
132608.0625 0.183255698946
133120.0625 0.182532522413
133632.0625 0.181828869714
134144.0625 0.181104951435
134656.0625 0.18038977517
135168.0625 0.179657088386
135680.0625 0.178933514489
136192.0625 0.178206894133
136704.0625 0.177474233839
137216.0625 0.176733387841
137728.0625 0.175995985667
138240.0625 0.175239298079
138752.0625 0.174490849177
139264.0625 0.173720545239
139776.0625 0.172997527652
140288.0625 0.172214243147
140800.0625 0.17144897249
141312.0625 0.170688311259
141824.0625 0.169914245605
142336.0625 0.169135385089
142848.0625 0.168357637193
143360.0625 0.167569345898
143872.0625 0.166775491503
144384.0625 0.165984418657
144896.0625 0.16518412696
145408.0625 0.164382669661
145920.0625 0.163574457169
146432.0625 0.1627641254
146944.0625 0.161944256888
147456.0625 0.161130507787
147968.0625 0.160293949975
148480.0625 0.159474213918
148992.0625 0.158628967073
149504.0625 0.15779765447
150016.0625 0.156960646311
150528.0625 0.156108167436
151040.0625 0.155243635178
151552.0625 0.154386891259
152064.0625 0.15352373653
152576.0625 0.152658277088
153088.0625 0.151770909627
153600.0625 0.150902059343
154112.0625 0.150026957194
154624.0625 0.149146954219
155136.0625 0.148234367371
155648.0625 0.147337436676
156160.0625 0.146430624856
156672.0625 0.145522144106
157184.0625 0.144600205951
157696.0625 0.143680546019
158208.0625 0.142759905921
158720.0625 0.141815238529
159232.0625 0.140872716904
159744.0625 0.139925294452
160256.0625 0.138971779082
160768.0625 0.13801934984
161280.0625 0.137043184704
161792.0625 0.136079655753
162304.0625 0.135112259123
162816.0625 0.134116358227
163328.0625 0.13313738505
163840.0625 0.132127761841
164352.0625 0.131121741401
164864.0625 0.130111667845
165376.0625 0.129084534115
165888.0625 0.128064552943
166400.0625 0.127019749747
166912.0625 0.12599102656
167424.0625 0.124950647354
167936.0625 0.123877286911
168448.0625 0.122828722
168960.0625 0.121735811234
169472.0625 0.120671934552
169984.0625 0.1195880572
170496.0625 0.118484814962
171008.0625 0.117381493251
171520.0625 0.116248104307
172032.0625 0.115130265554
172544.0625 0.113998095194
173056.0625 0.112864918179
173568.0625 0.111709939109
174080.0625 0.110539727741
174592.0625 0.109369039536
175104.0625 0.108168072171
175616.0625 0.106999264823
176128.0625 0.105796416601
176640.0625 0.104566044278
177152.0625 0.103354798423
177664.0625 0.102124849955
178176.0625 0.100860595703
178688.0625 0.0996088981628
179200.0625 0.0983225239648
179712.0625 0.0970294210646
180224.0625 0.095736556583
180736.0625 0.0944083001879
181248.0625 0.0930930773417
181760.0625 0.0917446083493
182272.0625 0.0903718206618
182784.0625 0.0889926221636
183296.0625 0.0876064565447
183808.0625 0.0861942503187
184320.0625 0.084759871165
184832.0625 0.0833113193512
185344.0625 0.0818319055769
185856.0625 0.0803714593252
186368.0625 0.0788566006554
186880.0625 0.0773285230001
187392.0625 0.0757477813297
187904.0625 0.0741660065121
188416.0625 0.0725704828898
188928.0625 0.0709357526567
189440.0625 0.0692573388418
189952.0625 0.0675581826104
190464.0625 0.0658218595717
190976.0625 0.0640473895603
191488.0625 0.0622020827399
192000.0625 0.0603450669183
192512.0625 0.0584030946096
193024.0625 0.0564123789469
193536.0625 0.0543670919206
194048.0625 0.0522183842129
194560.0625 0.049965567059
195072.0625 0.0475517643823
195584.0625 0.0449142191145
196096.0625 0.0416504806942
196608.0625 0.0414226849874
197120.0625 0.0412093798319
197632.0625 0.0409853458405
198144.0625 0.0407644642724
198656.0625 0.0405568281809
199168.0625 0.0403393374549
199680.0625 0.0401221381293
200192.0625 0.0399033758375
200704.0625 0.0396786265903
201216.0625 0.0394682619307
201728.0625 0.0392505062951
202240.0625 0.0390322473314
202752.0625 0.038817220264
203264.0625 0.038596285714
203776.0625 0.0383933915032
204288.0625 0.0381607744429
204800.0625 0.037943734063
205312.0625 0.0377285480499
205824.0625 0.0375107394324
206336.0625 0.0373036066691
206848.0625 0.0370819568634
207360.0625 0.0368631680806
207872.0625 0.0366463396284
208384.0625 0.0364233122932
208896.0625 0.036218351788
209408.0625 0.03600080808
209920.0625 0.035784429974
210432.0625 0.0355660650465
210944.0625 0.0353433291117
211456.0625 0.0351225799984
211968.0625 0.0349100165897
212480.0625 0.0346869892544
212992.0625 0.0344783465068
213504.0625 0.0342539416419
214016.0625 0.0340410073598
214528.0625 0.0338287883335
215040.0625 0.0336116949717
215552.0625 0.033390071657
216064.0625 0.0331775082482
216576.0625 0.0329526265462
217088.0625 0.032734102673
217600.0625 0.0325220955743
218112.0625 0.032306989034
218624.0625 0.0320899751451
219136.0625 0.031879319085
219648.0625 0.031663497289
220160.0625 0.031431833903
220672.0625 0.0312165154351
221184.0625 0.0309999518924
221696.0625 0.0307862758636
222208.0625 0.030578162935
222720.0625 0.0303587648604
223232.0625 0.0301343864865
223744.0625 0.029916577869
224256.0625 0.0297011269463
224768.0625 0.0294950008392
225280.0625 0.0292675230238
225792.0625 0.0290461381276
226304.0625 0.0288254155053
226816.0625 0.0286231305864
227328.0625 0.0283969773187
227840.0625 0.0281762017144
228352.0625 0.0279627641042
228864.0625 0.0277455912696
229376.0625 0.0275319152408
229888.0625 0.0273091528151
230400.0625 0.0270918740167
230912.0625 0.0268712308672
231424.0625 0.0266585085127
231936.0625 0.0264514552222
232448.0625 0.0262234210968
232960.0625 0.0260139836205
233472.0625 0.0257863468594
233984.0625 0.0255737304688
234496.0625 0.0253635777367
235008.0625 0.0251378483242
235520.0625 0.0249283578661
236032.0625 0.0247186819712
236544.0625 0.024491098192
237056.0625 0.0242704815335
237568.0625 0.0240546862284
238080.0625 0.0238386260139
238592.0625 0.0236131880018
239104.0625 0.0234076976776
239616.0625 0.023193915685
240128.0625 0.022979259491
240640.0625 0.0227597024706
241152.0625 0.0225305027432
241664.0625 0.0223111046685
242176.0625 0.0221025149028
242688.0625 0.0218794875675
243200.0625 0.0216663148668
243712.0625 0.0214524798923
244224.0625 0.0212377972073
244736.0625 0.0210157500373
245248.0625 0.0207912921906
245760.0625 0.0205892456902
246272.0625 0.0203649732802
246784.0625 0.0201485686832
247296.0625 0.0199265215132
247808.0625 0.0197138786316
248320.0625 0.0194980833266
248832.0625 0.0192793475257
249344.0625 0.0190689563751
249856.0625 0.0188389354282
250368.0625 0.0186218420664
250880.0625 0.0184119807349
251392.0625 0.0181885295444
251904.0625 0.0179858737522
252416.0625 0.0177522235447
252928.0625 0.017545249727
253440.0625 0.0173264344533
253952.0625 0.0171043343014
254464.0625 0.0168890953064
254976.0625 0.0166799492306
255488.0625 0.0164609220293
256000.0625 0.0162406232622
256512.0625 0.0160240332286
257024.0625 0.0158001316918
257536.0625 0.0155835946401
258048.0625 0.0153716935052
258560.0625 0.0151526663038
259072.0625 0.0149329238468
259584.0625 0.0147264003754
260096.0625 0.0145004590352
260608.0625 0.0142890082465
261120.0625 0.0140835973952
261632.0625 0.0138888888889
