0 1
0.0625 0.750182182337
0.125 0.749329769603
0.1875 0.390829328364
3.9375 0.390827425657
4.0 0.390825522979
4.0625 0.390823620272
4.5625 0.390821717565
5.0 0.390819814858
5.4375 0.390817912151
5.875 0.390816009444
6.3125 0.390814106737
6.75 0.39081220403
7.1875 0.390810301323
7.625 0.390808398616
8.0625 0.390806495909
8.5 0.390804593202
8.9375 0.390802690495
9.375 0.390800787788
9.8125 0.390798885081
10.25 0.390796982374
10.6875 0.390795079667
11.125 0.39079317696
11.5625 0.390791274253
12.0 0.390789371546
12.4375 0.390787468839
12.875 0.390785566132
13.3125 0.390783663425
13.75 0.390781760718
14.1875 0.390779858011
14.625 0.390777955304
15.0625 0.390776052597
15.5 0.39077414989
15.9375 0.390772247183
16.375 0.390770344476
16.8125 0.390768441769
17.25 0.390766539062
17.625 0.37712793532
17.6875 0.375238547273
18.0625 0.266129717331
20.0 0.266127814624
21.9375 0.266125911946
31.9375 0.266124009239
32.0 0.266122106561
32.0625 0.141426300913
35.9375 0.141424398206
37.8125 0.141422495528
47.9375 0.141420592821
51.9375 0.141418690114
53.8125 0.141416787436
63.9375 0.141412982051
67.8125 0.141411079344
69.5625 0.141409176666
79.8125 0.141405371281
83.8125 0.141403468574
85.5625 0.141401565896
95.8125 0.141397760511
99.8125 0.141395857804
101.5625 0.141393955126
111.5625 0.141392052448
111.8125 0.141390149741
115.8125 0.141388247034
117.5625 0.141386344356
127.5625 0.141384441679
127.8125 0.141382538972
131.5625 0.141380636265
133.0625 0.141378733587
143.5625 0.141374929624
144.0625 0.141374928202
147.5625 0.141373025495
149.0625 0.141371122817
159.5625 0.141367322454
160.0625 0.141367317432
163.5625 0.141365414725
165.0625 0.141363512047
175.0625 0.141361616946
175.5625 0.141359714878
176.0625 0.141359706662
179.5625 0.141357803955
181.0625 0.141355901277
191.0625 0.141353998599
191.5625 0.141352108463
192.0625 0.141352095892
195.5625 0.141350193185
197.0625 0.141348290507
207.0625 0.141346387829
207.5625 0.141344499174
208.0625 0.141344485122
211.5625 0.141342582415
213.0625 0.141340679737
223.0625 0.141338777059
223.5625 0.141336892962
224.0625 0.141336874352
227.5625 0.141334971645
229.0625 0.141333068967
239.0625 0.141331166289
239.5625 0.14132928286
240.0625 0.141329263582
243.5625 0.141327360875
245.0625 0.141325458197
255.0625 0.141323555519
255.5625 0.141321675168
256.0625 0.141321652812
259.0625 0.141319750105
260.0625 0.141317847427
271.0625 0.14131406614
272.0625 0.141314042042
275.0625 0.141312139335
276.0625 0.141310236657
286.0625 0.14131022095
287.0625 0.141306460451
288.0625 0.141306431272
291.0625 0.141304528565
292.0625 0.141302625887
302.0625 0.141300751197
303.0625 0.141298851829
304.0625 0.141298820502
307.0625 0.141296917795
308.0625 0.141295015117
318.0625 0.141293121266
319.0625 0.141291244717
320.0625 0.141291209733
323.0625 0.141289307026
324.0625 0.141287404348
334.0625 0.14128550167
335.0625 0.141283636793
336.0625 0.141283598963
339.0625 0.141281696256
340.0625 0.141279793578
350.0625 0.1412778909
351.0625 0.141276030378
352.0625 0.141275988193
355.0625 0.141274085486
356.0625 0.141272182808
366.0625 0.14127028013
367.0625 0.141268422395
368.0625 0.141268377423
371.0625 0.141266474716
372.0625 0.141264572038
382.0625 0.14126266936
383.0625 0.141260814673
384.0625 0.141260766653
387.0625 0.141258863946
388.0625 0.141256961268
398.0625 0.14125505859
399.0625 0.141253204862
400.0625 0.141253155883
403.0625 0.141251253234
404.0625 0.141249350498
414.0625 0.14124744782
415.0625 0.141245598998
416.0625 0.141245545113
419.0625 0.141243642406
420.0625 0.141241739728
430.0625 0.14123983705
431.0625 0.141237989303
432.0625 0.141237934343
435.0625 0.141236031694
436.0625 0.141234128958
446.0625 0.14123222628
447.0625 0.141230383526
448.0625 0.141230323573
451.0625 0.141228420895
452.0625 0.141226518188
462.0625 0.14122461551
463.0625 0.141222775834
464.0625 0.141222712803
467.0625 0.141220810154
468.0625 0.141218907418
478.0625 0.14121700474
479.0625 0.141215168635
480.0625 0.141215102033
483.0625 0.141213199413
484.0625 0.141211296648
494.0625 0.14120939397
495.0625 0.141207560623
496.0625 0.141207491263
499.0625 0.141205588556
500.0625 0.141203685879
509.0625 0.141203680885
510.0625 0.141201783201
511.0625 0.141199953163
512.0625 0.141199880494
516.0625 0.126113059001
518.0625 0.125613142626
524.0625 0.125613126338
526.0625 0.125609411827
528.0625 0.125609337241
540.0625 0.125609276126
542.0625 0.125605611494
544.0625 0.125605531856
556.0625 0.125603697086
558.0625 0.125601808373
560.0625 0.125601726471
572.0625 0.125599867749
574.0625 0.125598007401
576.0625 0.125597921086
588.0625 0.125596039544
590.0625 0.125594204368
592.0625 0.125594115701
604.0625 0.125592224782
606.0625 0.125590404441
608.0625 0.125590310316
620.0625 0.125588407638
622.0625 0.125586599753
624.0625 0.125586504931
636.0625 0.125584602253
638.0625 0.1255827991
640.0625 0.125582699546
652.0625 0.125580796868
654.0625 0.125578993832
656.0625 0.125578894161
668.0625 0.125576991483
670.0625 0.125575194805
672.0625 0.125575088776
684.0625 0.125573186098
686.0625 0.125571394123
688.0625 0.125571283391
700.0625 0.125569380713
702.0625 0.125567589725
704.0625 0.125567478006
716.0625 0.125565575328
718.0625 0.125563787679
720.0625 0.125563672621
732.0625 0.125561769943
734.0625 0.125559985981
736.0625 0.125559867237
748.0625 0.125557964559
750.0625 0.125556182948
752.0625 0.125556061852
764.0625 0.125554159174
766.0625 0.125552384125
768.0625 0.125552256467
780.0625 0.125550353789
782.0625 0.125548583762
784.0625 0.125548451082
796.0625 0.125546548404
798.0625 0.125544782849
800.0625 0.125544645697
812.0625 0.125542743019
814.0625 0.12554097427
816.0625 0.125540840312
828.0625 0.125538937634
830.0625 0.125537175214
832.0625 0.125537034927
844.0625 0.125535132249
846.0625 0.1255333698
848.0625 0.125533229542
860.0625 0.125531326864
862.0625 0.12552956729
864.0625 0.125529424157
876.0625 0.125527521479
878.0625 0.125525767276
880.0625 0.125525618772
892.0625 0.125523716094
894.0625 0.125521966101
896.0625 0.125521813387
908.0625 0.125519910709
910.0625 0.125518163619
912.0625 0.125518008002
924.0625 0.125516105324
926.0625 0.125514358524
928.0625 0.125514202617
940.0625 0.125512299939
942.0625 0.125510556478
944.0625 0.125510397232
954.0625 0.125510396651
956.0625 0.125508494554
958.0625 0.125506756435
960.0625 0.125506591847
970.0625 0.125506585576
972.0625 0.125504689169
974.0625 0.125502952908
976.0625 0.125502786462
986.0625 0.125502764107
988.0625 0.125500883784
990.0625 0.125499151094
992.0625 0.125498981077
1002.0625 0.125498924085
1004.0625 0.125497078399
1006.0625 0.125495348119
1008.0625 0.125495175692
1018.0625 0.125495087838
1020.0625 0.125493273014
1022.0625 0.125491548076
1024.0625 0.125491370307
1032.0625 0.125491243694
1036.0625 0.125487745885
1040.0625 0.125487564922
1048.0625 0.125487381753
1052.0625 0.125483944884
1056.0625 0.125483759537
1064.0625 0.125482027196
1068.0625 0.125480141967
1072.0625 0.125479954152
1080.0625 0.125478192314
1084.0625 0.125476342418
1088.0625 0.125476148767
1096.0625 0.125474350231
1100.0625 0.125472538194
1104.0625 0.125472343382
1112.0625 0.125470529778
1116.0625 0.125468734115
1120.0625 0.125468537998
1128.0625 0.125466700876
1132.0625 0.125464934131
1136.0625 0.125464732613
1144.0625 0.125462872265
1148.0625 0.125461131765
1152.0625 0.125460927228
1160.0625 0.125459044118
1164.0625 0.125457328848
1168.0625 0.125457121843
1176.0625 0.125455231271
1180.0625 0.125453527237
1184.0625 0.125453316458
1192.0625 0.125451413838
1196.0625 0.125449725307
1200.0625 0.125449511073
1208.0625 0.125447608395
1212.0625 0.125445921722
1216.0625 0.125445705688
1224.0625 0.12544380301
1228.0625 0.12544212046
1232.0625 0.125441900303
1240.0625 0.125439997625
1244.0625 0.125438316962
1248.0625 0.125438094918
1256.0625 0.12543619224
1260.0625 0.125434517384
1264.0625 0.125434289533
1272.0625 0.125432386855
1276.0625 0.125430716993
1280.0625 0.125430484148
1288.0625 0.12542858147
1292.0625 0.125426914569
1296.0625 0.125426678763
1304.0625 0.125424776085
1308.0625 0.12542310811
1312.0625 0.125422873378
1320.0625 0.1254209707
1324.0625 0.125419311348
1328.0625 0.125419067993
1336.0625 0.125417165315
1340.0625 0.125415506253
1344.0625 0.125415262608
1352.0625 0.12541335993
1356.0625 0.125411704265
1360.0625 0.125411457223
1368.0625 0.125409554545
1372.0625 0.125407905587
1376.0625 0.125407651838
1384.0625 0.12540574916
1388.0625 0.12540409846
1392.0625 0.125403846453
1400.0625 0.125401943775
1404.0625 0.125400301001
1408.0625 0.125400041068
1416.0625 0.12539813839
1420.0625 0.125396496429
1424.0625 0.125396235683
1432.0625 0.125394333005
1436.0625 0.12539269717
1440.0625 0.125392430298
1448.0625 0.12539052762
1452.0625 0.125388895995
1456.0625 0.125388624913
1464.0625 0.125386722235
1468.0625 0.125385089913
1472.0625 0.125384819528
1480.0625 0.12538291685
1484.0625 0.125381286531
1488.0625 0.125381014143
1496.0625 0.125379111466
1500.0625 0.125377490117
1504.0625 0.125377208759
1512.0625 0.125375306081
1516.0625 0.125373685284
1520.0625 0.125373403374
1528.0625 0.125371500696
1532.0625 0.125369888551
1536.0625 0.125369597989
1544.0625 0.125367695311
1548.0625 0.125366083718
1552.0625 0.125365792604
1560.0625 0.125363889926
1564.0625 0.125362278275
1568.0625 0.125361987219
1576.0625 0.125360084541
1580.0625 0.125358482267
1584.0625 0.125358181834
1592.0625 0.125356279156
1596.0625 0.125354677027
1600.0625 0.125354376449
1608.0625 0.125352473771
1612.0625 0.125350869726
1616.0625 0.125350571064
1624.0625 0.125348668386
1628.0625 0.125347071164
1632.0625 0.125346765679
1640.0625 0.125344863001
1644.0625 0.125343268189
1648.0625 0.125342960294
1656.0625 0.125341057616
1660.0625 0.125339468582
1664.0625 0.125339154909
1672.0625 0.125337252231
1676.0625 0.125335666652
1680.0625 0.125335349524
1688.0625 0.125333446846
1692.0625 0.125331861876
1696.0625 0.125331544139
1704.0625 0.125329641461
1708.0625 0.125328062356
1712.0625 0.125327738754
1720.0625 0.125325836076
1724.0625 0.125324259874
1728.0625 0.125323933369
1736.0625 0.125322030691
1740.0625 0.125320455244
1744.0625 0.125320127984
1752.0625 0.125318225306
1756.0625 0.125316650266
1760.0625 0.125316322599
1768.0625 0.125314419921
1772.0625 0.125312853387
1776.0625 0.125312517214
1784.0625 0.125310614536
1788.0625 0.125309053635
1792.0625 0.125308711829
1800.0625 0.125306809151
1804.0625 0.125305251356
1808.0625 0.125304906444
1816.0625 0.125303003766
1820.0625 0.125301443765
1824.0625 0.125301101059
1832.0625 0.125299198381
1836.0625 0.125297643809
1840.0625 0.125297295674
1848.0625 0.125295392996
1852.0625 0.125293852592
1856.0625 0.125293490289
1860.0625 0.125293489448
1864.0625 0.125291587611
1868.0625 0.125290034897
1872.0625 0.125289684905
1876.0625 0.125289680521
1880.0625 0.125287782227
1884.0625 0.125286239093
1888.0625 0.12528587952
1892.0625 0.125285867703
1896.0625 0.125283976842
1900.0625 0.125282433215
1904.0625 0.125282074135
1908.0625 0.125282050618
1912.0625 0.125280171457
1916.0625 0.125278630617
1920.0625 0.12527826875
1924.0625 0.125278228887
1928.0625 0.125276366072
1932.0625 0.125274831677
1936.0625 0.125274463365
1940.0625 0.125274402773
1944.0625 0.125272560687
1948.0625 0.125271030183
1952.0625 0.12527065798
1956.0625 0.125270561968
1960.0625 0.125268755302
1964.0625 0.125267233653
1968.0625 0.125266852595
1972.0625 0.125266710943
1976.0625 0.125264949917
1980.0625 0.125263427426
1984.0625 0.12526304721
1988.0625 0.125262869789
1992.0625 0.125261144532
1996.0625 0.125259626773
2000.0625 0.125259241825
2004.0625 0.125259020506
2008.0625 0.125257339147
2012.0625 0.125255821127
2016.0625 0.12525543644
2020.0625 0.125255155226
2024.0625 0.125253533762
2028.0625 0.125252020591
2032.0625 0.125251631055
2036.0625 0.125251301066
2040.0625 0.125249728377
2044.0625 0.125248218167
2048.0625 0.125247461422
2056.0625 0.125244411824
2064.0625 0.12524359591
2072.0625 0.125240618285
2080.0625 0.125238691742
2088.0625 0.125236812203
2096.0625 0.125234859559
2104.0625 0.125233009315
2112.0625 0.125231022586
2120.0625 0.125229210114
2128.0625 0.125227184597
2136.0625 0.125225410681
2144.0625 0.1252233892
2152.0625 0.125221604918
2160.0625 0.125219543517
2168.0625 0.125217805892
2176.0625 0.125215726054
2184.0625 0.125214010233
2192.0625 0.125211883623
2200.0625 0.125210202873
2208.0625 0.125208046273
2216.0625 0.125206396646
2224.0625 0.125204196438
2232.0625 0.125202593497
2240.0625 0.125200386931
2248.0625 0.125198796532
2256.0625 0.125196537677
2264.0625 0.125194997389
2272.0625 0.125192731711
2280.0625 0.125191191568
2288.0625 0.125188898019
2296.0625 0.125187388854
2304.0625 0.125185073966
2312.0625 0.125183586257
2320.0625 0.125181246777
2328.0625 0.125179784472
2336.0625 0.125177439999
2344.0625 0.125175982513
2352.0625 0.125173622013
2360.0625 0.125172178057
2368.0625 0.125169815293
2376.0625 0.12516837723
2384.0625 0.125166009908
2392.0625 0.125164573297
2400.0625 0.125162204523
2408.0625 0.125160775112
2416.0625 0.125158399138
2424.0625 0.125156973066
2432.0625 0.125154593753
2440.0625 0.1251531716
2448.0625 0.125150788368
2456.0625 0.125149370048
2464.0625 0.125146982983
2472.0625 0.125145562137
2480.0625 0.125143177598
2488.0625 0.125141764213
2496.0625 0.125139372213
2504.0625 0.125137964287
2512.0625 0.125135566828
2520.0625 0.125134159279
2528.0625 0.125131761443
2536.0625 0.125130355897
2544.0625 0.125127956058
2552.0625 0.125126553213
2560.0625 0.125124150673
2568.0625 0.125122759528
2576.0625 0.125120345288
2584.0625 0.125118947001
2592.0625 0.125116539903
2600.0625 0.125115149832
2608.0625 0.125112734518
2616.0625 0.125111346712
2624.0625 0.125108929134
2632.0625 0.125107548788
2640.0625 0.125105123749
2648.0625 0.125103743752
2656.0625 0.125101318364
2664.0625 0.125099942402
2672.0625 0.125097512979
2680.0625 0.125096141227
2688.0625 0.125093707594
2696.0625 0.125092336191
2704.0625 0.125089902209
2712.0625 0.125088535741
2720.0625 0.125086096824
2728.0625 0.125084734247
2736.0625 0.125082291439
2744.0625 0.125080932259
2752.0625 0.125078486054
2760.0625 0.125077133145
2768.0625 0.125074680669
2776.0625 0.125073328166
2784.0625 0.125070875284
2792.0625 0.125069527775
2800.0625 0.125067069899
2808.0625 0.125065725322
2816.0625 0.125063264514
2824.0625 0.125061923247
2832.0625 0.125059459129
2840.0625 0.125058121143
2848.0625 0.125055653744
2856.0625 0.125054313319
2864.0625 0.125051848359
2872.0625 0.125050514525
2880.0625 0.125048042974
2888.0625 0.125046715324
2896.0625 0.125044237589
2904.0625 0.125042914062
2912.0625 0.125040432204
2920.0625 0.125039109664
2928.0625 0.125036626819
2936.0625 0.125035316211
2944.0625 0.125032821434
2952.0625 0.125031512365
2960.0625 0.125029016049
2968.0625 0.125027703729
2976.0625 0.125025210664
2984.0625 0.125023901973
2992.0625 0.125021405279
3000.0625 0.125020096326
3008.0625 0.125017599895
3016.0625 0.125016295267
3024.0625 0.12501379451
3032.0625 0.125012494963
3040.0625 0.125009989125
3048.0625 0.125008698695
3056.0625 0.12500618374
3064.0625 0.125004895836
3072.0625 0.125002378355
3080.0625 0.125001085718
3088.0625 0.12499857297
3096.0625 0.124997291221
3104.0625 0.124994767585
3112.0625 0.1249934881
3120.0625 0.1249909622
3128.0625 0.124989681873
3136.0625 0.124987156815
3144.0625 0.124985880234
3152.0625 0.12498335143
3160.0625 0.124982078158
3168.0625 0.124979546045
3176.0625 0.124978280264
3184.0625 0.12497574066
3192.0625 0.124974476592
3200.0625 0.124971935275
3208.0625 0.12497067231
3216.0625 0.12496812989
3224.0625 0.124966865212
3232.0625 0.124964324505
3240.0625 0.124963065808
3248.0625 0.12496051912
3256.0625 0.124959268407
3264.0625 0.124956713735
3272.0625 0.124955462674
3280.0625 0.12495290835
3288.0625 0.124951660744
3296.0625 0.124949102965
3304.0625 0.124947865056
3312.0625 0.12494529758
3320.0625 0.124944061065
3328.0625 0.124941492195
3336.0625 0.124940252254
3344.0625 0.12493768681
3352.0625 0.124936457669
3360.0625 0.124933881425
3368.0625 0.124932658352
3376.0625 0.124930076041
3384.0625 0.124928853954
3392.0625 0.124926270656
3400.0625 0.124925056699
3408.0625 0.124922465271
3416.0625 0.124921248701
3424.0625 0.124918659886
3432.0625 0.124917446538
3440.0625 0.124914854501
3448.0625 0.124913649486
3456.0625 0.124911049116
3464.0625 0.124909843985
3472.0625 0.124907243731
3480.0625 0.124906037845
3488.0625 0.124903438346
3496.0625 0.124902238499
3504.0625 0.124899632961
3512.0625 0.12489843503
3520.0625 0.124895827576
3528.0625 0.124894632374
3536.0625 0.124892022191
3544.0625 0.124890827976
3552.0625 0.124888216806
3560.0625 0.12488702474
3568.0625 0.124884411421
3576.0625 0.124883215958
3584.0625 0.124880606036
3592.0625 0.124879414754
3600.0625 0.124876800651
3608.0625 0.12487560632
3616.0625 0.124872995266
3624.0625 0.1248718122
3632.0625 0.124869189881
3640.0625 0.124868001415
3648.0625 0.124865384496
3656.0625 0.124864199921
3664.0625 0.124861579111
3672.0625 0.124860389048
3680.0625 0.124857773726
3688.0625 0.124856584709
3696.0625 0.124853968341
3704.0625 0.124852775143
3712.0625 0.124850162956
3720.0625 0.124848965287
3728.0625 0.124846357571
3736.0625 0.124845144718
3744.0625 0.124842552186
3752.0625 0.124841331
3760.0625 0.124838746802
3768.0625 0.124837510837
3776.0625 0.124834941417
3784.0625 0.124833692562
3792.0625 0.124831136032
3800.0625 0.124829861802
3808.0625 0.124827330647
3816.0625 0.124826043904
3824.0625 0.124823525262
3832.0625 0.124822211431
3840.0625 0.124819719877
3848.0625 0.124818381658
3856.0625 0.124815914492
3864.0625 0.124814541956
3872.0625 0.124812109107
3880.0625 0.1248107078
3888.0625 0.124808303722
3896.0625 0.124806855178
3904.0625 0.124804498337
3912.0625 0.124803007579
3920.0625 0.124800692952
3928.0625 0.124799156932
3936.0625 0.124796887567
3944.0625 0.124795299897
3952.0625 0.124793082182
3960.0625 0.124791455376
3968.0625 0.124789276797
3976.0625 0.124787614803
3984.0625 0.124785471412
3992.0625 0.124783759858
4000.0625 0.124781666027
4008.0625 0.12477990323
4016.0625 0.124777860642
4024.0625 0.124776044599
4032.0625 0.124774055257
4040.0625 0.124772203039
4048.0625 0.124770249872
4056.0625 0.12476833773
4064.0625 0.124766444487
4072.0625 0.124764497011
4080.0625 0.124762639102
4088.0625 0.124760656235
4096.0625 0.124756809101
4112.0625 0.124742057286
4128.0625 0.0295405028023
4144.0625 6.11253912822e-05
