0 1
0.0625 0.999248283822
0.125 0.748408244743
0.1875 0.561883640117
0.25 0.561738014708
0.3125 0.561595252721
0.375 0.561324591264
0.4375 0.560869989099
0.5 0.560600009408
0.5625 0.560452475052
0.625 0.560181677242
0.6875 0.559726666017
0.75 0.559448505124
0.8125 0.559304515956
0.875 0.559030036604
0.9375 0.558568344063
1.0 0.558293592005
1.0625 0.558147557536
1.125 0.557861897207
1.1875 0.557408385869
1.25 0.557129406856
1.3125 0.55697260047
1.375 0.556693894164
1.4375 0.556238882939
1.5 0.555945723174
1.5625 0.555799552352
1.625 0.555516073677
1.6875 0.555048381588
1.75 0.554765721033
1.8125 0.554616414083
1.875 0.554315754883
1.9375 0.553863334372
2.0 0.553575356036
2.0625 0.55340927762
2.125 0.553122662818
2.1875 0.552667651593
2.25 0.552359492956
2.3125 0.55221114048
2.375 0.551918662482
2.4375 0.551444970844
2.5 0.551154401794
2.5625 0.551001822363
2.625 0.550686164291
2.6875 0.550234834607
2.75 0.549937856948
2.8125 0.549762506502
2.875 0.549467983204
2.9375 0.549012971979
3.0 0.548689814471
3.0625 0.548539280341
3.125 0.54823780302
3.1875 0.547758111833
3.25 0.547459634287
3.3125 0.547303782375
3.375 0.546973125431
3.4375 0.546522886574
3.5 0.546216909592
3.5625 0.546032287117
3.625 0.545729855322
3.6875 0.545274844097
3.75 0.544936687717
3.8125 0.544783971933
3.875 0.544473495289
3.9375 0.543987804554
4.0 0.543681418511
4.0625 0.543522294118
4.125 0.543176638303
4.1875 0.542727490273
4.25 0.542412513968
4.3125 0.542218619463
4.375 0.541908279173
4.4375 0.541453267947
4.5 0.541100112696
4.5625 0.540945215258
4.625 0.540625739291
4.6875 0.540134049007
4.75 0.539819754468
4.8125 0.539657357594
4.875 0.539296702907
4.9375 0.538848645704
5.0 0.538524670076
5.0625 0.538321503541
5.125 0.538003254755
5.1875 0.53754824353
5.25 0.537180089407
5.3125 0.537023010314
5.375 0.536694535025
5.4375 0.536196845192
5.5 0.535874642158
5.5625 0.535708972802
5.625 0.535333319243
5.6875 0.534886352868
5.75 0.534553377916
5.8125 0.534340939352
5.875 0.53401478207
5.9375 0.533559770845
6.0 0.53317661785
6.0625 0.533017357103
6.125 0.532679882491
6.1875 0.532176193109
6.25 0.531846081579
6.3125 0.531677139742
6.375 0.531286487312
6.4375 0.530840611763
6.5 0.530498637489
6.5625 0.530276926895
6.625 0.529942861117
6.6875 0.529487849891
6.75 0.529089698025
6.8125 0.528928255624
6.875 0.528581781689
6.9375 0.528072092758
7.0 0.527734072732
7.0625 0.527561858415
7.125 0.527156207113
7.1875 0.526711422391
7.25 0.526360448794
7.3125 0.52612946617
7.375 0.525787491895
7.4375 0.52533248067
7.5 0.524919329932
7.5625 0.524755705878
7.625 0.524400232619
7.6875 0.52388454414
7.75 0.523538615618
7.8125 0.523363128819
7.875 0.522942478645
7.9375 0.522498784751
8.0 0.52213881183
8.0625 0.521898557177
8.125 0.521548674407
8.1875 0.521093663181
8.25 0.520665513572
8.3125 0.520499707863
8.375 0.520135235281
8.4375 0.519613547254
8.5 0.519259710235
8.5625 0.519080950956
8.625 0.51864530191
8.6875 0.518202698842
8.75 0.517833726599
8.8125 0.517584199916
8.875 0.51722640865
8.9375 0.516771397424
9.0 0.516328248943
9.0625 0.51616026158
9.125 0.515786789676
9.1875 0.515259102099
9.25 0.514897356585
9.3125 0.514715324824
9.375 0.514264676907
9.4375 0.513823164666
9.5 0.5134451931
9.5625 0.513186394387
9.625 0.512820694625
9.6875 0.5123656834
9.75 0.511907536047
9.8125 0.51173736703
9.875 0.511354895802
9.9375 0.510821208677
10.0 0.510451554667
10.0625 0.510266250425
10.125 0.509800603636
10.1875 0.509360182223
10.25 0.508973211333
10.3125 0.508705140591
10.375 0.508331532332
10.4375 0.507876521107
10.5 0.507403374882
10.5625 0.507231024212
10.625 0.506839553661
10.6875 0.506299866987
10.75 0.505922304481
10.8125 0.505733727758
10.875 0.505253082098
10.9375 0.504813751511
11.0 0.504417781299
11.0625 0.504140438526
11.125 0.503758921772
11.1875 0.503303910547
11.25 0.50281576545
11.3125 0.502641233125
11.375 0.502240763252
11.4375 0.501695077029
11.5 0.501309606027
11.5625 0.501117756823
11.625 0.500622112291
11.6875 0.500183872531
11.75 0.499778902996
11.8125 0.499492288194
11.875 0.499102862944
11.9375 0.498647851718
12.0 0.49814470775
12.0625 0.497967993771
12.125 0.497558524575
12.1875 0.497006838804
12.25 0.496613459306
12.3125 0.496418337621
12.375 0.495907694217
12.4375 0.495470545284
12.5 0.495056576426
12.5625 0.494760689594
12.625 0.494363355848
12.6875 0.493908344622
12.75 0.493390201783
12.8125 0.493211306149
12.875 0.49279283763
12.9375 0.49223515231
13.0 0.491833864316
13.0625 0.49163547015
13.125 0.491109827874
13.1875 0.490673769769
13.25 0.490250801587
13.3125 0.489945642726
13.375 0.489540400484
13.4375 0.489085389258
13.5 0.488552247547
13.5625 0.48837117026
13.625 0.487943702417
13.6875 0.487380017549
13.75 0.486970821059
13.8125 0.486769154411
13.875 0.486228513264
13.9375 0.485793545986
14.0 0.485361578481
14.0625 0.48504714759
14.125 0.484633996852
14.1875 0.484178985626
14.25 0.483630845043
14.3125 0.483447586102
14.375 0.483011118936
14.4375 0.482441434519
14.5 0.482024329533
14.5625 0.481819390405
14.625 0.481263750386
14.6875 0.480829873934
14.75 0.480388907107
14.8125 0.480065204186
14.875 0.479644144952
14.9375 0.479189133727
15.0 0.478625994272
15.0625 0.478440553677
15.125 0.477995087188
15.1875 0.477419403222
15.25 0.47699438974
15.3125 0.476786178131
15.375 0.47621553924
15.4375 0.475782753616
15.5 0.475332787465
15.5625 0.474999812514
15.625 0.474570844784
15.6875 0.474115833559
15.75 0.473537695232
15.8125 0.473350072983
15.875 0.472895607171
15.9375 0.472322650273
16.0 0.471933361377
16.0625 0.471810370629
16.125 0.471559616765
16.1875 0.471216688017
16.25 0.47109369727
16.3125 0.470841034459
16.375 0.470741223785
16.4375 0.470374705903
16.5 0.470119725084
16.5625 0.470019778058
16.625 0.469895560129
16.6875 0.469396097703
16.75 0.469295605262
16.8125 0.469170978274
16.875 0.468911770501
16.9375 0.46856911446
17.0 0.468443669351
17.0625 0.468182552631
17.125 0.468081378424
17.1875 0.467714042421
17.25 0.467450607693
17.3125 0.467349297132
17.375 0.467222624843
17.4375 0.466716344748
17.5 0.466614488774
17.5625 0.466487407425
17.625 0.466219745742
17.6875 0.465877362408
17.75 0.465749462938
17.8125 0.465479892308
17.875 0.465377354567
17.9375 0.465009200444
18.0 0.464737311807
18.0625 0.464634637712
18.125 0.464505511063
18.1875 0.463992413298
18.25 0.46388919379
18.3125 0.46375965808
18.375 0.463483542488
18.4375 0.46314143186
18.5 0.46301107803
18.5625 0.462733053491
18.625 0.462629152216
18.6875 0.462260179973
18.75 0.461979837426
18.8125 0.461875799798
18.875 0.461744218787
18.9375 0.461224303354
19.0 0.461119720312
19.0625 0.460987730241
19.125 0.460703160739
19.1875 0.460361322819
19.25 0.460228514628
19.3125 0.459942036179
19.375 0.45983677137
19.4375 0.459466981007
19.5 0.45917818455
19.5625 0.459072783388
19.625 0.458938748017
19.6875 0.458412014914
19.75 0.458306068339
19.8125 0.458171623907
19.875 0.457878600496
19.9375 0.457537035282
20.0 0.45740177273
20.0625 0.457106840372
20.125 0.45700021203
20.1875 0.456629603546
20.25 0.45633235318
20.3125 0.456225588484
20.375 0.456089098752
20.4375 0.45555554798
20.5 0.455448237871
20.5625 0.455311339079
20.625 0.455009861758
20.6875 0.454668569251
20.75 0.454530852338
20.8125 0.45422746607
20.875 0.454119474194
20.9375 0.45374804759
21.0 0.453442343315
21.0625 0.453334215085
21.125 0.453195270992
21.1875 0.452654902552
21.25 0.452546228909
21.3125 0.452406875755
21.375 0.452096944525
21.4375 0.451755924725
21.5 0.451615753451
21.5625 0.451303913274
21.625 0.451194557864
21.6875 0.45082231314
21.75 0.450508154955
21.8125 0.450398663191
21.875 0.450257264738
21.9375 0.449710078628
22.0 0.449600041451
22.0625 0.449458233937
22.125 0.449139848798
22.1875 0.448799101704
22.25 0.44865647607
22.3125 0.448336181983
22.375 0.448225463039
22.4375 0.447852400194
22.5 0.4475297881
22.5625 0.447418932803
22.625 0.447275079988
22.6875 0.44672107621
22.75 0.446609675499
22.8125 0.446465413625
22.875 0.446138574575
22.9375 0.445798100188
23.0 0.445653020193
23.0625 0.445324272197
23.125 0.445212189719
23.1875 0.444838308755
23.25 0.444507242751
23.3125 0.44439502392
23.375 0.444248716744
23.4375 0.443687895297
23.5 0.443575131053
23.5625 0.443428414817
23.625 0.443093121858
23.6875 0.442752920178
23.75 0.442605385822
23.8125 0.442268183916
23.875 0.442154737905
23.9375 0.44178003882
24.0 0.441457835786
24.0625 0.441361706653
24.125 0.441247851582
24.1875 0.440907922609
24.25 0.440811384416
24.3125 0.440697392992
24.375 0.44058312886
24.4375 0.440260925826
24.5 0.440146388988
24.5625 0.440031988503
24.625 0.43993504125
24.6875 0.43959524863
24.75 0.439480302732
24.8125 0.439383355479
24.875 0.439268136874
24.9375 0.438928480607
25.0 0.438831124295
25.0625 0.438715769336
25.125 0.438600141671
25.1875 0.438278756757
25.25 0.438162856385
25.3125 0.438047092366
25.375 0.437949326994
25.4375 0.43760980708
25.5 0.437493497648
25.5625 0.437395732276
25.625 0.437279150137
25.6875 0.436939766577
25.75 0.436841592144
25.8125 0.436724873652
25.875 0.436607882452
25.9375 0.436287315659
26.0 0.436170051753
26.0625 0.4360529242
26.125 0.435954340708
26.1875 0.435615093501
26.25 0.435497420535
26.3125 0.435398837042
26.375 0.435280891369
26.4375 0.434941780516
26.5 0.434842787963
26.5625 0.434724705937
26.625 0.434606351204
26.6875 0.434286602531
26.75 0.434167975091
26.8125 0.434049484005
26.875 0.433950082392
26.9375 0.433611107892
27.0 0.433492071392
27.0625 0.433392669779
27.125 0.433273360572
27.1875 0.432934522426
27.25 0.432834711752
27.3125 0.432715266192
27.375 0.432595547926
27.4375 0.432276617373
27.5 0.432156626399
27.5625 0.432036771779
27.625 0.431936552046
27.6875 0.431597850253
27.75 0.431477450219
27.8125 0.431377230486
27.875 0.431256557745
27.9375 0.430917992306
28.0 0.430817363512
28.0625 0.430696554418
28.125 0.430575472618
28.1875 0.430257360185
28.25 0.430136005678
28.3125 0.430014787524
28.375 0.42991374967
28.4375 0.429575320584
28.5 0.429453557017
28.5625 0.429352519163
28.625 0.429230482889
28.6875 0.428892190156
28.75 0.428790743242
28.8125 0.428668570614
28.875 0.42854612528
28.9375 0.428228830967
29.0 0.428106112927
29.0625 0.427983531239
29.125 0.427881675265
29.1875 0.427543518885
29.25 0.427420391784
29.3125 0.42731853581
29.375 0.427195136002
29.4375 0.426857115976
29.5 0.426754850942
29.5625 0.426631314781
29.625 0.426507505913
29.6875 0.42619102972
29.75 0.426066948145
29.8125 0.425943002924
29.875 0.42584032883
29.9375 0.425502445157
30.0 0.425377954522
30.0625 0.425275280428
30.125 0.425150517086
30.1875 0.424812769767
30.25 0.424709686612
30.3125 0.424584786917
30.375 0.424459614515
30.4375 0.424143956443
30.5 0.424018511335
30.5625 0.42389320258
30.625 0.423789710365
30.6875 0.423452099399
30.75 0.42332624523
30.8125 0.423222753016
30.875 0.42309662614
30.9375 0.422759151527
31.0 0.422655250253
31.0625 0.422528987024
31.125 0.422402451088
31.1875 0.422087611137
31.25 0.421960802494
31.3125 0.421834130205
31.375 0.42172981987
31.4375 0.421392481611
31.5 0.421265263909
31.5625 0.421160953574
31.625 0.421033463164
31.6875 0.420696261259
31.75 0.420591541864
31.8125 0.420463915101
31.875 0.420336015632
31.9375 0.4200219938
32.0 0.419893821624
32.0625 0.419660657346
32.1875 0.419195010557
32.3125 0.418961028159
32.4375 0.418518561445
32.5625 0.418260308145
32.6875 0.417817568724
32.8125 0.417582222792
32.9375 0.417115485176
33.0625 0.416879321124
33.1875 0.416436308996
33.3125 0.416175328629
33.4375 0.415732043794
33.5625 0.415494516208
33.6875 0.415026687765
33.8125 0.414788342059
33.9375 0.414344784517
34.0625 0.414081077083
34.1875 0.413637246834
34.3125 0.413397537594
34.4375 0.412928618324
34.5625 0.412688090964
34.6875 0.412243988009
34.8125 0.411977553507
34.9375 0.411533177845
35.0625 0.411291286951
35.1875 0.410821276854
35.3125 0.41057856784
35.4375 0.410133919471
35.5625 0.409864757901
35.6875 0.409419836826
35.8125 0.409175764278
35.9375 0.408704663354
36.0625 0.408459772685
36.1875 0.408014578903
36.3125 0.407742690266
36.4375 0.407297223777
36.5625 0.407050969575
36.6875 0.406578777824
36.8125 0.406331705501
36.9375 0.405885966306
37.0625 0.405611350601
37.1875 0.405165338698
37.3125 0.404916902842
37.4375 0.404443620264
37.5625 0.404194366287
37.6875 0.403748081678
37.8125 0.403470738906
37.9375 0.40302418159
38.0625 0.40277356408
38.1875 0.402299190675
38.3125 0.402047755044
38.4375 0.401600925021
38.5625 0.401320855181
38.6875 0.400873752452
38.8125 0.400620953287
38.9375 0.400145489055
39.0625 0.399891871771
39.1875 0.399444496334
39.3125 0.399161699427
39.4375 0.398714051284
39.5625 0.398459070465
39.6875 0.397982515406
39.8125 0.397726716467
39.9375 0.397278795618
40.0625 0.396993271643
40.1875 0.396545078086
40.3125 0.396287915614
40.4375 0.395810269727
40.5625 0.395552289135
40.6875 0.395103822872
40.8125 0.394815571829
40.9375 0.394366832859
41.0625 0.394107488732
41.1875 0.393628752019
41.3125 0.393368589772
41.4375 0.392919578095
41.5625 0.392628599985
41.6875 0.392179315601
41.8125 0.391917789821
41.9375 0.391437962281
42.0625 0.39117561838
42.1875 0.390726061289
42.3125 0.390432356111
42.4375 0.389982526314
42.5625 0.38971881888
42.6875 0.389237900512
42.8125 0.388973374957
42.9375 0.388523272454
43.0625 0.388226840208
43.1875 0.387776464998
43.3125 0.387510575909
43.4375 0.387028566715
43.5625 0.386761859506
43.6875 0.386311211588
43.8125 0.386012052275
43.9375 0.385561131651
44.0625 0.385293060908
44.1875 0.384809960887
44.3125 0.384541072024
44.4375 0.384089878693
44.5625 0.383787992312
44.6875 0.383336526275
44.8125 0.383066273878
44.9375 0.38258208303
45.0625 0.382311012512
45.1875 0.381859273768
45.3125 0.38155466032
45.4375 0.381102648869
45.5625 0.380830214818
45.6875 0.380344933143
45.8125 0.380071680971
45.9375 0.379619396814
46.0625 0.379312056298
46.1875 0.378859499433
46.3125 0.378584883728
46.4375 0.378098511226
46.5625 0.3778230774
46.6875 0.377370247829
46.8125 0.377060180246
46.9375 0.376607077968
47.0625 0.376330280608
47.1875 0.375842817279
47.3125 0.3755652018
47.4375 0.375111826815
47.5625 0.374799032164
47.6875 0.374345384472
47.8125 0.374066405459
47.9375 0.373577851303
48.0625 0.373298054169
48.1875 0.372844133771
48.3125 0.372528612052
48.4375 0.372074418947
48.5625 0.37179325828
48.6875 0.371303613296
48.8125 0.371021634509
48.9375 0.370567168697
49.0625 0.370248919911
49.1875 0.369794181392
49.3125 0.369510839071
49.4375 0.36902010326
49.5625 0.368735942819
49.6875 0.368280931594
49.8125 0.36795995574
49.9375 0.367504671808
50.0625 0.367219147832
50.1875 0.366727321195
50.3125 0.366440979099
50.4375 0.36598542246
50.5625 0.365661719539
50.6875 0.365205890193
50.8125 0.364918184564
50.9375 0.364425267099
51.0625 0.36413674335
51.1875 0.363680641297
51.3125 0.363354211308
51.4375 0.362897836549
51.5625 0.362607949266
51.6875 0.362113940974
51.8125 0.36182323557
51.9375 0.361366588104
52.0625 0.361037431048
52.1875 0.360580510875
52.3125 0.360288441938
52.4375 0.359793342819
52.5625 0.359500455761
52.6875 0.359043262882
52.8125 0.358711378758
52.9375 0.358253913172
53.0625 0.35795966258
53.1875 0.357463472634
53.3125 0.357168403922
53.4375 0.356710665629
53.5625 0.356376054438
53.6875 0.355918043438
53.8125 0.355621611192
53.9375 0.35512433042
54.0625 0.354827080054
54.1875 0.354368796347
54.3125 0.354031458088
54.4375 0.353572901675
54.5625 0.353274287775
54.6875 0.352775916175
54.8125 0.352476484155
54.9375 0.352017655035
55.0625 0.351677589709
55.1875 0.351218487882
55.3125 0.350917692328
55.4375 0.350418229901
55.5625 0.350116616227
55.6875 0.349657241694
55.8125 0.349314449299
55.9375 0.348854802059
56.0625 0.348551824851
56.1875 0.348051271598
56.3125 0.347747476269
56.4375 0.347287556322
56.5625 0.34694203686
56.6875 0.346481844207
56.8125 0.346176685345
56.9375 0.345675041264
57.0625 0.345369064282
57.1875 0.344908598921
57.3125 0.344560352392
57.4375 0.344099614324
57.5625 0.343792273808
57.6875 0.343289538901
57.8125 0.342981380264
57.9375 0.34252036949
58.0625 0.342169395893
58.1875 0.341708112412
58.3125 0.341398590242
58.4375 0.340894764507
58.5625 0.340584424217
58.6875 0.34012286803
58.8125 0.339769167365
58.9375 0.339307338471
59.0625 0.338995634647
59.1875 0.338490718085
59.3125 0.33817819614
59.4375 0.337716094539
59.5625 0.337359666807
59.6875 0.336897292499
59.8125 0.336583407021
59.9375 0.336077399632
60.0625 0.335762696034
60.1875 0.335300049019
60.3125 0.334940894219
60.4375 0.334477974498
60.5625 0.334161907366
60.6875 0.33365480915
60.8125 0.333337923897
60.9375 0.332874731469
61.0625 0.332512849602
61.1875 0.332049384467
61.3125 0.33173113568
61.4375 0.331222946637
61.5625 0.330903879731
61.6875 0.330440141889
61.8125 0.330075532954
61.9375 0.329611522406
62.0625 0.329291091966
62.1875 0.328781812095
62.3125 0.328460563535
62.4375 0.32799628028
62.5625 0.327628944277
62.6875 0.327164388315
62.8125 0.326841776221
62.9375 0.326331405524
63.0625 0.326007975309
63.1875 0.325543146641
63.3125 0.32517308357
63.4375 0.324707982195
63.5625 0.324383188447
63.6875 0.323871726922
63.8125 0.323546115054
63.9375 0.323080740972
64.0625 0.322242304045
64.3125 0.321402776291
64.5625 0.320609063273
64.8125 0.319767353865
65.0625 0.31892455363
65.3125 0.318128113544
65.5625 0.317283131655
65.8125 0.316437058939
66.0625 0.315637891786
66.3125 0.314789637416
66.5625 0.313940292219
66.8125 0.313138397998
67.0625 0.312286871147
67.3125 0.311434253469
67.5625 0.31062963218
67.8125 0.309774832848
68.0625 0.308918942689
68.3125 0.308111594332
68.5625 0.307253522519
68.8125 0.306394359879
69.0625 0.305584284455
69.3125 0.304722940161
69.5625 0.303860505039
69.8125 0.303047702548
70.0625 0.302183085772
70.3125 0.30131737817
70.5625 0.300501848611
70.8125 0.299633959354
71.0625 0.298764979271
71.3125 0.297946722644
71.5625 0.297075560907
71.8125 0.296203308342
72.0625 0.295382324648
72.3125 0.294507890429
72.5625 0.293632365383
72.8125 0.292808654622
73.0625 0.291930947922
73.3125 0.291052150395
73.5625 0.290225712566
73.8125 0.289344733385
74.0625 0.288462663377
74.3125 0.28763349848
74.5625 0.286749246818
74.8125 0.285863904329
75.0625 0.285032012365
75.3125 0.284144488221
75.5625 0.283255873251
75.8125 0.282421254219
76.0625 0.281530457595
76.3125 0.280638570144
76.5625 0.279801224044
76.8125 0.278907154939
77.0625 0.278011995007
77.3125 0.27717192184
77.5625 0.276274580253
77.8125 0.27537614784
78.0625 0.274533347605
78.3125 0.273632733538
78.5625 0.272731028643
78.8125 0.271885501341
79.0625 0.270981614792
79.3125 0.270076637417
79.5625 0.269228383047
79.8125 0.268321224017
80.0625 0.26741297416
80.3125 0.266561992723
80.5625 0.265651561212
80.8125 0.264740038874
81.0625 0.263886330369
81.3125 0.262972626377
81.5625 0.262057831559
81.8125 0.261201395986
82.0625 0.260284419513
82.3125 0.259366352213
82.5625 0.258507189573
82.8125 0.257586940619
83.0625 0.256665600838
83.3125 0.25580371113
83.5625 0.254880189695
83.8125 0.253955577433
84.0625 0.253090960657
84.3125 0.252164166741
84.5625 0.251236281998
84.8125 0.250368938155
85.0625 0.249438871758
85.3125 0.248507714533
85.5625 0.247637643623
85.8125 0.246704304744
86.0625 0.245769875039
86.3125 0.244897077061
86.5625 0.243960465701
86.8125 0.243022763515
87.0625 0.242147238469
87.3125 0.241207354629
87.5625 0.240266379961
87.8125 0.239388127848
88.0625 0.238444971526
88.3125 0.237500724377
88.5625 0.236619745196
88.8125 0.235673316394
89.0625 0.234725796764
89.3125 0.233842090515
89.5625 0.232892389232
89.8125 0.231941597121
90.0625 0.231055163805
90.3125 0.23010219004
90.5625 0.229148125448
90.8125 0.228258965064
91.0625 0.227302718818
91.3125 0.226345381745
91.5625 0.225453494294
91.8125 0.224493975567
92.0625 0.223533366013
92.3125 0.222638751494
92.5625 0.221675960286
92.8125 0.22071207825
93.0625 0.219814736664
93.3125 0.218848672975
93.5625 0.217881518458
93.8125 0.216981449805
94.0625 0.216012113634
94.3125 0.215041686637
94.5625 0.214138890915
94.8125 0.213166282264
95.0625 0.212192582785
95.3125 0.211287059996
95.5625 0.210311178864
95.8125 0.209334206904
96.0625 0.208425957047
96.3125 0.207446803434
96.5625 0.206466558993
96.8125 0.205555582069
97.0625 0.204573155974
97.3125 0.203589639052
97.5625 0.20267593506
97.8125 0.201690236484
98.0625 0.200703447082
98.3125 0.199787016022
98.5625 0.198798044965
98.8125 0.197807983081
99.0625 0.196888824954
99.3125 0.195896581416
99.5625 0.194903247051
99.8125 0.193981361857
100.0625 0.192985845838
100.3125 0.191989238991
100.5625 0.191064626729
100.8125 0.190065838229
101.0625 0.189065958902
101.3125 0.188138619572
101.5625 0.187136558591
101.8125 0.186133406782
102.0625 0.185203340385
102.3125 0.184198006923
102.5625 0.183191582633
102.8125 0.182258789168
103.0625 0.181250183225
103.3125 0.180240486454
103.5625 0.179304965922
103.8125 0.178293087497
104.0625 0.177280118246
104.3125 0.176341870646
104.5625 0.17532671974
104.8125 0.174310478007
105.0625 0.17336950334
105.3125 0.172351079953
105.5625 0.171331565739
105.8125 0.170387864004
106.0625 0.169366168136
106.3125 0.168343381441
106.5625 0.167396952638
106.8125 0.166371984289
107.0625 0.165345925113
107.3125 0.164396769243
107.5625 0.163368528413
107.8125 0.162339196756
108.0625 0.161387313818
108.3125 0.160355800507
108.5625 0.159323196369
108.8125 0.158368586363
109.0625 0.157333800571
109.3125 0.156297923952
109.5625 0.155340586879
109.8125 0.154302528605
110.0625 0.153263379505
110.3125 0.152303315364
110.5625 0.15126198461
110.8125 0.150219563028
111.0625 0.14925677182
111.3125 0.148212168585
111.5625 0.147166474522
111.8125 0.146200956246
112.0625 0.14515308053
112.3125 0.144104113986
112.5625 0.143135868643
112.8125 0.142084720445
113.0625 0.14103248142
113.3125 0.140061509009
113.5625 0.13900708833
113.8125 0.137951576825
114.0625 0.136977877346
114.3125 0.135920184186
114.5625 0.134861400199
114.8125 0.133884973653
115.0625 0.132824008012
115.3125 0.131761951544
115.5625 0.13078279793
115.8125 0.129718559808
116.0625 0.128653230859
116.3125 0.127671350178
116.5625 0.126603839575
116.8125 0.125535238145
117.0625 0.124550630396
117.3125 0.123479847311
117.5625 0.1224079734
117.8125 0.121420638584
118.0625 0.120346583018
118.3125 0.119271436626
118.5625 0.118281374742
118.8125 0.117204046696
119.0625 0.116125627822
119.3125 0.115132838871
119.5625 0.114052238343
119.8125 0.112970546988
120.0625 0.111975030969
120.3125 0.110891157961
120.5625 0.109806194125
120.8125 0.108807951038
121.0625 0.107720805548
121.3125 0.106632569232
121.5625 0.105631599077
121.8125 0.104541181107
122.0625 0.103449672309
122.3125 0.102445975087
122.5625 0.101352284635
122.8125 0.100257503356
123.0625 0.0992510790666
123.3125 0.0981541161335
123.5625 0.0970560623735
123.8125 0.0960469110165
124.0625 0.0949466756024
124.3125 0.0938453493612
124.5625 0.0928334709366
124.8125 0.0917299630414
125.0625 0.0906257733793
125.3125 0.0896111678871
125.5625 0.0885043875108
125.8125 0.0873965163075
126.0625 0.0863791837478
126.3125 0.0852691308904
126.5625 0.084157987206
126.8125 0.0831379275786
127.0625 0.0820246022401
127.3125 0.0809101860746
127.5625 0.0798873993797
127.8125 0.0791894064333
128.0625 0.0787236232911
128.5625 0.0781623927836
129.0625 0.0776927917468
129.5625 0.0772215544694
130.0625 0.0766537789998
130.5625 0.0761787238278
131.0625 0.0757020324153
131.5625 0.0751277119835
132.0625 0.0746472026763
132.5625 0.0741650571287
133.0625 0.0735841917347
133.5625 0.0730982282924
134.0625 0.0726106286095
134.5625 0.0720232182534
135.0625 0.0715318006759
135.5625 0.0710387468579
136.0625 0.0704447915395
136.5625 0.0699479198269
137.0625 0.0694494118738
137.5625 0.0688489115932
138.0625 0.0683465857455
138.5625 0.0678426236572
139.0625 0.0672355784144
139.5625 0.0667277984315
140.0625 0.0662183822081
140.5625 0.0656047920031
141.0625 0.0650915578851
141.5625 0.0645766875265
142.0625 0.0639565523594
142.5625 0.0634378641061
143.0625 0.0629175396124
143.5625 0.0622908594831
144.0625 0.0617667170947
144.5625 0.0612409384658
145.0625 0.0606077133743
145.5625 0.0600781168508
146.0625 0.0595468840867
146.5625 0.058907114033
147.0625 0.0583720633743
147.5625 0.0578353764751
148.0625 0.0571890614592
148.5625 0.0566485566654
149.0625 0.056106415631
149.5625 0.055453555653
150.0625 0.054907596724
150.5625 0.0543600015544
151.0625 0.0537005966142
151.5625 0.0531491835501
152.0625 0.0525961342454
152.5625 0.051930184343
153.0625 0.0513733171436
153.5625 0.0508148137038
154.0625 0.0501423188392
154.5625 0.0495799975047
155.0625 0.0490160399297
155.5625 0.0483370001029
156.0625 0.0477692246333
156.5625 0.0471998129232
157.0625 0.0465142281342
157.5625 0.0459409985294
158.0625 0.0453661326841
158.5625 0.044674002933
159.0625 0.044095319193
159.5625 0.0435149992126
160.0625 0.0428163244992
160.5625 0.0422321866241
161.0625 0.0416464125085
161.5625 0.040941192833
162.0625 0.0403516008228
162.5625 0.039760372572
163.0625 0.0390486079343
163.5625 0.0384535617889
164.0625 0.0378568794029
164.5625 0.037138569803
165.0625 0.0365380695225
165.5625 0.0359359330014
166.0625 0.0352110784393
166.5625 0.0346051240236
167.0625 0.0339975333674
167.5625 0.0332661338431
168.0625 0.0326547252923
168.5625 0.0320416805009
169.0625 0.0313037360144
169.5625 0.0306868733284
170.0625 0.0300683744018
170.5625 0.0293238849532
171.0625 0.028701568132
171.5625 0.0280776150703
172.0625 0.0273265806595
172.5625 0.0266988097032
173.0625 0.0260694025063
173.5625 0.0253118231333
174.0625 0.0246785980418
174.5625 0.0240437367098
175.0625 0.0232796123746
175.5625 0.022640933148
176.0625 0.0220006176808
176.5625 0.0212299483834
177.0625 0.0205858150216
177.5625 0.0199400454193
178.0625 0.0191628311597
178.5625 0.0185132436628
179.0625 0.0178620199253
179.5625 0.0170782607036
180.0625 0.0164232190715
180.5625 0.0157665411988
181.0625 0.0149762370149
181.5625 0.0143157412476
182.0625 0.0136536092399
182.5625 0.0128567600937
183.0625 0.0121908101913
183.5625 0.0115232240484
184.0625 0.0107198299401
184.5625 0.0100484259025
185.0625 0.0093753856244
185.5625 0.00856544655391
186.0625 0.00788858838119
186.5625 0.00721009396793
187.0625 0.00639360993525
187.5625 0.00564298458457
188.0625 0.00499271532073
188.5625 0.0042043200841
189.0625 0.00344769518475
189.5625 0.00279197178576
190.0625 0.00199757700046
190.5625 0.00123495255243
191.0625 0.000573775018288
191.5625 5.23596974864e-05
