0 1
0.0625 0.842090819761
0.125 0.783321358708
0.1875 0.602754370712
0.25 0.485528271977
0.3125 0.395319721007
0.375 0.390805765207
0.4375 0.354764649365
24.125 0.350255071562
32.0625 0.345745493758
192.0625 0.30966914711
255.5625 0.273943674481
256.0625 0.273628031268
16352.0625 0.269099493637
16384.0625 0.268967588392
16448.0625 0.268833649274
16512.0625 0.268699592949
16576.0625 0.268566029581
16640.0625 0.268431807789
16704.0625 0.268298540883
16768.0625 0.268164260488
16832.0625 0.268029235489
16896.0625 0.267895958241
16960.0625 0.267760616096
17024.0625 0.267625994424
17088.0625 0.267491827789
17152.0625 0.267357450871
17216.0625 0.267223646195
17280.0625 0.267089300303
17344.0625 0.266957143409
17408.0625 0.266822497606
17472.0625 0.266688037955
17536.0625 0.266552451055
17600.0625 0.26641900834
17664.0625 0.266284469402
17728.0625 0.266151609271
17792.0625 0.266017694283
17856.0625 0.26588360004
17920.0625 0.265747816647
17984.0625 0.265614504927
18048.0625 0.265479080048
18112.0625 0.26534464108
18176.0625 0.265211332808
18240.0625 0.265076969679
18304.0625 0.264942947827
18368.0625 0.264810142852
18432.0625 0.264676255442
18496.0625 0.264540854694
18560.0625 0.264407929065
18624.0625 0.264273438388
18688.0625 0.264138230685
18752.0625 0.264003746903
18816.0625 0.263871000531
18880.0625 0.26373462766
18944.0625 0.263601143578
19008.0625 0.263467238933
19072.0625 0.263333579041
19136.0625 0.263199633029
19200.0625 0.263065256111
19264.0625 0.262931754793
19328.0625 0.262796581562
19392.0625 0.262661042924
19456.0625 0.262527927697
19520.0625 0.262394753867
19584.0625 0.26225926349
19648.0625 0.262125224402
19712.0625 0.261989968438
19776.0625 0.261856439542
19840.0625 0.261721087055
19904.0625 0.261587396138
19968.0625 0.26145465666
20032.0625 0.261319414485
20096.0625 0.261185468472
20160.0625 0.261050905404
20224.0625 0.260916676717
20288.0625 0.260784264727
20352.0625 0.260650180825
20416.0625 0.260514718027
20480.0625 0.260379906756
20544.0625 0.260245826302
20608.0625 0.260111814792
20672.0625 0.259978996027
20736.0625 0.259844108918
20800.0625 0.259710452473
20864.0625 0.259577071809
20928.0625 0.259442619052
20992.0625 0.259308400707
21056.0625 0.259173368814
21120.0625 0.259039922651
21184.0625 0.25890526306
21248.0625 0.25877101369
21312.0625 0.258636274812
21376.0625 0.258502632157
21440.0625 0.258368693039
21504.0625 0.258232713154
21568.0625 0.258099449695
21632.0625 0.257965024516
21696.0625 0.257830027095
21760.0625 0.257696839476
21824.0625 0.2575635967
21888.0625 0.257428488968
21952.0625 0.257295294454
22016.0625 0.257161555276
22080.0625 0.257026361362
22144.0625 0.256893959714
22208.0625 0.256757859175
22272.0625 0.256622982408
22336.0625 0.256488846797
22400.0625 0.256355410976
22464.0625 0.256221585617
22528.0625 0.256087842992
22592.0625 0.255952793862
22656.0625 0.255821136818
22720.0625 0.255685918773
22784.0625 0.255552534661
22848.0625 0.255417409692
22912.0625 0.255283112061
22976.0625 0.255149028159
23040.0625 0.255013630858
23104.0625 0.254881008586
23168.0625 0.254745094199
23232.0625 0.254612247856
23296.0625 0.254476798847
23360.0625 0.254343356131
23424.0625 0.254207765785
23488.0625 0.254073712908
23552.0625 0.253940807962
23616.0625 0.253806489648
23680.0625 0.253672543635
23744.0625 0.25353953872
23808.0625 0.253403820825
23872.0625 0.253271026191
23936.0625 0.253139320886
24000.0625 0.253001769059
24064.0625 0.252866761296
24128.0625 0.252733470259
24192.0625 0.252599589744
24256.0625 0.252466053954
24320.0625 0.252333055933
24384.0625 0.252196565856
24448.0625 0.252066773769
24512.0625 0.243363619889
24576.0625 0.243363595758
130816.0625 0.207082913874
131072.0625 0.206009353269
131584.0625 0.204937130194
132096.0625 0.203862549205
132608.0625 0.202781218517
133120.0625 0.201723863394
133632.0625 0.200649716758
134144.0625 0.199577528154
134656.0625 0.198490206161
135168.0625 0.19742162682
135680.0625 0.196355019301
136192.0625 0.195269565712
136704.0625 0.194201775789
137216.0625 0.193127756701
137728.0625 0.192046987914
138240.0625 0.19098610971
138752.0625 0.189907826384
139264.0625 0.188830946085
139776.0625 0.187752142225
140288.0625 0.18669111579
140800.0625 0.185621781502
141312.0625 0.18454148154
141824.0625 0.183460143958
142336.0625 0.182388593095
142848.0625 0.18131455677
143360.0625 0.180246108424
143872.0625 0.17916839734
144384.0625 0.178082840334
144896.0625 0.177013237162
145408.0625 0.175958657068
145920.0625 0.174880704677
146432.0625 0.173803231453
146944.0625 0.172731915002
147456.0625 0.17164961564
147968.0625 0.170582870231
148480.0625 0.169509637113
148992.0625 0.168426893057
149504.0625 0.1673555835
150016.0625 0.166283639651
150528.0625 0.165205128807
151040.0625 0.164133798567
151552.0625 0.163066129297
152064.0625 0.161994378494
152576.0625 0.160909652274
153088.0625 0.159837625691
153600.0625 0.15876703316
154112.0625 0.157710567425
154624.0625 0.156622724899
155136.0625 0.15556114001
155648.0625 0.154464148505
156160.0625 0.153392925129
156672.0625 0.152329140901
157184.0625 0.151262726427
157696.0625 0.150171981323
158208.0625 0.149094149586
158720.0625 0.148025818446
159232.0625 0.146966863802
159744.0625 0.145874550204
160256.0625 0.144813530662
160768.0625 0.143733847756
161280.0625 0.142656409005
161792.0625 0.141577598251
162304.0625 0.140513124574
162816.0625 0.139426657496
163328.0625 0.138366772098
163840.0625 0.137292449652
164352.0625 0.13621364924
164864.0625 0.135145042321
165376.0625 0.134071436901
165888.0625 0.132991295512
166400.0625 0.131906462427
166912.0625 0.130852557993
167424.0625 0.129754490948
167936.0625 0.128689083069
168448.0625 0.127638781001
168960.0625 0.126555981789
169472.0625 0.125471848494
169984.0625 0.124410391154
170496.0625 0.123339653839
171008.0625 0.122253493566
171520.0625 0.12118154627
172032.0625 0.120112067199
172544.0625 0.119031081235
173056.0625 0.117946610111
173568.0625 0.116898555645
174080.0625 0.115814994592
174592.0625 0.11474892829
175104.0625 0.113671510221
175616.0625 0.112590872429
176128.0625 0.1115105311
176640.0625 0.110451331703
177152.0625 0.109367339745
177664.0625 0.108305482524
178176.0625 0.107221886999
178688.0625 0.106146216682
179200.0625 0.105073631646
179712.0625 0.104007368851
180224.0625 0.10293371517
180736.0625 0.10186202297
181248.0625 0.100782477953
181760.0625 0.0997196796356
182272.0625 0.0986347569226
182784.0625 0.0975536744365
183296.0625 0.0964911553455
183808.0625 0.0954198078692
184320.0625 0.0943461231632
184832.0625 0.0932577463143
185344.0625 0.0922032903209
185856.0625 0.0911094082275
186368.0625 0.0900431006181
186880.0625 0.0889570747879
187392.0625 0.0879030669359
187904.0625 0.0868144280966
188416.0625 0.0857445525924
188928.0625 0.0846782932444
189440.0625 0.0835986585998
189952.0625 0.0825282522204
190464.0625 0.0814572356792
190976.0625 0.080379121268
191488.0625 0.0793050987324
192000.0625 0.0782287424143
192512.0625 0.0771460604082
193024.0625 0.0760733374826
193536.0625 0.0750033240887
194048.0625 0.0739341139021
194560.0625 0.0728604877992
195072.0625 0.0717809462301
195584.0625 0.0707117257017
196096.0625 0.00135551737521
