0 1
0.0625 0.926179997787
0.125 0.59112511642
0.1875 0.280521966564
0.25 0.187342311617
0.3125 0.18734231022
0.4375 0.187342308822
0.5625 0.187342307425
0.6875 0.187342306028
0.8125 0.187342304631
0.9375 0.187342303234
1.0625 0.187342301837
1.1875 0.18734230044
1.3125 0.187342299043
1.4375 0.187342297646
1.5625 0.187342296249
1.6875 0.187342294851
1.8125 0.187342293454
1.9375 0.187342292057
2.0625 0.18734229066
2.1875 0.187342289263
2.3125 0.187342287866
2.4375 0.187342286469
2.5625 0.187342285072
2.6875 0.187342283675
2.8125 0.187342282278
2.9375 0.187342280881
3.0625 0.187342279483
3.1875 0.187342278086
3.3125 0.187342276689
3.4375 0.187342275292
3.5625 0.187342273895
3.6875 0.187342272498
3.8125 0.187342271101
3.9375 0.187342269704
4.0625 0.187342268307
4.1875 0.18734226691
4.3125 0.187342265512
4.4375 0.187342264115
4.5625 0.187342262718
4.6875 0.187342261321
4.8125 0.187342259924
4.9375 0.187342258527
5.0625 0.18734225713
5.1875 0.187342255733
5.3125 0.187342254336
5.4375 0.187342252939
5.5625 0.187342251541
5.6875 0.187342250144
5.8125 0.187342248747
5.9375 0.18734224735
6.0625 0.187342245953
6.1875 0.187342244556
6.3125 0.187342243159
6.4375 0.187342241762
6.5625 0.187342240365
6.6875 0.187342238968
6.8125 0.18734223757
6.9375 0.187342236173
7.0625 0.187342234776
7.1875 0.187342233379
7.3125 0.187342231982
7.4375 0.187342230585
7.5625 0.187342229188
7.6875 0.187342227791
7.8125 0.187342226394
7.9375 0.187342224997
8.0625 0.187342144819
8.125 0.187342064796
8.1875 0.187341904596
8.25 0.187341745792
8.3125 0.187341585592
8.375 0.187341426788
8.4375 0.187341266588
8.5 0.187341107784
8.5625 0.187340947584
8.625 0.18734078878
8.6875 0.18734062858
8.75 0.187340469776
8.8125 0.187340309576
8.875 0.187340150772
8.9375 0.187339990572
9.0 0.187339831768
9.0625 0.187339671568
9.125 0.187339512765
9.1875 0.187339352564
9.25 0.187339193761
9.3125 0.18733903356
9.375 0.187338874757
9.4375 0.187338714556
9.5 0.187338555753
9.5625 0.187338395552
9.625 0.187338236749
9.6875 0.187338076548
9.75 0.187337917745
9.8125 0.187337757544
9.875 0.187337598741
9.9375 0.18733743854
10.0 0.187337279737
10.0625 0.187337119536
10.125 0.187336960733
10.1875 0.187336800532
10.25 0.187336641729
10.3125 0.187336481529
10.375 0.187336322725
10.4375 0.187336162525
10.5 0.187336003721
10.5625 0.187335843521
10.625 0.187335684717
10.6875 0.187335524517
10.75 0.187335365713
10.8125 0.187335205513
10.875 0.187335046709
10.9375 0.187334886509
11.0 0.187334727705
11.0625 0.187334567505
11.125 0.187334408701
11.1875 0.187334248501
11.25 0.187334089698
11.3125 0.187333929497
11.375 0.187333770694
11.4375 0.187333610493
11.5 0.18733345169
11.5625 0.187333291489
11.625 0.187333132686
11.6875 0.187332972485
11.75 0.187332813682
11.8125 0.187332653481
11.875 0.187332494678
11.9375 0.187332334477
12.0 0.187332175674
12.0625 0.187332015473
12.125 0.18733185667
12.1875 0.187331696469
12.25 0.187331537666
12.3125 0.187331377465
12.375 0.187331218662
12.4375 0.187331058462
12.5 0.187330899658
12.5625 0.187330739458
12.625 0.187330580654
12.6875 0.187330420454
12.75 0.18733026165
12.8125 0.18733010145
12.875 0.187329942646
12.9375 0.187329782446
13.0 0.187329623642
13.0625 0.187329463442
13.125 0.187329304638
13.1875 0.187329144438
13.25 0.187328985634
13.3125 0.187328825434
13.375 0.187328666631
13.4375 0.18732850643
13.5 0.187328347627
13.5625 0.187328187426
13.625 0.187328028623
13.6875 0.187327868422
13.75 0.187327709619
13.8125 0.187327549418
13.875 0.187327390615
13.9375 0.187327230414
14.0 0.187327071611
14.0625 0.18732691141
14.125 0.187326752607
14.1875 0.187326592406
14.25 0.187326433603
14.3125 0.187326273402
14.375 0.187326114599
14.4375 0.187325954398
14.5 0.187325795595
14.5625 0.187325635395
14.625 0.187325476591
14.6875 0.187325316391
14.75 0.187325157587
14.8125 0.187324997387
14.875 0.187324838583
14.9375 0.187324678383
15.0 0.187324519579
15.0625 0.187324359379
15.125 0.187324200575
15.1875 0.187324040375
15.25 0.187323881571
15.3125 0.187323721371
15.375 0.187323562567
15.4375 0.187323402367
15.5 0.187323243563
15.5625 0.187323083363
15.625 0.18732292456
15.6875 0.187322764359
15.75 0.187322605556
15.8125 0.187322445355
15.875 0.187322286552
15.9375 0.187322126351
16.0 0.187321966228
16.0625 0.187160283388
16.125 0.176934932182
16.1875 0.176934932027
16.3125 0.176934931871
16.4375 0.176934931716
16.5625 0.176934931561
16.6875 0.176934931406
16.8125 0.17693493125
16.9375 0.176934931095
17.0625 0.17693493094
17.1875 0.176934930785
17.3125 0.17693493063
17.4375 0.176934930474
17.5625 0.176934930319
17.6875 0.176934930164
17.8125 0.176934930009
17.9375 0.176934929853
18.0625 0.176934929698
18.1875 0.176934929543
18.3125 0.176934929388
18.4375 0.176934929232
18.5625 0.176934929077
18.6875 0.176934928922
18.8125 0.176934928767
18.9375 0.176934928612
19.0625 0.176934928456
19.1875 0.176934928301
19.3125 0.176934928146
19.4375 0.176934927991
19.5625 0.176934927835
19.6875 0.17693492768
19.8125 0.176934927525
19.9375 0.17693492737
20.0625 0.176934927214
20.1875 0.176934927059
20.3125 0.176934926904
20.4375 0.176934926749
20.5625 0.176934926593
20.6875 0.176934926438
20.8125 0.176934926283
20.9375 0.176934926128
21.0625 0.176934925973
21.1875 0.176934925817
21.3125 0.176934925662
21.4375 0.176934925507
21.5625 0.176934925352
21.6875 0.176934925196
21.8125 0.176934925041
21.9375 0.176934924886
22.0625 0.176934924731
22.1875 0.176934924575
22.3125 0.17693492442
22.4375 0.176934924265
22.5625 0.17693492411
22.6875 0.176934923955
22.8125 0.176934923799
22.9375 0.176934923644
23.0625 0.176934923489
23.1875 0.176934923334
23.3125 0.176934923178
23.4375 0.176934923023
23.5625 0.176934922868
23.6875 0.176934922713
23.8125 0.176934922557
23.9375 0.176934922402
24.0625 0.176934922169
24.125 0.176934922092
24.1875 0.176934921781
24.25 0.176934921626
24.3125 0.176934921316
24.375 0.17693492116
24.4375 0.17693492085
24.5 0.176934920695
24.5625 0.176934920384
24.625 0.176934920229
24.6875 0.176934919918
24.75 0.176934919763
24.8125 0.176934919453
24.875 0.176934919298
24.9375 0.176934918987
25.0 0.176934918832
25.0625 0.176934918521
25.125 0.176934918366
25.1875 0.176934918056
25.25 0.1769349179
25.3125 0.17693491759
25.375 0.176934917435
25.4375 0.176934917124
25.5 0.176934916969
25.5625 0.176934916659
25.625 0.176934916503
25.6875 0.176934916193
25.75 0.176934916038
25.8125 0.176934915727
25.875 0.176934915572
25.9375 0.176934915261
26.0 0.176934915106
26.0625 0.176934914796
26.125 0.176934914641
26.1875 0.17693491433
26.25 0.176934914175
26.3125 0.176934913864
26.375 0.176934913709
26.4375 0.176934913399
26.5 0.176934913243
26.5625 0.176934912933
26.625 0.176934912778
26.6875 0.176934912467
26.75 0.176934912312
26.8125 0.176934912002
26.875 0.176934911846
26.9375 0.176934911536
27.0 0.176934911381
27.0625 0.17693491107
27.125 0.176934910915
27.1875 0.176934910604
27.25 0.176934910449
27.3125 0.176934910139
27.375 0.176934909984
27.4375 0.176934909673
27.5 0.176934909518
27.5625 0.176934909207
27.625 0.176934909052
27.6875 0.176934908742
27.75 0.176934908586
27.8125 0.176934908276
27.875 0.176934908121
27.9375 0.17693490781
28.0 0.176934907655
28.0625 0.176934907345
28.125 0.176934907189
28.1875 0.176934906879
28.25 0.176934906724
28.3125 0.176934906413
28.375 0.176934906258
28.4375 0.176934905947
28.5 0.176934905792
28.5625 0.176934905482
28.625 0.176934905327
28.6875 0.176934905016
28.75 0.176934904861
28.8125 0.17693490455
28.875 0.176934904395
28.9375 0.176934904085
29.0 0.176934903929
29.0625 0.176934903619
29.125 0.176934903464
29.1875 0.176934903153
29.25 0.176934902998
29.3125 0.176934902688
29.375 0.176934902532
29.4375 0.176934902222
29.5 0.176934902067
29.5625 0.176934901756
29.625 0.176934901601
29.6875 0.17693490129
29.75 0.176934901135
29.8125 0.176934900825
29.875 0.17693490067
29.9375 0.176934900359
30.0 0.176934900204
30.0625 0.176934899893
30.125 0.176934899738
30.1875 0.176934899428
30.25 0.176934899272
30.3125 0.176934898962
30.375 0.176934898807
30.4375 0.176934898496
30.5 0.176934898341
30.5625 0.176934898031
30.625 0.176934897875
30.6875 0.176934897565
30.75 0.17693489741
30.8125 0.176934897099
30.875 0.176934896944
30.9375 0.176934896634
31.0 0.176934896478
31.0625 0.176934896168
31.125 0.176934896013
31.1875 0.176934895702
31.25 0.176934895547
31.3125 0.176934895236
31.375 0.176934895081
31.4375 0.176934894771
31.5 0.176934894615
31.5625 0.176934894305
31.625 0.17693489415
31.6875 0.176934893839
31.75 0.176934893684
31.8125 0.176934893374
31.875 0.176934893218
31.9375 0.176934892908
32.0 0.176934892597
32.0625 0.176934892287
32.1875 0.176934891821
32.3125 0.176934891356
32.4375 0.17693489089
32.5625 0.176934890424
32.6875 0.176934889958
32.8125 0.176934889493
32.9375 0.176934889027
33.0625 0.176934888561
33.1875 0.176934888096
33.3125 0.17693488763
33.4375 0.176934887164
33.5625 0.176934886699
33.6875 0.176934886233
33.8125 0.176934885767
33.9375 0.176934885301
34.0625 0.176934884836
34.1875 0.17693488437
34.3125 0.176934883904
34.4375 0.176934883439
34.5625 0.176934882973
34.6875 0.176934882507
34.8125 0.176934882042
34.9375 0.176934881576
35.0625 0.17693488111
35.1875 0.176934880645
35.3125 0.176934880179
35.4375 0.176934879713
35.5625 0.176934879247
35.6875 0.176934878782
35.8125 0.176934878316
35.9375 0.17693487785
36.0625 0.176934877385
36.1875 0.176934876919
36.3125 0.176934876453
36.4375 0.176934875988
36.5625 0.176934875522
36.6875 0.176934875056
36.8125 0.17693487459
36.9375 0.176934874125
37.0625 0.176934873659
37.1875 0.176934873193
37.3125 0.176934872728
37.4375 0.176934872262
37.5625 0.176934871796
37.6875 0.176934871331
37.8125 0.176934870865
37.9375 0.176934870399
38.0625 0.176934869933
38.1875 0.176934869468
38.3125 0.176934869002
38.4375 0.176934868536
38.5625 0.176934868071
38.6875 0.176934867605
38.8125 0.176934867139
38.9375 0.176934866674
39.0625 0.176934866208
39.1875 0.176934865742
39.3125 0.176934865276
39.4375 0.176934864811
39.5625 0.176934864345
39.6875 0.176934863879
39.8125 0.176934863414
39.9375 0.176934862793
40.0625 0.176934862482
40.1875 0.176934862017
40.3125 0.176934861551
40.4375 0.176934861085
40.5625 0.176934860619
40.6875 0.176934860154
40.8125 0.176934859688
40.9375 0.176934859222
41.0625 0.176934858757
41.1875 0.176934858291
41.3125 0.176934857825
41.4375 0.17693485736
41.5625 0.176934856894
41.6875 0.176934856428
41.8125 0.176934855962
41.9375 0.176934855497
42.0625 0.176934855031
42.1875 0.176934854565
42.3125 0.1769348541
42.4375 0.176934853634
42.5625 0.176934853168
42.6875 0.176934852703
42.8125 0.176934852237
42.9375 0.176934851771
43.0625 0.176934851305
43.1875 0.17693485084
43.3125 0.176934850374
43.4375 0.176934849908
43.5625 0.176934849443
43.6875 0.176934848977
43.8125 0.176934848511
43.9375 0.176934848046
44.0625 0.17693484758
44.1875 0.176934847114
44.3125 0.176934846648
44.4375 0.176934846183
44.5625 0.176934845717
44.6875 0.176934845251
44.8125 0.176934844786
44.9375 0.17693484432
45.0625 0.176934843854
45.1875 0.176934843389
45.3125 0.176934842923
45.4375 0.176934842457
45.5625 0.176934841991
45.6875 0.176934841526
45.8125 0.17693484106
45.9375 0.176934840594
46.0625 0.176934840129
46.1875 0.176934839663
46.3125 0.176934839197
46.4375 0.176934838732
46.5625 0.176934838266
46.6875 0.1769348378
46.8125 0.176934837334
46.9375 0.176934836869
47.0625 0.176934836403
47.1875 0.176934835937
47.3125 0.176934835472
47.4375 0.176934835006
47.5625 0.17693483454
47.6875 0.176934834075
47.8125 0.176934833609
47.9375 0.176934832988
48.0625 0.176934832677
48.1875 0.176934832212
48.3125 0.176934831746
48.4375 0.17693483128
48.5625 0.176934830815
48.6875 0.176934830349
48.8125 0.176934829883
48.9375 0.176934829418
49.0625 0.176934828952
49.1875 0.176934828486
49.3125 0.17693482802
49.4375 0.176934827555
49.5625 0.176934827089
49.6875 0.176934826623
49.8125 0.176934826158
49.9375 0.176934825692
50.0625 0.176934825226
50.1875 0.176934824761
50.3125 0.176934824295
50.4375 0.176934823829
50.5625 0.176934823364
50.6875 0.176934822898
50.8125 0.176934822432
50.9375 0.176934821966
51.0625 0.176934821501
51.1875 0.176934821035
51.3125 0.176934820569
51.4375 0.176934820104
51.5625 0.176934819638
51.6875 0.176934819172
51.8125 0.176934818707
51.9375 0.176934818241
52.0625 0.176934817775
52.1875 0.176934817309
52.3125 0.176934816844
52.4375 0.176934816378
52.5625 0.176934815912
52.6875 0.176934815447
52.8125 0.176934814981
52.9375 0.176934814515
53.0625 0.17693481405
53.1875 0.176934813584
53.3125 0.176934813118
53.4375 0.176934812652
53.5625 0.176934812187
53.6875 0.176934811721
53.8125 0.176934811255
53.9375 0.17693481079
54.0625 0.176934810324
54.1875 0.176934809858
54.3125 0.176934809393
54.4375 0.176934808927
54.5625 0.176934808461
54.6875 0.176934807995
54.8125 0.17693480753
54.9375 0.176934807064
55.0625 0.176934806598
55.1875 0.176934806133
55.3125 0.176934805667
55.4375 0.176934805201
55.5625 0.176934804736
55.6875 0.17693480427
55.8125 0.176934803804
55.9375 0.176934803183
56.0625 0.176934802873
56.1875 0.176934802407
56.3125 0.176934801941
56.4375 0.176934801476
56.5625 0.17693480101
56.6875 0.176934800544
56.8125 0.176934800079
56.9375 0.176934799613
57.0625 0.176934799147
57.1875 0.176934798681
57.3125 0.176934798216
57.4375 0.17693479775
57.5625 0.176934797284
57.6875 0.176934796819
57.8125 0.176934796353
57.9375 0.176934795887
58.0625 0.176934795422
58.1875 0.176934794956
58.3125 0.17693479449
58.4375 0.176934794024
58.5625 0.176934793559
58.6875 0.176934793093
58.8125 0.176934792627
58.9375 0.176934792162
59.0625 0.176934791696
59.1875 0.17693479123
59.3125 0.176934790765
59.4375 0.176934790299
59.5625 0.176934789833
59.6875 0.176934789367
59.8125 0.176934788902
59.9375 0.176934788436
60.0625 0.17693478797
60.1875 0.176934787505
60.3125 0.176934787039
60.4375 0.176934786573
60.5625 0.176934786108
60.6875 0.176934785642
60.8125 0.176934785176
60.9375 0.17693478471
61.0625 0.176934784245
61.1875 0.176934783779
61.3125 0.176934783313
61.4375 0.176934782848
61.5625 0.176934782382
61.6875 0.176934781916
61.8125 0.176934781451
61.9375 0.176934780985
62.0625 0.176934780519
62.1875 0.176934780053
62.3125 0.176934779588
62.4375 0.176934779122
62.5625 0.176934778656
62.6875 0.176934778191
62.8125 0.176934777725
62.9375 0.176934777259
63.0625 0.176934776794
63.1875 0.176934776328
63.3125 0.176934775862
63.4375 0.176934775396
63.5625 0.176934774931
63.6875 0.176934774465
63.8125 0.176934773999
63.9375 0.176934773378
64.0625 0.176934296192
64.3125 0.176933660047
64.5625 0.176933023902
64.8125 0.176932387757
65.0625 0.176931751612
65.3125 0.176931115467
65.5625 0.176930479321
65.8125 0.176929843176
66.0625 0.176929207031
66.3125 0.176928570886
66.5625 0.176927934741
66.8125 0.176927298596
67.0625 0.176926662451
67.3125 0.176926026306
67.5625 0.176925390161
67.8125 0.176924754016
68.0625 0.176924117871
68.3125 0.176923481726
68.5625 0.17692284558
68.8125 0.176922209435
69.0625 0.17692157329
69.3125 0.176920937145
69.5625 0.176920301
69.8125 0.176919664855
70.0625 0.17691902871
70.3125 0.176918392565
70.5625 0.17691775642
70.8125 0.176917120275
71.0625 0.17691648413
71.3125 0.176915847984
71.5625 0.176915211839
71.8125 0.176914575539
72.0625 0.176913939549
72.3125 0.176913303404
72.5625 0.176912667259
72.8125 0.176912031114
73.0625 0.176911394969
73.3125 0.176910758824
73.5625 0.176910122679
73.8125 0.176909486534
74.0625 0.176908850389
74.3125 0.176908214243
74.5625 0.176907578098
74.8125 0.176906941953
75.0625 0.176906305808
75.3125 0.176905669663
75.5625 0.176905033518
75.8125 0.176904397373
76.0625 0.176903761228
76.3125 0.176903125083
76.5625 0.176902488938
76.8125 0.176901852793
77.0625 0.176901216647
77.3125 0.176900580502
77.5625 0.176899944357
77.8125 0.176899308212
78.0625 0.176898672067
78.3125 0.176898035922
78.5625 0.176897399777
78.8125 0.176896763632
79.0625 0.176896127487
79.3125 0.176895491342
79.5625 0.176894855197
79.8125 0.176894218896
80.0625 0.176893582906
80.3125 0.176892946761
80.5625 0.176892310616
80.8125 0.176891674471
81.0625 0.176891038326
81.3125 0.176890402181
81.5625 0.176889766036
81.8125 0.176889129891
82.0625 0.176888493746
82.3125 0.176887857601
82.5625 0.176887221456
82.8125 0.17688658531
83.0625 0.176885949165
83.3125 0.17688531302
83.5625 0.176884676875
83.8125 0.17688404073
84.0625 0.176883404585
84.3125 0.17688276844
84.5625 0.176882132295
84.8125 0.17688149615
85.0625 0.176880860005
85.3125 0.17688022386
85.5625 0.176879587714
85.8125 0.176878951569
86.0625 0.176878315424
86.3125 0.176877679279
86.5625 0.176877043134
86.8125 0.176876406989
87.0625 0.176875770844
87.3125 0.176875134699
87.5625 0.176874498554
87.8125 0.176873862253
88.0625 0.176873226264
88.3125 0.176872590118
88.5625 0.176871953973
88.8125 0.176871317828
89.0625 0.176870681683
89.3125 0.176870045538
89.5625 0.176869409393
89.8125 0.176868773248
90.0625 0.176868137103
90.3125 0.176867500958
90.5625 0.176866864813
90.8125 0.176866228668
91.0625 0.176865592523
91.3125 0.176864956377
91.5625 0.176864320232
91.8125 0.176863684087
92.0625 0.176863047942
92.3125 0.176862411797
92.5625 0.176861775652
92.8125 0.176861139507
93.0625 0.176860503362
93.3125 0.176859867217
93.5625 0.176859231072
93.8125 0.176858594927
94.0625 0.176857958781
94.3125 0.176857322636
94.5625 0.176856686491
94.8125 0.176856050346
95.0625 0.176855414201
95.3125 0.176854778056
95.5625 0.176854141911
95.8125 0.176853505611
96.0625 0.176852869621
96.3125 0.176852233476
96.5625 0.176851597331
96.8125 0.176850961185
97.0625 0.17685032504
97.3125 0.176849688895
97.5625 0.17684905275
97.8125 0.176848416605
98.0625 0.17684778046
98.3125 0.176847144315
98.5625 0.17684650817
98.8125 0.176845872025
99.0625 0.17684523588
99.3125 0.176844599735
99.5625 0.17684396359
99.8125 0.176843327444
100.0625 0.176842691299
100.3125 0.176842055154
100.5625 0.176841419009
100.8125 0.176840782864
101.0625 0.176840146719
101.3125 0.176839510574
101.5625 0.176838874429
101.8125 0.176838238284
102.0625 0.176837602139
102.3125 0.176836965994
102.5625 0.176836329848
102.8125 0.176835693703
103.0625 0.176835057558
103.3125 0.176834421413
103.5625 0.176833785268
103.8125 0.176833148968
104.0625 0.176832512978
104.3125 0.176831876833
104.5625 0.176831240688
104.8125 0.176830604543
105.0625 0.176829968398
105.3125 0.176829332252
105.5625 0.176828696107
105.8125 0.176828059962
106.0625 0.176827423817
106.3125 0.176826787672
106.5625 0.176826151527
106.8125 0.176825515382
107.0625 0.176824879237
107.3125 0.176824243092
107.5625 0.176823606947
107.8125 0.176822970802
108.0625 0.176822334657
108.3125 0.176821698511
108.5625 0.176821062366
108.8125 0.176820426221
109.0625 0.176819790076
109.3125 0.176819153931
109.5625 0.176818517786
109.8125 0.176817881641
110.0625 0.176817245496
110.3125 0.176816609351
110.5625 0.176815973206
110.8125 0.176815337061
111.0625 0.176814700915
111.3125 0.17681406477
111.5625 0.176813428625
111.8125 0.176812792325
112.0625 0.176812156335
112.3125 0.17681152019
112.5625 0.176810884045
112.8125 0.1768102479
113.0625 0.176809611755
113.3125 0.17680897561
113.5625 0.176808339465
113.8125 0.176807703319
114.0625 0.176807067174
114.3125 0.176806431029
114.5625 0.176805794884
114.8125 0.176805158739
115.0625 0.176804522594
115.3125 0.176803886449
115.5625 0.176803250304
115.8125 0.176802614159
116.0625 0.176801978014
116.3125 0.176801341869
116.5625 0.176800705724
116.8125 0.176800069578
117.0625 0.176799433433
117.3125 0.176798797288
117.5625 0.176798161143
117.8125 0.176797524998
118.0625 0.176796888853
118.3125 0.176796252708
118.5625 0.176795616563
118.8125 0.176794980418
119.0625 0.176794344273
119.3125 0.176793708128
119.5625 0.176793071982
119.8125 0.176792435682
120.0625 0.176791799692
120.3125 0.176791163547
120.5625 0.176790527402
120.8125 0.176789891257
121.0625 0.176789255112
121.3125 0.176788618967
121.5625 0.176787982822
121.8125 0.176787346677
122.0625 0.176786710532
122.3125 0.176786074387
122.5625 0.176785438241
122.8125 0.176784802096
123.0625 0.176784165951
123.3125 0.176783529806
123.5625 0.176782893661
123.8125 0.176782257516
124.0625 0.176781621371
124.3125 0.176780985226
124.5625 0.176780349081
124.8125 0.176779712936
125.0625 0.176779076791
125.3125 0.176778440645
125.5625 0.1767778045
125.8125 0.176777168355
126.0625 0.17677653221
126.3125 0.176775896065
126.5625 0.176775259998
126.8125 0.176774623853
127.0625 0.176773987707
127.3125 0.176773351562
127.5625 0.176772715417
127.8125 0.176772078729
128.0625 0.0936758049609
128.5625 0.0936758037191
129.0625 0.0936758024772
129.5625 0.0936758012353
130.0625 0.0936757999935
130.5625 0.0936757987516
131.0625 0.0936757975097
131.5625 0.0936757962679
132.0625 0.093675795026
132.5625 0.0936757937841
133.0625 0.0936757925423
133.5625 0.0936757913004
134.0625 0.0936757900585
134.5625 0.0936757888167
135.0625 0.0936757875748
135.5625 0.0936757861777
136.0625 0.0936757850911
136.5625 0.0936757838492
137.0625 0.0936757826074
137.5625 0.0936757813655
138.0625 0.0936757801236
138.5625 0.0936757788818
139.0625 0.0936757776399
139.5625 0.093675776398
140.0625 0.0936757751562
140.5625 0.0936757739143
141.0625 0.0936757726724
141.5625 0.0936757714306
142.0625 0.0936757701887
142.5625 0.0936757689468
143.0625 0.093675767705
143.5625 0.0936757663079
144.0625 0.0936757652213
144.5625 0.0936757639794
145.0625 0.0936757627375
145.5625 0.0936757614957
146.0625 0.0936757602538
146.5625 0.0936757590119
147.0625 0.0936757577701
147.5625 0.0936757565282
148.0625 0.0936757552863
148.5625 0.0936757540445
149.0625 0.0936757528026
149.5625 0.0936757515607
150.0625 0.0936757503189
150.5625 0.093675749077
151.0625 0.0936757478352
151.5625 0.0936757464381
152.0625 0.0936757453514
152.5625 0.0936757441096
153.0625 0.0936757428677
153.5625 0.0936757416258
154.0625 0.093675740384
154.5625 0.0936757391421
155.0625 0.0936757379002
155.5625 0.0936757366584
156.0625 0.0936757354165
156.5625 0.0936757341746
157.0625 0.0936757329328
157.5625 0.0936757316909
158.0625 0.093675730449
158.5625 0.0936757292072
159.0625 0.0936757279653
159.5625 0.0936757265682
160.0625 0.0936757254816
160.5625 0.0936757242397
161.0625 0.0936757229979
161.5625 0.093675721756
162.0625 0.0936757205141
162.5625 0.0936757192723
163.0625 0.0936757180304
163.5625 0.0936757167885
164.0625 0.0936757155467
164.5625 0.0936757143048
165.0625 0.0936757130629
165.5625 0.0936757118211
166.0625 0.0936757105792
166.5625 0.0936757093374
167.0625 0.0936757080955
167.5625 0.0936757066984
168.0625 0.0936757056118
168.5625 0.0936757043699
169.0625 0.093675703128
169.5625 0.0936757018862
170.0625 0.0936757006443
170.5625 0.0936756994024
171.0625 0.0936756981606
171.5625 0.0936756969187
172.0625 0.0936756956768
172.5625 0.093675694435
173.0625 0.0936756931931
173.5625 0.0936756919512
174.0625 0.0936756907094
174.5625 0.0936756894675
175.0625 0.0936756882257
175.5625 0.0936756868286
176.0625 0.0936756858195
176.5625 0.0936756845777
177.0625 0.0936756833358
177.5625 0.093675682094
178.0625 0.0936756808521
178.5625 0.0936756796102
179.0625 0.0936756783684
179.5625 0.0936756771265
180.0625 0.0936756758846
180.5625 0.0936756746428
181.0625 0.0936756734009
181.5625 0.093675672159
182.0625 0.0936756709172
182.5625 0.0936756696753
183.0625 0.0936756684334
183.5625 0.0936756669587
184.0625 0.0936756658721
184.5625 0.0936756646302
185.0625 0.0936756633884
185.5625 0.0936756621465
186.0625 0.0936756609046
186.5625 0.0936756596628
187.0625 0.0936756584209
187.5625 0.093675657179
188.0625 0.0936756559372
188.5625 0.0936756546953
189.0625 0.0936756534535
189.5625 0.0936756522116
190.0625 0.0936756509697
190.5625 0.0936756497279
191.0625 0.093675648486
191.5625 0.0936756470889
192.0625 0.0936756449932
192.5625 0.0936756425095
193.0625 0.0936756400258
193.5625 0.0936756375421
194.0625 0.0936756350583
194.5625 0.0936756325746
195.0625 0.0936756300909
195.5625 0.0936756276071
196.0625 0.0936756251234
196.5625 0.0936756226397
197.0625 0.093675620156
197.5625 0.0936756176722
198.0625 0.0936756151885
198.5625 0.0936756127048
199.0625 0.093675610221
199.5625 0.0936756075821
200.0625 0.0936756052536
200.5625 0.0936756027699
201.0625 0.0936756002861
201.5625 0.0936755978024
202.0625 0.0936755953187
202.5625 0.0936755928349
203.0625 0.0936755903512
203.5625 0.0936755878675
204.0625 0.0936755853838
204.5625 0.0936755829
205.0625 0.0936755804163
205.5625 0.0936755779326
206.0625 0.0936755754488
206.5625 0.0936755729651
207.0625 0.0936755704814
207.5625 0.0936755678424
208.0625 0.0936755655139
208.5625 0.0936755630302
209.0625 0.0936755605465
209.5625 0.0936755580627
210.0625 0.093675555579
210.5625 0.0936755530953
211.0625 0.0936755506115
211.5625 0.0936755481278
212.0625 0.0936755456441
212.5625 0.0936755431604
213.0625 0.0936755406766
213.5625 0.0936755381929
214.0625 0.0936755357092
214.5625 0.0936755332254
215.0625 0.0936755307417
215.5625 0.0936755281028
216.0625 0.0936755257743
216.5625 0.0936755232905
217.0625 0.0936755208068
217.5625 0.0936755183231
218.0625 0.0936755158393
218.5625 0.0936755133556
219.0625 0.0936755108719
219.5625 0.0936755083882
220.0625 0.0936755059044
220.5625 0.0936755034207
221.0625 0.093675500937
221.5625 0.0936754984532
222.0625 0.0936754959695
222.5625 0.0936754934858
223.0625 0.0936754910021
223.5625 0.0936754883631
224.0625 0.0936754860346
224.5625 0.0936754835509
225.0625 0.0936754810671
225.5625 0.0936754785834
226.0625 0.0936754760997
226.5625 0.0936754736159
227.0625 0.0936754711322
227.5625 0.0936754686485
228.0625 0.0936754661648
228.5625 0.093675463681
229.0625 0.0936754611973
229.5625 0.0936754587136
230.0625 0.0936754562298
230.5625 0.0936754537461
231.0625 0.0936754512624
231.5625 0.0936754486234
232.0625 0.0936754462949
232.5625 0.0936754438112
233.0625 0.0936754413275
233.5625 0.0936754388437
234.0625 0.09367543636
234.5625 0.0936754338763
235.0625 0.0936754313926
235.5625 0.0936754289088
236.0625 0.0936754264251
236.5625 0.0936754239414
237.0625 0.0936754214576
237.5625 0.0936754189739
238.0625 0.0936754164902
238.5625 0.0936754140065
239.0625 0.0936754115227
239.5625 0.0936754088838
240.0625 0.0936754065553
240.5625 0.0936754040715
241.0625 0.0936754015878
241.5625 0.0936753991041
242.0625 0.0936753966203
242.5625 0.0936753941366
243.0625 0.0936753916529
243.5625 0.0936753891692
244.0625 0.0936753866854
244.5625 0.0936753842017
245.0625 0.093675381718
245.5625 0.0936753792342
246.0625 0.0936753767505
246.5625 0.0936753742668
247.0625 0.0936753717831
247.5625 0.0936753691441
248.0625 0.0936753668156
248.5625 0.0936753643319
249.0625 0.0936753618481
249.5625 0.0936753593644
250.0625 0.0936753569583
250.5625 0.0936753544746
251.0625 0.0936753519908
251.5625 0.0936753495071
252.0625 0.0936753470234
252.5625 0.0936753445397
253.0625 0.0936753420559
253.5625 0.0936753395722
254.0625 0.0936753370885
254.5625 0.0936753346047
255.0625 0.093675332121
255.5625 0.0936753293268
256.0625 0.0936753246698
257.0625 0.0936753197024
258.0625 0.0936753147349
259.0625 0.0936753097675
260.0625 0.0936753048
261.0625 0.0936752998325
262.0625 0.0936752948651
263.0625 0.0936752897424
264.0625 0.0936752849302
265.0625 0.0936752799627
266.0625 0.0936752749952
267.0625 0.0936752700278
268.0625 0.0936752650603
269.0625 0.0936752600929
270.0625 0.0936752551254
271.0625 0.0936752500027
272.0625 0.0936752451905
273.0625 0.093675240223
274.0625 0.0936752352556
275.0625 0.0936752302881
276.0625 0.0936752253207
277.0625 0.0936752203532
278.0625 0.0936752153857
279.0625 0.0936752102631
280.0625 0.0936752054508
281.0625 0.0936752004834
282.0625 0.0936751955159
283.0625 0.0936751905485
284.0625 0.093675185581
285.0625 0.0936751806135
286.0625 0.0936751756461
287.0625 0.0936751705234
288.0625 0.0936751657112
289.0625 0.0936751607437
290.0625 0.0936751557763
291.0625 0.0936751508088
292.0625 0.0936751458413
293.0625 0.0936751408739
294.0625 0.0936751359064
295.0625 0.0936751307837
296.0625 0.0936751259715
297.0625 0.093675121004
298.0625 0.0936751160366
299.0625 0.0936751110691
300.0625 0.0936751061017
301.0625 0.0936751011342
302.0625 0.0936750961668
303.0625 0.0936750910441
304.0625 0.0936750862318
305.0625 0.0936750812644
306.0625 0.0936750762969
307.0625 0.0936750713295
308.0625 0.093675066362
309.0625 0.0936750613946
310.0625 0.0936750564271
311.0625 0.0936750513044
312.0625 0.0936750464922
313.0625 0.0936750415247
314.0625 0.0936750365573
315.0625 0.0936750315898
316.0625 0.0936750266223
317.0625 0.0936750216549
318.0625 0.0936750166874
319.0625 0.0936750113319
320.0625 0.0936750067525
321.0625 0.0936750017851
322.0625 0.0936749968176
323.0625 0.0936749918501
324.0625 0.0936749868827
325.0625 0.0936749819152
326.0625 0.0936749769478
327.0625 0.0936749718251
328.0625 0.0936749670129
329.0625 0.0936749620454
330.0625 0.0936749570779
331.0625 0.0936749521105
332.0625 0.093674947143
333.0625 0.0936749421756
334.0625 0.0936749372081
335.0625 0.0936749320854
336.0625 0.0936749272732
337.0625 0.0936749223057
338.0625 0.0936749173383
339.0625 0.0936749123708
340.0625 0.0936749074034
341.0625 0.0936749024359
342.0625 0.0936748974684
343.0625 0.0936748923457
344.0625 0.0936748875335
345.0625 0.0936748825661
346.0625 0.0936748775986
347.0625 0.0936748726311
348.0625 0.0936748676637
349.0625 0.0936748626962
350.0625 0.0936748577288
351.0625 0.0936748526061
352.0625 0.0936748477939
353.0625 0.0936748428264
354.0625 0.0936748378589
355.0625 0.0936748328915
356.0625 0.093674827924
357.0625 0.0936748229566
358.0625 0.0936748179891
359.0625 0.0936748128664
360.0625 0.0936748080542
361.0625 0.0936748030867
362.0625 0.0936747981193
363.0625 0.0936747931518
364.0625 0.0936747881844
365.0625 0.0936747832169
366.0625 0.0936747782494
367.0625 0.0936747731268
368.0625 0.0936747682369
369.0625 0.0936747632695
370.0625 0.093674758302
371.0625 0.0936747533345
372.0625 0.0936747483671
373.0625 0.0936747433996
374.0625 0.0936747384322
375.0625 0.0936747333871
376.0625 0.0936747285749
377.0625 0.0936747236074
378.0625 0.09367471864
379.0625 0.0936747136725
380.0625 0.093674708705
381.0625 0.0936747037376
382.0625 0.0936746987701
383.0625 0.0936746934146
384.0625 0.0936746889128
385.0625 0.093674684023
386.0625 0.0936746789779
387.0625 0.0936746740104
388.0625 0.0936746691206
389.0625 0.0936746640755
390.0625 0.0936746591081
391.0625 0.0936746539078
392.0625 0.0936746490955
393.0625 0.0936746441281
394.0625 0.0936746391606
395.0625 0.0936746341932
396.0625 0.0936746292257
397.0625 0.0936746242582
398.0625 0.0936746192908
399.0625 0.0936746141681
400.0625 0.0936746093559
401.0625 0.0936746043884
402.0625 0.093674599421
403.0625 0.0936745944535
404.0625 0.093674589486
405.0625 0.0936745845186
406.0625 0.0936745795511
407.0625 0.0936745744284
408.0625 0.0936745693834
409.0625 0.0936745644935
410.0625 0.0936745594484
411.0625 0.093674554481
412.0625 0.0936745495911
413.0625 0.0936745445461
414.0625 0.0936745395786
415.0625 0.0936745346112
416.0625 0.0936745298765
417.0625 0.0936745249091
418.0625 0.0936745199416
419.0625 0.0936745149742
420.0625 0.0936745100067
421.0625 0.0936745050393
422.0625 0.0936745000718
423.0625 0.0936744948715
424.0625 0.0936744902145
425.0625 0.093674485247
426.0625 0.0936744802796
427.0625 0.0936744753121
428.0625 0.0936744703447
429.0625 0.0936744653772
430.0625 0.0936744604098
431.0625 0.0936744552871
432.0625 0.0936744503972
433.0625 0.0936744454298
434.0625 0.0936744404623
435.0625 0.0936744354948
436.0625 0.0936744305274
437.0625 0.0936744255599
438.0625 0.0936744205925
439.0625 0.0936744154698
440.0625 0.0936744106576
441.0625 0.0936744056901
442.0625 0.0936744007226
443.0625 0.0936743957552
444.0625 0.0936743907877
445.0625 0.0936743858203
446.0625 0.0936743808528
447.0625 0.0936743755749
448.0625 0.0936743709179
449.0625 0.0936743659504
450.0625 0.093674360983
451.0625 0.0936743560155
452.0625 0.0936743510481
453.0625 0.0936743460806
454.0625 0.0936743411131
455.0625 0.0936743359905
456.0625 0.0936743311782
457.0625 0.0936743262108
458.0625 0.0936743212433
459.0625 0.0936743162759
460.0625 0.0936743113084
461.0625 0.0936743063409
462.0625 0.0936743013735
463.0625 0.0936742961732
464.0625 0.0936742913609
465.0625 0.0936742864711
466.0625 0.093674281426
467.0625 0.0936742764586
468.0625 0.0936742714911
469.0625 0.0936742666013
470.0625 0.0936742615562
471.0625 0.0936742566664
472.0625 0.0936742516989
473.0625 0.0936742467314
474.0625 0.093674241764
475.0625 0.0936742367965
476.0625 0.0936742318291
477.0625 0.0936742268616
478.0625 0.0936742218942
479.0625 0.0936742167715
480.0625 0.0936742119592
481.0625 0.0936742069918
482.0625 0.0936742020243
483.0625 0.0936741970569
484.0625 0.0936741920894
485.0625 0.0936741871219
486.0625 0.0936741821545
487.0625 0.0936741770318
488.0625 0.0936741722196
489.0625 0.0936741672521
490.0625 0.0936741622847
491.0625 0.0936741573172
492.0625 0.0936741523497
493.0625 0.0936741473823
494.0625 0.0936741424148
495.0625 0.0936741372921
496.0625 0.0936741324799
497.0625 0.0936741275125
498.0625 0.093674122545
499.0625 0.0936741175775
500.0625 0.0936741126101
501.0625 0.0936741076426
502.0625 0.0936741026752
503.0625 0.0936740976301
504.0625 0.0936740927402
505.0625 0.0936740877728
506.0625 0.0936740828053
507.0625 0.0936740778379
508.0625 0.0936740728704
509.0625 0.093674067903
510.0625 0.0936740629355
511.0625 0.0936740576576
512.0625 0.0936740480331
514.0625 0.0936740380982
516.0625 0.0936740281633
518.0625 0.0936740181508
520.0625 0.0936740082935
522.0625 0.0936739983585
524.0625 0.0936739884236
526.0625 0.0936739784111
528.0625 0.0936739685538
530.0625 0.0936739586189
532.0625 0.093673948684
534.0625 0.0936739386714
536.0625 0.0936739288141
538.0625 0.0936739188792
540.0625 0.0936739089443
542.0625 0.0936738989318
544.0625 0.0936738890745
546.0625 0.0936738791396
548.0625 0.0936738692046
550.0625 0.0936738591921
552.0625 0.0936738493348
554.0625 0.0936738393999
556.0625 0.093673829465
558.0625 0.0936738194524
560.0625 0.0936738095951
562.0625 0.0936737996602
564.0625 0.0936737897253
566.0625 0.0936737797128
568.0625 0.0936737698555
570.0625 0.0936737599206
572.0625 0.0936737499856
574.0625 0.0936737398179
576.0625 0.0936737301158
578.0625 0.0936737201809
580.0625 0.093673710246
582.0625 0.0936737002334
584.0625 0.0936736903761
586.0625 0.0936736804412
588.0625 0.0936736705063
590.0625 0.0936736604938
592.0625 0.0936736507141
594.0625 0.0936736408568
596.0625 0.0936736308443
598.0625 0.0936736208317
600.0625 0.0936736108968
602.0625 0.0936736009619
604.0625 0.093673591027
606.0625 0.0936735810145
608.0625 0.0936735711572
610.0625 0.0936735612222
612.0625 0.0936735512873
614.0625 0.0936735412748
616.0625 0.0936735311846
618.0625 0.0936735212497
620.0625 0.0936735113148
622.0625 0.0936735013799
624.0625 0.0936734918331
626.0625 0.0936734818981
628.0625 0.0936734719632
630.0625 0.0936734618731
632.0625 0.0936734520934
634.0625 0.0936734421585
636.0625 0.0936734323788
638.0625 0.0936734220558
640.0625 0.0936734123537
642.0625 0.0936734024188
644.0625 0.0936733924839
646.0625 0.0936733823938
648.0625 0.0936733726141
650.0625 0.0936733626792
652.0625 0.0936733527442
654.0625 0.0936733426541
656.0625 0.0936733325639
658.0625 0.0936733225514
660.0625 0.0936733126941
662.0625 0.0936733027592
664.0625 0.0936732931347
666.0625 0.0936732831998
668.0625 0.0936732732649
670.0625 0.0936732631748
672.0625 0.0936732533951
674.0625 0.0936732435378
676.0625 0.0936732335252
678.0625 0.0936732235903
680.0625 0.0936732136554
682.0625 0.0936732037205
684.0625 0.0936731937856
686.0625 0.0936731836954
688.0625 0.0936731739158
690.0625 0.0936731639808
692.0625 0.0936731540459
694.0625 0.0936731439558
696.0625 0.0936731337104
698.0625 0.0936731237755
700.0625 0.0936731139182
702.0625 0.0936731039833
704.0625 0.0936730944364
706.0625 0.0936730845015
708.0625 0.0936730745666
710.0625 0.0936730643988
712.0625 0.0936730546191
714.0625 0.0936730446842
716.0625 0.0936730347493
718.0625 0.0936730247368
720.0625 0.0936730149571
722.0625 0.0936730050222
724.0625 0.0936729950873
726.0625 0.0936729849971
728.0625 0.0936729752174
730.0625 0.0936729652825
732.0625 0.0936729553476
734.0625 0.0936729452575
736.0625 0.0936729354778
738.0625 0.0936729254652
740.0625 0.0936729156079
742.0625 0.0936729055178
744.0625 0.0936728957381
746.0625 0.0936728858032
748.0625 0.0936728758683
750.0625 0.0936728658557
752.0625 0.0936728559984
754.0625 0.0936728459859
756.0625 0.0936728359734
758.0625 0.0936728262713
760.0625 0.0936728162588
762.0625 0.0936728063239
764.0625 0.0936727963889
766.0625 0.0936727862988
768.0625 0.0936727765191
770.0625 0.0936727665842
772.0625 0.0936727566493
774.0625 0.0936727466367
776.0625 0.0936727368571
778.0625 0.0936727268445
780.0625 0.0936727169096
782.0625 0.0936727066642
784.0625 0.0936726970398
786.0625 0.0936726871049
788.0625 0.09367267717
790.0625 0.0936726671574
792.0625 0.0936726573001
794.0625 0.0936726473652
796.0625 0.0936726374303
798.0625 0.0936726274178
800.0625 0.0936726178709
802.0625 0.0936726078584
804.0625 0.0936725977682
806.0625 0.0936725877557
808.0625 0.0936725778208
810.0625 0.0936725678859
812.0625 0.093672557951
814.0625 0.0936725479384
816.0625 0.0936725381587
818.0625 0.0936725282238
820.0625 0.0936725182889
822.0625 0.0936725081211
824.0625 0.0936724983415
826.0625 0.0936724884065
828.0625 0.0936724784716
830.0625 0.0936724682263
832.0625 0.0936724588347
834.0625 0.0936724488221
836.0625 0.093672438732
838.0625 0.0936724289523
840.0625 0.0936724192502
842.0625 0.0936724090048
844.0625 0.0936723991475
846.0625 0.0936723892126
848.0625 0.0936723791225
850.0625 0.0936723694204
852.0625 0.0936723593303
854.0625 0.0936723491625
856.0625 0.0936723396157
858.0625 0.0936723295255
860.0625 0.0936723194354
862.0625 0.0936723096557
864.0625 0.0936722994879
866.0625 0.0936722893201
868.0625 0.0936722797733
870.0625 0.0936722696055
872.0625 0.0936722598259
874.0625 0.0936722502014
876.0625 0.0936722401113
878.0625 0.0936722298659
880.0625 0.0936722206295
882.0625 0.093672210617
884.0625 0.0936722005268
886.0625 0.0936721905919
888.0625 0.0936721802689
890.0625 0.0936721707221
892.0625 0.0936721605543
894.0625 0.0936721503089
896.0625 0.0936721407621
898.0625 0.0936721308272
900.0625 0.0936721208923
902.0625 0.0936721107245
904.0625 0.0936721007896
906.0625 0.0936720908547
908.0625 0.0936720809974
910.0625 0.0936720709848
912.0625 0.0936720612828
914.0625 0.0936720513479
916.0625 0.0936720414129
918.0625 0.0936720312452
920.0625 0.0936720216983
922.0625 0.093672011453
924.0625 0.0936720015957
926.0625 0.0936719915831
928.0625 0.0936719818035
930.0625 0.0936719718685
932.0625 0.0936719619336
934.0625 0.0936719518435
936.0625 0.0936719420638
938.0625 0.0936719321289
940.0625 0.093671922194
942.0625 0.0936719121038
944.0625 0.0936719021689
946.0625 0.0936718923116
948.0625 0.0936718822991
950.0625 0.0936718723641
952.0625 0.0936718625845
954.0625 0.0936718526495
956.0625 0.0936718427146
958.0625 0.0936718322364
960.0625 0.0936718228448
962.0625 0.0936718129099
964.0625 0.0936718028973
966.0625 0.0936717929624
968.0625 0.0936717831051
970.0625 0.0936717731702
972.0625 0.0936717632353
974.0625 0.0936717531452
976.0625 0.0936717433655
978.0625 0.0936717334306
980.0625 0.0936717234956
982.0625 0.0936717134055
984.0625 0.0936717030825
986.0625 0.0936716931476
988.0625 0.0936716832127
990.0625 0.0936716735106
992.0625 0.0936716638861
994.0625 0.0936716539512
996.0625 0.0936716440163
998.0625 0.0936716339262
1000.0625 0.0936716240689
1002.0625 0.0936716142116
1004.0625 0.0936716041214
1006.0625 0.093671594497
1008.0625 0.0936715847173
1010.0625 0.0936715747824
1012.0625 0.0936715648474
1014.0625 0.0936715549125
1016.0625 0.0936715446671
1018.0625 0.0936715347322
1020.0625 0.0936715247973
1022.0625 0.0936715144743
1024.0625 0.0936714943716
1028.0625 0.0936714749675
1032.0625 0.0936714552529
1036.0625 0.0936714350726
1040.0625 0.0936714152804
1044.0625 0.0936713955658
1048.0625 0.0936713757736
1052.0625 0.0936713561366
1056.0625 0.0936713360339
1060.0625 0.0936713160865
1064.0625 0.0936712964495
1068.0625 0.093671276114
1072.0625 0.0936712565546
1076.0625 0.0936712366071
1080.0625 0.0936712168149
1084.0625 0.0936711967122
1088.0625 0.0936711773857
1092.0625 0.093671157283
1096.0625 0.0936711373356
1100.0625 0.0936711173881
1104.0625 0.0936710970526
1108.0625 0.0936710774156
1112.0625 0.0936710578563
1116.0625 0.0936710379088
1120.0625 0.0936710181166
1124.0625 0.0936709981692
1128.0625 0.093670978765
1132.0625 0.0936709585847
1136.0625 0.0936709387925
1140.0625 0.0936709187674
1144.0625 0.0936708991305
1148.0625 0.0936708784845
1152.0625 0.0936708589251
1156.0625 0.0936708391329
1160.0625 0.0936708195735
1164.0625 0.0936707993932
1168.0625 0.0936707800667
1172.0625 0.0936707598864
1176.0625 0.0936707400942
1180.0625 0.0936707200691
1184.0625 0.0936707003545
1188.0625 0.0936706799414
1192.0625 0.0936706603044
1196.0625 0.0936706403569
1200.0625 0.0936706208752
1204.0625 0.0936706007725
1208.0625 0.0936705811355
1212.0625 0.0936705611881
1216.0625 0.0936705413959
1220.0625 0.0936705213708
1224.0625 0.0936705018114
1228.0625 0.0936704817088
1232.0625 0.0936704616061
1236.0625 0.0936704417362
1240.0625 0.0936704221769
1244.0625 0.0936704021518
1248.0625 0.0936703822044
1252.0625 0.0936703625674
1256.0625 0.0936703426199
1260.0625 0.0936703232934
1264.0625 0.0936703029579
1268.0625 0.0936702829328
1272.0625 0.0936702624421
1276.0625 0.0936702428051
1280.0625 0.0936702234786
1284.0625 0.0936702035311
1288.0625 0.093670183506
1292.0625 0.0936701638691
1296.0625 0.0936701439216
1300.0625 0.0936701242846
1304.0625 0.0936701042596
1308.0625 0.0936700841569
1312.0625 0.0936700645199
1316.0625 0.0936700444172
1320.0625 0.0936700247802
1324.0625 0.0936700045223
1328.0625 0.093669984963
1332.0625 0.0936699650931
1336.0625 0.0936699450681
1340.0625 0.0936699252758
1344.0625 0.0936699052508
1348.0625 0.0936698849152
1352.0625 0.0936698645021
1356.0625 0.093669845098
1360.0625 0.0936698256938
1364.0625 0.0936698056688
1368.0625 0.0936697857989
1372.0625 0.093669765541
1376.0625 0.0936697457488
1380.0625 0.0936697263447
1384.0625 0.0936697065525
1388.0625 0.0936696862945
1392.0625 0.0936696658038
1396.0625 0.0936696463997
1400.0625 0.0936696266074
1404.0625 0.0936696069705
1408.0625 0.0936695876439
1412.0625 0.0936695674636
1416.0625 0.0936695476714
1420.0625 0.0936695281121
1424.0625 0.0936695081646
1428.0625 0.0936694878291
1432.0625 0.0936694676488
1436.0625 0.0936694480894
1440.0625 0.0936694283748
1444.0625 0.093669408505
1448.0625 0.0936693889456
1452.0625 0.0936693689206
1456.0625 0.093669349594
1460.0625 0.0936693293361
1464.0625 0.0936693098544
1468.0625 0.0936692897517
1472.0625 0.0936692698819
1476.0625 0.0936692493911
1480.0625 0.0936692296765
1484.0625 0.093669209729
1488.0625 0.0936691902473
1492.0625 0.093669170067
1496.0625 0.0936691502748
1500.0625 0.0936691306378
1504.0625 0.0936691112337
1508.0625 0.0936690914415
1512.0625 0.0936690711835
1516.0625 0.0936690505375
1520.0625 0.0936690304349
1524.0625 0.0936690110307
1528.0625 0.093668991549
1532.0625 0.0936689711358
1536.0625 0.0936689513436
1540.0625 0.0936689321723
1544.0625 0.0936689129234
1548.0625 0.0936688926655
1552.0625 0.09366887233
1556.0625 0.0936688520721
1560.0625 0.0936688318918
1564.0625 0.09366881241
1568.0625 0.0936687928507
1572.0625 0.093668772748
1576.0625 0.0936687528781
1580.0625 0.0936687331635
1584.0625 0.0936687132161
1588.0625 0.093668693812
1592.0625 0.0936686735541
1596.0625 0.0936686536066
1600.0625 0.0936686337368
1604.0625 0.0936686140998
1608.0625 0.0936685941523
1612.0625 0.093668573972
1616.0625 0.0936685540246
1620.0625 0.0936685345428
1624.0625 0.093668514673
1628.0625 0.0936684949584
1632.0625 0.0936684751662
1636.0625 0.0936684549083
1640.0625 0.0936684351937
1644.0625 0.0936684152462
1648.0625 0.0936683956093
1652.0625 0.0936683753513
1656.0625 0.0936683559472
1660.0625 0.0936683358445
1664.0625 0.0936683154314
1668.0625 0.0936682952511
1672.0625 0.0936682755365
1676.0625 0.0936682548129
1680.0625 0.0936682347102
1684.0625 0.0936682146851
1688.0625 0.0936681952034
1692.0625 0.0936681751007
1696.0625 0.0936681556189
1700.0625 0.0936681360596
1704.0625 0.0936681166554
1708.0625 0.0936680964751
1712.0625 0.0936680767605
1716.0625 0.0936680563474
1720.0625 0.0936680358566
1724.0625 0.0936680172287
1728.0625 0.0936679974364
1732.0625 0.0936679783428
1736.0625 0.0936679585506
1740.0625 0.0936679386031
1744.0625 0.0936679189661
1748.0625 0.0936678987858
1752.0625 0.0936678797698
1756.0625 0.0936678594343
1760.0625 0.0936678390211
1764.0625 0.0936678190737
1768.0625 0.093667798971
1772.0625 0.0936677788683
1776.0625 0.0936677604732
1780.0625 0.0936677397496
1784.0625 0.0936677195693
1788.0625 0.093667700398
1792.0625 0.0936676799848
1796.0625 0.0936676606583
1800.0625 0.0936676406333
1804.0625 0.0936676199096
1808.0625 0.0936676003503
1812.0625 0.0936675805581
1816.0625 0.0936675610763
1820.0625 0.0936675408184
1824.0625 0.0936675210262
1828.0625 0.0936675011563
1832.0625 0.093667481597
1836.0625 0.0936674622705
1840.0625 0.0936674420902
1844.0625 0.0936674211337
1848.0625 0.0936674018072
1852.0625 0.0936673819374
1856.0625 0.093667362378
1860.0625 0.0936673421977
1864.0625 0.0936673225607
1868.0625 0.0936673025356
1872.0625 0.0936672833644
1876.0625 0.0936672634169
1880.0625 0.0936672434695
1884.0625 0.0936672229011
1888.0625 0.0936672032641
1892.0625 0.093667183239
1896.0625 0.0936671637573
1900.0625 0.0936671433441
1904.0625 0.0936671238624
1908.0625 0.0936671039926
1912.0625 0.093667084666
1916.0625 0.0936670643305
1920.0625 0.0936670453921
1924.0625 0.0936670245132
1928.0625 0.0936670036344
1932.0625 0.0936669844631
1936.0625 0.093666965059
1940.0625 0.0936669444906
1944.0625 0.0936669251641
1948.0625 0.0936669050614
1952.0625 0.0936668851139
1956.0625 0.0936668656322
1960.0625 0.0936668466161
1964.0625 0.0936668263582
1968.0625 0.0936668060227
1972.0625 0.0936667858424
1976.0625 0.0936667659726
1980.0625 0.0936667463356
1984.0625 0.0936667263105
1988.0625 0.0936667064407
1992.0625 0.0936666865709
1996.0625 0.0936666671667
2000.0625 0.0936666481507
2004.0625 0.0936666271942
2008.0625 0.0936666073244
2012.0625 0.0936665869888
2016.0625 0.0936665673519
2020.0625 0.0936665472492
2024.0625 0.093666527457
2028.0625 0.0936665077424
2032.0625 0.0936664881054
2036.0625 0.0936664683908
2040.0625 0.0936664491419
2044.0625 0.0936664277197
2048.0625 0.0936663879801
2056.0625 0.093666348318
2064.0625 0.0936663097426
2072.0625 0.0936662693044
2080.0625 0.0936662304185
2088.0625 0.0936661892817
2096.0625 0.0936661498525
2104.0625 0.0936661109667
2112.0625 0.0936660706061
2120.0625 0.0936660314097
2128.0625 0.0936659915148
2136.0625 0.0936659513871
2144.0625 0.0936659118803
2152.0625 0.0936658722958
2160.0625 0.0936658332547
2168.0625 0.0936657916523
2176.0625 0.0936657522231
2184.0625 0.0936657127162
2192.0625 0.093665673287
2200.0625 0.0936656331593
2208.0625 0.093665593342
2216.0625 0.0936655532143
2224.0625 0.0936655131641
2232.0625 0.0936654742783
2240.0625 0.0936654353924
2248.0625 0.0936653950318
2256.0625 0.0936653545936
2264.0625 0.0936653150091
2272.0625 0.0936652753471
2280.0625 0.0936652368493
2288.0625 0.0936651973425
2296.0625 0.0936651564386
2304.0625 0.0936651169318
2312.0625 0.0936650773473
2320.0625 0.0936650379957
2328.0625 0.093664997868
2336.0625 0.0936649574298
2344.0625 0.0936649180006
2352.0625 0.0936648783385
2360.0625 0.093664839375
2368.0625 0.0936647990921
2376.0625 0.0936647590419
2384.0625 0.0936647186037
2392.0625 0.0936646806492
2400.0625 0.0936646402886
2408.0625 0.0936645998504
2416.0625 0.0936645598003
2424.0625 0.0936645202935
2432.0625 0.093664480709
2440.0625 0.0936644424441
2448.0625 0.0936644020835
2456.0625 0.0936643614124
2464.0625 0.0936643229146
2472.0625 0.093664282554
2480.0625 0.0936642425815
2488.0625 0.0936642029195
2496.0625 0.0936641614723
2504.0625 0.0936641221207
2512.0625 0.0936640823034
2520.0625 0.0936640425637
2528.0625 0.0936640029793
2536.0625 0.0936639624635
2544.0625 0.093663922879
2552.0625 0.0936638835275
2560.0625 0.0936638454954
2568.0625 0.0936638057557
2576.0625 0.0936637661713
2584.0625 0.0936637249569
2592.0625 0.0936636853725
2600.0625 0.0936636455552
2608.0625 0.0936636073678
2616.0625 0.0936635682491
2624.0625 0.0936635264914
2632.0625 0.093663487916
2640.0625 0.093663448254
2648.0625 0.0936634088248
2656.0625 0.0936633683089
2664.0625 0.0936633282588
2672.0625 0.0936632884415
2680.0625 0.0936632491675
2688.0625 0.093663208807
2696.0625 0.0936631691449
2704.0625 0.0936631301038
2712.0625 0.0936630887342
2720.0625 0.0936630500811
2728.0625 0.0936630102639
2736.0625 0.0936629701361
2744.0625 0.0936629308622
2752.0625 0.0936628907344
2760.0625 0.0936628523918
2768.0625 0.0936628127298
2776.0625 0.0936627718259
2784.0625 0.0936627320862
2792.0625 0.0936626918809
2800.0625 0.093662654004
2808.0625 0.0936626136434
2816.0625 0.0936625721962
2824.0625 0.0936625322237
2832.0625 0.093662492484
2840.0625 0.0936624530548
2848.0625 0.0936624134704
2856.0625 0.0936623731098
2864.0625 0.0936623332925
2872.0625 0.0936622928543
2880.0625 0.0936622552879
2888.0625 0.093662216402
2896.0625 0.0936621764295
2904.0625 0.0936621367674
2912.0625 0.0936620960964
2920.0625 0.0936620569
2928.0625 0.0936620178589
2936.0625 0.0936619767998
2944.0625 0.093661938302
2952.0625 0.0936618982518
2960.0625 0.0936618573479
2968.0625 0.0936618193934
2976.0625 0.0936617788776
2984.0625 0.0936617404574
2992.0625 0.0936616997864
3000.0625 0.0936616591929
3008.0625 0.0936616183666
3016.0625 0.0936615783941
3024.0625 0.0936615385768
3032.0625 0.0936614989924
3040.0625 0.0936614583989
3048.0625 0.0936614192026
3056.0625 0.0936613800839
3064.0625 0.0936613404994
3072.0625 0.093661302545
3080.0625 0.093661261641
3088.0625 0.0936612224447
3096.0625 0.0936611834036
3104.0625 0.0936611436639
3112.0625 0.0936611036914
3120.0625 0.0936610644174
3128.0625 0.0936610235135
3136.0625 0.0936609866457
3144.0625 0.0936609450432
3152.0625 0.0936609059245
3160.0625 0.0936608641668
3168.0625 0.0936608259018
3176.0625 0.0936607871712
3184.0625 0.0936607461897
3192.0625 0.0936607079247
3200.0625 0.0936606657013
3208.0625 0.0936606264273
3216.0625 0.0936605869982
3224.0625 0.0936605471809
3232.0625 0.093660508295
3240.0625 0.0936604664597
3248.0625 0.0936604263319
3256.0625 0.0936603873684
3264.0625 0.093660347784
3272.0625 0.09366030851
3280.0625 0.093660267218
3288.0625 0.0936602281769
3296.0625 0.0936601899896
3304.0625 0.0936601482319
3312.0625 0.093660110976
3320.0625 0.0936600685973
3328.0625 0.0936600292458
3336.0625 0.0936599884195
3344.0625 0.0936599493783
3352.0625 0.0936599101044
3360.0625 0.0936598694333
3368.0625 0.0936598294608
3376.0625 0.0936597902645
3384.0625 0.0936597509129
3392.0625 0.0936597128808
3400.0625 0.0936596736844
3408.0625 0.0936596327805
3416.0625 0.0936595936618
3424.0625 0.0936595530683
3432.0625 0.0936595143377
3440.0625 0.0936594732785
3448.0625 0.0936594336165
3456.0625 0.0936593951963
3464.0625 0.0936593558447
3472.0625 0.0936593158722
3480.0625 0.0936592756669
3488.0625 0.0936592363929
3496.0625 0.0936591956442
3504.0625 0.0936591571464
3512.0625 0.0936591166306
3520.0625 0.0936590760371
3528.0625 0.0936590340466
3536.0625 0.0936589960921
3544.0625 0.0936589563525
3552.0625 0.0936589149828
3560.0625 0.0936588765627
3568.0625 0.0936588359692
3576.0625 0.0936587976266
3584.0625 0.0936587581974
3592.0625 0.0936587184578
3600.0625 0.0936586811242
3608.0625 0.0936586384351
3616.0625 0.0936586001702
3624.0625 0.0936585601977
3632.0625 0.0936585185176
3640.0625 0.0936584800198
3648.0625 0.0936584427639
3656.0625 0.0936584010838
3664.0625 0.0936583611113
3672.0625 0.0936583230016
3680.0625 0.0936582827962
3688.0625 0.0936582432118
3696.0625 0.0936582012988
3704.0625 0.0936581634996
3712.0625 0.09365812213
3720.0625 0.0936580835546
3728.0625 0.0936580434268
3736.0625 0.0936580036095
3744.0625 0.0936579641027
3752.0625 0.0936579231988
3760.0625 0.0936578857876
3768.0625 0.0936578441076
3776.0625 0.0936578055321
3784.0625 0.0936577657925
3792.0625 0.0936577239572
3800.0625 0.0936576877879
3808.0625 0.0936576457973
3816.0625 0.0936576055143
3824.0625 0.093657566318
3832.0625 0.093657527044
3840.0625 0.0936574882358
3848.0625 0.0936574484961
3856.0625 0.0936574067384
3864.0625 0.0936573680078
3872.0625 0.0936573274919
3880.0625 0.0936572891494
3888.0625 0.093657249953
3896.0625 0.0936572099029
3904.0625 0.093657170008
3912.0625 0.0936571293369
3920.0625 0.0936570895196
3928.0625 0.0936570500128
3936.0625 0.0936570094194
3944.0625 0.093656969835
3952.0625 0.0936569310267
3960.0625 0.0936568905109
3968.0625 0.0936568515474
3976.0625 0.0936568108763
3984.0625 0.093656771059
3992.0625 0.0936567313194
4000.0625 0.0936566918125
4008.0625 0.0936566529267
4016.0625 0.0936566116347
4024.0625 0.0936565723607
4032.0625 0.0936565320001
4040.0625 0.0936564918724
4048.0625 0.093656453685
4056.0625 0.0936564135573
4064.0625 0.0936563730415
4072.0625 0.0936563331466
4080.0625 0.0936562930964
4088.0625 0.0936562519597
4096.0625 0.0936561747312
4112.0625 0.0936560952519
4128.0625 0.0936560153069
4144.0625 0.0936559366813
4160.0625 0.0936558590648
4176.0625 0.0936557786541
4192.0625 0.0936556949834
4208.0625 0.0936556186864
4224.0625 0.0936555406042
4240.0625 0.0936554605815
4256.0625 0.0936553811022
4272.0625 0.0936552988287
4288.0625 0.0936552223764
4304.0625 0.0936551403357
4320.0625 0.0936550628744
4336.0625 0.0936549818427
4352.0625 0.0936549039934
4368.0625 0.093654824514
4384.0625 0.0936547449571
4400.0625 0.0936546663316
4416.0625 0.0936545859208
4432.0625 0.0936545062863
4448.0625 0.0936544255651
4464.0625 0.0936543467067
4480.0625 0.0936542673826
4496.0625 0.0936541841
4512.0625 0.0936541050088
4528.0625 0.0936540300312
4544.0625 0.0936539515609
4560.0625 0.0936538709173
4576.0625 0.0936537906618
4592.0625 0.0936537112601
4608.0625 0.0936536316256
4624.0625 0.0936535533881
4640.0625 0.0936534731326
4656.0625 0.09365339311
4672.0625 0.0936533153382
4688.0625 0.0936532333752
4704.0625 0.0936531555258
4720.0625 0.0936530746493
4736.0625 0.093652995791
4752.0625 0.093652915225
4768.0625 0.093652838307
4784.0625 0.093652756344
4800.0625 0.0936526789603
4816.0625 0.0936525990152
4832.0625 0.0936525190702
4848.0625 0.093652438349
4864.0625 0.0936523572398
4880.0625 0.0936522800889
4896.0625 0.093652199911
4912.0625 0.0936521239245
4928.0625 0.093652043048
4944.0625 0.0936519626373
4960.0625 0.0936518853312
4976.0625 0.0936518056967
4992.0625 0.0936517221813
5008.0625 0.0936516414601
5024.0625 0.0936515620584
5040.0625 0.0936514856837
5056.0625 0.0936514067477
5072.0625 0.0936513272684
5088.0625 0.09365124841
5104.0625 0.0936511655155
5120.0625 0.0936510854153
5136.0625 0.0936510064016
5152.0625 0.0936509256805
5168.0625 0.093650850082
5184.0625 0.0936507688951
5200.0625 0.093650688562
5216.0625 0.0936506103245
5232.0625 0.0936505325527
5248.0625 0.0936504533062
5264.0625 0.0936503727403
5280.0625 0.093650295279
5296.0625 0.093650210677
5312.0625 0.0936501316633
5328.0625 0.0936500543573
5344.0625 0.0936499714628
5360.0625 0.0936498955539
5376.0625 0.0936498154536
5392.0625 0.0936497390789
5408.0625 0.0936496616176
5424.0625 0.093649578956
5440.0625 0.0936494988558
5456.0625 0.0936494186779
5472.0625 0.0936493391209
5488.0625 0.0936492590207
5504.0625 0.0936491783771
5520.0625 0.0936490992859
5536.0625 0.093649019108
5552.0625 0.0936489417243
5568.0625 0.0936488624002
5584.0625 0.0936487857927
5600.0625 0.0936487039849
5616.0625 0.0936486229532
5632.0625 0.0936485434739
5648.0625 0.0936484676425
5664.0625 0.0936483842824
5680.0625 0.0936483055792
5696.0625 0.0936482236938
5712.0625 0.0936481446025
5728.0625 0.0936480645023
5744.0625 0.0936479864977
5760.0625 0.0936479108992
5776.0625 0.0936478326617
5792.0625 0.0936477505434
5808.0625 0.093647667649
5824.0625 0.0936475910414
5840.0625 0.0936475094665
5856.0625 0.0936474296767
5872.0625 0.0936473542334
5888.0625 0.0936472741331
5904.0625 0.0936471958181
5920.0625 0.0936471142431
5936.0625 0.0936470333667
5952.0625 0.0936469491527
5968.0625 0.0936468712257
5984.0625 0.093646793454
6000.0625 0.0936467158374
6016.0625 0.0936466365133
6032.0625 0.0936465556369
6048.0625 0.0936464748381
6064.0625 0.0936463997053
6080.0625 0.0936463206917
6096.0625 0.0936462387286
6112.0625 0.0936461588612
6128.0625 0.0936460782176
6144.0625 0.0936459962546
6160.0625 0.093645920268
6176.0625 0.0936458402453
6192.0625 0.0936457658887
6208.0625 0.0936456881169
6224.0625 0.0936456052225
6240.0625 0.0936455264417
6256.0625 0.0936454444787
6272.0625 0.0936453627484
6288.0625 0.0936452807078
6304.0625 0.0936452010732
6320.0625 0.0936451224477
6336.0625 0.0936450466163
6352.0625 0.093644968146
6368.0625 0.0936448877353
6384.0625 0.0936448093426
6400.0625 0.0936447291647
6416.0625 0.0936446536438
6432.0625 0.0936445711374
6448.0625 0.0936444904939
6464.0625 0.0936444082203
6480.0625 0.0936443295172
6496.0625 0.0936442493393
6512.0625 0.0936441718004
6528.0625 0.0936440941062
6544.0625 0.0936440147822
6560.0625 0.0936439346043
6576.0625 0.0936438567549
6592.0625 0.0936437728514
6608.0625 0.0936436922078
6624.0625 0.0936436115643
6640.0625 0.0936435336373
6656.0625 0.093643457185
6672.0625 0.093643380267
6688.0625 0.0936432979159
6704.0625 0.093643220765
6720.0625 0.0936431413633
6736.0625 0.0936430652991
6752.0625 0.0936429845003
6768.0625 0.0936428979579
6784.0625 0.0936428172367
6800.0625 0.0936427366707
6816.0625 0.0936426592871
6832.0625 0.093642578333
6848.0625 0.0936425007941
6864.0625 0.0936424245747
6880.0625 0.0936423423788
6896.0625 0.0936422667026
6912.0625 0.0936421865248
6928.0625 0.0936421046393
6944.0625 0.0936420268676
6960.0625 0.0936419446717
6976.0625 0.0936418678313
6992.0625 0.0936417853249
7008.0625 0.0936417105802
7024.0625 0.093641632498
7040.0625 0.0936415513111
7056.0625 0.0936414752469
7072.0625 0.0936413911106
7088.0625 0.0936413141926
7104.0625 0.0936412293577
7120.0625 0.0936411494127
7136.0625 0.0936410684586
7152.0625 0.0936409957319
7168.0625 0.0936409166407
7184.0625 0.0936408329701
7200.0625 0.0936407551207
7216.0625 0.093640673701
7232.0625 0.0936405986458
7248.0625 0.0936405155961
7264.0625 0.0936404387557
7280.0625 0.0936403572584
7296.0625 0.0936402803404
7312.0625 0.093640199464
7328.0625 0.0936401190532
7344.0625 0.0936400426009
7360.0625 0.0936399614141
7376.0625 0.0936398811586
7392.0625 0.0936397974103
7408.0625 0.0936397190952
7424.0625 0.0936396418668
7440.0625 0.0936395567215
7456.0625 0.0936394780959
7472.0625 0.0936394028855
7488.0625 0.0936393255018
7504.0625 0.0936392433835
7520.0625 0.0936391604891
7536.0625 0.0936390866757
7552.0625 0.0936390050232
7568.0625 0.0936389324517
7584.0625 0.0936388542142
7600.0625 0.0936387651105
7616.0625 0.0936386851654
7632.0625 0.0936386036681
7648.0625 0.0936385251201
7664.0625 0.0936384482022
7680.0625 0.0936383687228
7696.0625 0.0936382897868
7712.0625 0.0936382114717
7728.0625 0.0936381287325
7744.0625 0.0936380538326
7760.0625 0.0936379707829
7776.0625 0.0936378908379
7792.0625 0.093637811669
7808.0625 0.0936377333539
7824.0625 0.0936376516237
7840.0625 0.0936375687293
7856.0625 0.0936374971668
7872.0625 0.093637413729
7888.0625 0.0936373396829
7904.0625 0.0936372626097
7920.0625 0.0936371832856
7936.0625 0.0936370944146
7952.0625 0.0936370149353
7968.0625 0.0936369369307
7984.0625 0.0936368573737
8000.0625 0.093636780611
8016.0625 0.093636701675
8032.0625 0.0936366212643
8048.0625 0.0936365408535
8064.0625 0.0936364626161
8080.0625 0.0936363890356
8096.0625 0.0936363042007
8112.0625 0.0936362208406
8128.0625 0.0936361436121
8144.0625 0.093636065297
8160.0625 0.093635986361
8176.0625 0.0832488728354
8192.0625 0.0832487938217
8224.0625 0.0832487150409
8256.0625 0.0832486305942
8288.0625 0.0832485551509
8320.0625 0.0832484771463
8352.0625 0.0832483989088
8384.0625 0.0832483174115
8416.0625 0.0832482363798
8448.0625 0.0832481578319
8480.0625 0.0832480794392
8512.0625 0.083247996079
8544.0625 0.0832479190058
8576.0625 0.083247834559
8608.0625 0.0832477568649
8640.0625 0.0832476821201
8672.0625 0.083247601787
8704.0625 0.0832475166417
8736.0625 0.0832474401894
8768.0625 0.083247357683
8800.0625 0.0832472825502
8832.0625 0.0832472019067
8864.0625 0.0832471254544
8896.0625 0.0832470402314
8928.0625 0.083246963003
8960.0625 0.0832468860074
8992.0625 0.0832468062952
9024.0625 0.0832467306967
9056.0625 0.0832466491217
9088.0625 0.0832465695648
9120.0625 0.0832464884555
9152.0625 0.0832464099852
9184.0625 0.0832463290312
9216.0625 0.0832462457486
9248.0625 0.0832461704606
9280.0625 0.0832460890408
9312.0625 0.0832460113467
9344.0625 0.0832459279865
9376.0625 0.08324585037
9408.0625 0.0832457706578
9440.0625 0.0832456940503
9472.0625 0.0832456161233
9504.0625 0.0832455370321
9536.0625 0.0832454511106
9568.0625 0.0832453780734
9600.0625 0.0832452940147
9632.0625 0.0832452176401
9664.0625 0.0832451355994
9696.0625 0.0832450546453
9728.0625 0.0832449727599
9760.0625 0.0832449015855
9792.0625 0.0832448165178
9824.0625 0.0832447406865
9856.0625 0.083244656783
9888.0625 0.083244580486
9920.0625 0.0832444980572
9952.0625 0.0832444190436
9984.0625 0.0832443384776
10016.0625 0.0832442576788
10048.0625 0.0832441803727
10080.0625 0.083244100971
10112.0625 0.0832440200946
10144.0625 0.0832439418571
10176.0625 0.083243864163
10208.0625 0.0832437853822
10240.0625 0.0832437007026
10272.0625 0.0832436231637
10304.0625 0.0832435457024
10336.0625 0.0832434683963
10368.0625 0.0832433844152
10400.0625 0.0832433085839
10432.0625 0.0832432259223
10464.0625 0.0832431504014
10496.0625 0.0832430682055
10528.0625 0.0832429900456
10560.0625 0.0832429115753
10592.0625 0.0832428323288
10624.0625 0.0832427496672
10656.0625 0.0832426739135
10688.0625 0.0832425893891
10720.0625 0.0832425153429
10752.0625 0.0832424380368
10784.0625 0.0832423559186
10816.0625 0.0832422764392
10848.0625 0.0832421946314
10880.0625 0.0832421116593
10912.0625 0.0832420373803
10944.0625 0.0832419578234
10976.0625 0.0832418762484
11008.0625 0.0832417960705
11040.0625 0.0832417197735
11072.0625 0.0832416419241
11104.0625 0.0832415626776
11136.0625 0.0832414787741
11168.0625 0.0832413971216
11200.0625 0.0832413190393
11232.0625 0.0832412427423
11264.0625 0.083241162642
11296.0625 0.083241082697
11328.0625 0.0832410052357
11360.0625 0.083240922186
11392.0625 0.0832408453456
11424.0625 0.0832407687381
11456.0625 0.0832406849123
11488.0625 0.083240604812
11520.0625 0.0832405247894
11552.0625 0.0832404512089
11584.0625 0.0832403614066
11616.0625 0.0832402836348
11648.0625 0.0832402101319
11680.0625 0.0832401308078
11712.0625 0.0832400491553
11744.0625 0.0832399732463
11776.0625 0.0832398924475
11808.0625 0.0832398099411
11840.0625 0.0832397274347
11872.0625 0.0832396521467
11904.0625 0.0832395706493
11936.0625 0.0832394947404
11968.0625 0.0832394158044
12000.0625 0.0832393372564
12032.0625 0.0832392559919
12064.0625 0.0832391743393
12096.0625 0.083239091212
12128.0625 0.0832390149926
12160.0625 0.083238935358
12192.0625 0.0832388592162
12224.0625 0.083238776477
12256.0625 0.0832386976186
12288.0625 0.0832386203125
12320.0625 0.0832385422303
12352.0625 0.0832384571626
12384.0625 0.0832383772176
12416.0625 0.0832383005324
12448.0625 0.0832382226054
12480.0625 0.0832381457651
12512.0625 0.0832380635692
12544.0625 0.0832379844003
12576.0625 0.0832379057748
12608.0625 0.0832378272268
12640.0625 0.0832377433234
12672.0625 0.0832376620588
12704.0625 0.083237586538
12736.0625 0.0832375040316
12768.0625 0.0832374278122
12800.0625 0.0832373478671
12832.0625 0.0832372713372
12864.0625 0.0832371818454
12896.0625 0.0832371095068
12928.0625 0.0832370242838
12960.0625 0.083236949151
12992.0625 0.0832368627638
13024.0625 0.0832367906581
13056.0625 0.0832367094712
13088.0625 0.0832366288276
13120.0625 0.0832365545486
13152.0625 0.0832364772425
13184.0625 0.0832363854221
13216.0625 0.0832363124626
13248.0625 0.0832362363208
13280.0625 0.0832361552891
13312.0625 0.0832360716185
13344.0625 0.0832359959424
13376.0625 0.0832359206544
13408.0625 0.0832358367509
13440.0625 0.0832357506742
13472.0625 0.0832356778698
13504.0625 0.0832355928021
13536.0625 0.0832355204635
13568.0625 0.0832354414499
13600.0625 0.0832353598749
13632.0625 0.0832352819479
13664.0625 0.0832352006834
13696.0625 0.0832351147619
13728.0625 0.0832350422681
13760.0625 0.0832349645739
13792.0625 0.0832348836975
13824.0625 0.0832347995612
13856.0625 0.0832347233417
13888.0625 0.0832346407578
13920.0625 0.0832345659354
13952.0625 0.0832344863009
13984.0625 0.0832344068215
14016.0625 0.0832343241599
14048.0625 0.0832342480957
14080.0625 0.0832341742824
14112.0625 0.0832340861876
14144.0625 0.083234002517
14176.0625 0.0832339304113
14208.0625 0.0832338435584
14240.0625 0.0832337705212
14272.0625 0.0832336908867
14304.0625 0.0832336125716
14336.0625 0.083233537594
14368.0625 0.0832334522934
14400.0625 0.0832333767726
14432.0625 0.083233294499
14464.0625 0.0832332171153
14496.0625 0.0832331350747
14528.0625 0.0832330506279
14560.0625 0.0832329713814
14592.0625 0.0832328966367
14624.0625 0.083232813587
14656.0625 0.0832327294507
14688.0625 0.0832326562583
14720.0625 0.0832325726653
14752.0625 0.0832324972996
14784.0625 0.0832324195279
14816.0625 0.0832323405142
14848.0625 0.0832322551361
14880.0625 0.083232178839
14912.0625 0.0832321061899
14944.0625 0.0832320181728
14976.0625 0.0832319393144
15008.0625 0.0832318599127
15040.0625 0.0832317785706
15072.0625 0.0832317033601
15104.0625 0.0832316281497
15136.0625 0.0832315429268
15168.0625 0.0832314594114
15200.0625 0.0832313834248
15232.0625 0.0832313023155
15264.0625 0.0832312265618
15296.0625 0.0832311430464
15328.0625 0.0832310692331
15360.0625 0.0832309858729
15392.0625 0.0832309104297
15424.0625 0.0832308268367
15456.0625 0.0832307524024
15488.0625 0.0832306630658
15520.0625 0.0832305984112
15552.0625 0.0832305114031
15584.0625 0.0832304322342
15616.0625 0.0832303425871
15648.0625 0.0832302728875
15680.0625 0.0832301873541
15712.0625 0.0832301142393
15744.0625 0.0832300314225
15776.0625 0.0832299563673
15808.0625 0.0832298737833
15840.0625 0.0832297991162
15872.0625 0.0832297166098
15904.0625 0.083229640468
15936.0625 0.0832295482595
15968.0625 0.0832294827512
16000.0625 0.0832293901547
16032.0625 0.0832293178161
16064.0625 0.0832292429161
16096.0625 0.0832291597888
16128.0625 0.0832290740225
16160.0625 0.0832290023049
16192.0625 0.083228916461
16224.0625 0.0832288353517
16256.0625 0.0832287557948
16288.0625 0.0832286874146
16320.0625 0.0832285987765
16352.0625 0.0832285233333
16384.0625 0.083228365306
16448.0625 0.083228205804
16512.0625 0.083228045914
16576.0625 0.0832278899047
16640.0625 0.0832277316446
16704.0625 0.0832275684171
16768.0625 0.0832274159782
16832.0625 0.0832272608228
16896.0625 0.0832270908426
16960.0625 0.0832269325048
17024.0625 0.0832267792122
17088.0625 0.0832266124919
17152.0625 0.083226462071
17216.0625 0.0832263060618
17280.0625 0.083226139652
17344.0625 0.083225981159
17408.0625 0.0832258255379
17472.0625 0.0832256621551
17536.0625 0.0832255087072
17600.0625 0.0832253455572
17664.0625 0.083225191178
17728.0625 0.0832250236815
17792.0625 0.0832248694574
17856.0625 0.0832247051432
17920.0625 0.0832245469608
17984.0625 0.0832243910291
18048.0625 0.0832242314496
18112.0625 0.0832240717147
18176.0625 0.0832239141532
18240.0625 0.0832237520122
18304.0625 0.083223598021
18368.0625 0.0832234423999
18432.0625 0.0832232783962
18496.0625 0.0832231126849
18560.0625 0.0832229563652
18624.0625 0.0832228091266
18688.0625 0.0832226468305
18752.0625 0.0832224871733
18816.0625 0.0832223229367
18880.0625 0.0832221694112
18944.0625 0.0832220032342
19008.0625 0.0832218456726
19072.0625 0.0832216971146
19136.0625 0.0832215272896
19200.0625 0.083221370349
19264.0625 0.0832212160473
19328.0625 0.083221057632
19392.0625 0.0832208975091
19456.0625 0.0832207327292
19520.0625 0.0832205781171
19584.0625 0.0832204157433
19648.0625 0.0832202596564
19712.0625 0.0832200994559
19776.0625 0.0832199415063
19840.0625 0.083219778822
19904.0625 0.083219628634
19968.0625 0.0832194659498
20032.0625 0.0832193042746
20096.0625 0.0832191529223
20160.0625 0.0832189866677
20224.0625 0.0832188302704
20288.0625 0.0832186703803
20352.0625 0.0832185130516
20416.0625 0.0832183517645
20480.0625 0.0832182024303
20544.0625 0.0832180353219
20608.0625 0.0832178724824
20672.0625 0.0832177159299
20736.0625 0.0832175534785
20800.0625 0.0832173980902
20864.0625 0.0832172403734
20928.0625 0.0832170796295
20992.0625 0.083216926104
21056.0625 0.0832167600823
21120.0625 0.0832166002698
21184.0625 0.0832164479086
21248.0625 0.083216283672
21312.0625 0.0832161259552
21376.0625 0.0832159720416
21440.0625 0.0832158099783
21504.0625 0.0832156459746
21568.0625 0.0832154876369
21632.0625 0.0832153294544
21696.0625 0.0832151662268
21760.0625 0.0832150078891
21824.0625 0.0832148640657
21888.0625 0.0832146983544
21952.0625 0.0832145317117
22016.0625 0.083214374383
22080.0625 0.0832142148034
22144.0625 0.0832140618988
22208.0625 0.0832138982832
22272.0625 0.08321374631
22336.0625 0.0832135889813
22400.0625 0.0832134210967
22464.0625 0.0832132575587
22528.0625 0.0832131075259
22592.0625 0.0832129464716
22656.0625 0.083212784874
22720.0625 0.0832126312709
22784.0625 0.0832124727003
22848.0625 0.0832123084638
22912.0625 0.0832121531531
22976.0625 0.0832119914002
23040.0625 0.0832118349253
23104.0625 0.083211681555
23168.0625 0.0832115150676
23232.0625 0.0832113530043
23296.0625 0.0832112007982
23360.0625 0.0832110345436
23424.0625 0.0832108734893
23488.0625 0.0832107226028
23552.0625 0.08321055922
23616.0625 0.0832104115934
23680.0625 0.0832102422341
23744.0625 0.0832100810246
23808.0625 0.0832099166327
23872.0625 0.0832097689285
23936.0625 0.0832096106684
24000.0625 0.0832094434048
24064.0625 0.0832092801772
24128.0625 0.0832091294459
24192.0625 0.0832089732038
24256.0625 0.0832088138571
24320.0625 0.0832086527252
24384.0625 0.0832084946979
24448.0625 0.0832083361273
24512.0625 0.0832081742969
24576.0625 0.0832080213923
24640.0625 0.0832078575438
24704.0625 0.0832077030093
24768.0625 0.0832075351247
24832.0625 0.0832073832292
24896.0625 0.0832072208554
24960.0625 0.0832070601116
25024.0625 0.0832069029381
25088.0625 0.0832067549234
25152.0625 0.0832065917734
25216.0625 0.083206423656
25280.0625 0.0832062762622
25344.0625 0.083206105273
25408.0625 0.0832059572583
25472.0625 0.0832057853376
25536.0625 0.0832056367796
25600.0625 0.0832054727759
25664.0625 0.0832053109454
25728.0625 0.0832051576528
25792.0625 0.0832049920967
25856.0625 0.0832048395026
25920.0625 0.0832046833381
25984.0625 0.0832045261647
26048.0625 0.0832043614624
26112.0625 0.0832042031247
26176.0625 0.0832040420704
26240.0625 0.083203884664
26304.0625 0.0832037229888
26368.0625 0.083203580252
26432.0625 0.0832034087195
26496.0625 0.0832032374198
26560.0625 0.0832030887841
26624.0625 0.0832029312226
26688.0625 0.0832027816555
26752.0625 0.0832026134605
26816.0625 0.0832024586931
26880.0625 0.0832022960865
26944.0625 0.0832021383697
27008.0625 0.0832019780916
27072.0625 0.0832018267393
27136.0625 0.0832016548187
27200.0625 0.0832015017589
27264.0625 0.0832013464482
27328.0625 0.083201176468
27392.0625 0.0832010333432
27456.0625 0.0832008611121
27520.0625 0.0832006990488
27584.0625 0.083200546998
27648.0625 0.0832003858661
27712.0625 0.0832002337377
27776.0625 0.083200071752
27840.0625 0.083199901306
27904.0625 0.0831997544556
27968.0625 0.083199598912
28032.0625 0.0831994279228
28096.0625 0.0831992732331
28160.0625 0.0831991031753
28224.0625 0.0831989636207
28288.0625 0.0831987935629
28352.0625 0.0831986318101
28416.0625 0.0831984744814
28480.0625 0.0831983069073
28544.0625 0.0831981627734
28608.0625 0.0831979991577
28672.0625 0.0831978358525
28736.0625 0.0831976853541
28800.0625 0.0831975352437
28864.0625 0.0831973734132
28928.0625 0.0831972045197
28992.0625 0.0831970490538
29056.0625 0.0831968845067
29120.0625 0.0831967326888
29184.0625 0.0831965725659
29248.0625 0.0831964184195
29312.0625 0.0831962524753
29376.0625 0.0831960994155
29440.0625 0.0831959384388
29504.0625 0.0831957662854
29568.0625 0.0831956120613
29632.0625 0.0831954699454
29696.0625 0.0831953053208
29760.0625 0.0831951380572
29824.0625 0.0831949717249
29888.0625 0.0831948247192
29952.0625 0.0831946701071
30016.0625 0.0831944974879
30080.0625 0.0831943393054
30144.0625 0.0831941866337
30208.0625 0.0831940212329
30272.0625 0.083193867785
30336.0625 0.0831937089816
30400.0625 0.0831935424165
30464.0625 0.0831933826041
30528.0625 0.0831932401001
30592.0625 0.0831930819176
30656.0625 0.0831929113941
30720.0625 0.0831927612061
30784.0625 0.0831926005399
30848.0625 0.0831924391751
30912.0625 0.0831922879005
30976.0625 0.0831921172218
31040.0625 0.0831919673442
31104.0625 0.0831917909219
31168.0625 0.0831916473313
31232.0625 0.0831914724612
31296.0625 0.0831913301901
31360.0625 0.0831911640132
31424.0625 0.0831910146789
31488.0625 0.0831908482691
31552.0625 0.0831906849639
31616.0625 0.0831905315937
31680.0625 0.0831903779129
31744.0625 0.0831902181781
31808.0625 0.0831900610046
31872.0625 0.0831898922663
31936.0625 0.0831897340838
32000.0625 0.083189572719
32064.0625 0.0831894108886
32128.0625 0.0831892521628
32192.0625 0.0831890996463
32256.0625 0.0831889493807
32320.0625 0.0831887866964
32384.0625 0.0831886257974
32448.0625 0.0831884621817
32512.0625 0.0831883122266
32576.0625 0.0831881383655
32640.0625 0.0831879873238
32704.0625 0.0831878371358
32768.0625 0.0831875080417
32896.0625 0.0831871982741
33024.0625 0.0831868751565
33152.0625 0.0831865640694
33280.0625 0.0831862355187
33408.0625 0.0831859141086
33536.0625 0.0831856078338
33664.0625 0.0831852913136
33792.0625 0.0831849626076
33920.0625 0.0831846427498
34048.0625 0.0831843154409
34176.0625 0.0831840063719
34304.0625 0.0831836993209
34432.0625 0.0831833645608
34560.0625 0.0831830544828
34688.0625 0.0831827505364
34816.0625 0.0831824205886
34944.0625 0.0831821092686
35072.0625 0.0831817752847
35200.0625 0.0831814645857
35328.0625 0.0831811541196
35456.0625 0.0831808267331
35584.0625 0.0831805129295
35712.0625 0.0831802160462
35840.0625 0.0831798692556
35968.0625 0.0831795639897
36096.0625 0.0831792464605
36224.0625 0.0831789178321
36352.0625 0.0831785986729
36480.0625 0.0831782930967
36608.0625 0.0831779703671
36736.0625 0.0831776423597
36864.0625 0.0831773418285
36992.0625 0.0831770152957
37120.0625 0.0831767003278
37248.0625 0.0831764018147
37376.0625 0.083176067986
37504.0625 0.0831757444803
37632.0625 0.0831754272615
37760.0625 0.083175103911
37888.0625 0.0831747997318
38016.0625 0.0831744679212
38144.0625 0.0831741577655
38272.0625 0.0831738427976
38400.0625 0.0831735208443
38528.0625 0.0831731953981
38656.0625 0.083172878257
38784.0625 0.0831725684118
38912.0625 0.0831722483988
39040.0625 0.0831719293173
39168.0625 0.083171602086
39296.0625 0.0831713035728
39424.0625 0.0831709854227
39552.0625 0.0831706589675
39680.0625 0.083170345552
39808.0625 0.0831700289541
39936.0625 0.0831696878295
40064.0625 0.0831693984751
40192.0625 0.083169058049
40320.0625 0.0831687452543
40448.0625 0.0831684419289
40576.0625 0.0831681226921
40704.0625 0.0831677931324
40832.0625 0.0831675005956
40960.0625 0.0831671527184
41088.0625 0.0831668520319
41216.0625 0.0831665300009
41344.0625 0.0831662013725
41472.0625 0.0831658996771
41600.0625 0.0831655672455
41728.0625 0.0831652580988
41856.0625 0.0831649362231
41984.0625 0.0831646228075
42112.0625 0.0831642951105
42240.0625 0.0831639858087
42368.0625 0.0831636685899
42496.0625 0.0831633374778
42624.0625 0.0831630199485
42752.0625 0.083162704515
42880.0625 0.0831623791465
43008.0625 0.0831620564945
43136.0625 0.0831617589128
43264.0625 0.0831614421597
43392.0625 0.083161126959
43520.0625 0.0831607904913
43648.0625 0.0831604790938
43776.0625 0.0831601735175
43904.0625 0.0831598507104
44032.0625 0.0831595400114
44160.0625 0.0831592084336
44288.0625 0.0831588948628
44416.0625 0.0831585793516
44544.0625 0.0831582625985
44672.0625 0.0831579456126
44800.0625 0.0831576258325
44928.0625 0.0831572996878
45056.0625 0.0831569798301
45184.0625 0.0831566735553
45312.0625 0.0831563543961
45440.0625 0.0831560312009
45568.0625 0.0831557111103
45696.0625 0.0831554052235
45824.0625 0.0831550659617
45952.0625 0.0831547493639
46080.0625 0.0831544347841
46208.0625 0.0831541155473
46336.0625 0.0831538062454
46464.0625 0.0831534762975
46592.0625 0.0831531805785
46720.0625 0.0831528482245
46848.0625 0.0831525297639
46976.0625 0.0831522075777
47104.0625 0.0831519003715
47232.0625 0.0831515764001
47360.0625 0.083151271988
47488.0625 0.0831509473957
47616.0625 0.0831506017693
47744.0625 0.0831503023247
47872.0625 0.0831499924019
48000.0625 0.0831496596598
48128.0625 0.0831493596719
48256.0625 0.0831490550271
48384.0625 0.0831487220521
48512.0625 0.0831484084037
48640.0625 0.083148095842
48768.0625 0.0831477738886
48896.0625 0.08314745015
49024.0625 0.0831471250144
49152.0625 0.0831468059328
49280.0625 0.0831464897231
49408.0625 0.0831461708744
49536.0625 0.0831458642891
49664.0625 0.0831455552201
49792.0625 0.0831452417269
49920.0625 0.0831449043278
50048.0625 0.0831445920765
50176.0625 0.0831442632929
50304.0625 0.0831439551553
50432.0625 0.0831436158158
50560.0625 0.0831433165265
50688.0625 0.0831429899937
50816.0625 0.0831426768886
50944.0625 0.0831423518306
51072.0625 0.0831420468752
51200.0625 0.0831417277161
51328.0625 0.0831414108078
51456.0625 0.0831410751163
51584.0625 0.0831407658144
51712.0625 0.0831404696297
51840.0625 0.0831401469778
51968.0625 0.0831398029813
52096.0625 0.0831394996559
52224.0625 0.0831391677676
52352.0625 0.0831388735234
52480.0625 0.0831385508714
52608.0625 0.0831382427338
52736.0625 0.0831379265241
52864.0625 0.083137593782
52992.0625 0.0831372587891
53120.0625 0.0831369674166
53248.0625 0.0831366320356
53376.0625 0.0831363292535
53504.0625 0.0831359893707
53632.0625 0.0831356847258
53760.0625 0.0831353640143
53888.0625 0.0831350354635
54016.0625 0.0831347247646
54144.0625 0.0831344080115
54272.0625 0.0831340842729
54400.0625 0.083133766278
54528.0625 0.0831334510773
54656.0625 0.0831331468981
54784.0625 0.083132833793
54912.0625 0.0831324903399
55040.0625 0.0831321922924
55168.0625 0.0831318579204
55296.0625 0.0831315550607
55424.0625 0.0831312465349
55552.0625 0.0831308997443
55680.0625 0.0831306034044
55808.0625 0.0831302882813
55936.0625 0.0831299709073
56064.0625 0.083129640028
56192.0625 0.0831293165223
56320.0625 0.0831290158358
56448.0625 0.0831286885269
56576.0625 0.0831283852015
56704.0625 0.0831280529252
56832.0625 0.0831277588361
56960.0625 0.0831274095617
57088.0625 0.083127099018
57216.0625 0.0831267513736
57344.0625 0.0831264893401
57472.0625 0.0831261382806
57600.0625 0.0831258401555
57728.0625 0.083125534424
57856.0625 0.083125169471
57984.0625 0.083124856754
58112.0625 0.0831245507121
58240.0625 0.0831242521989
58368.0625 0.0831239297022
58496.0625 0.0831236055756
58624.0625 0.083123287503
58752.0625 0.0831229427304
58880.0625 0.0831226668036
59008.0625 0.0831223279298
59136.0625 0.0831220200251
59264.0625 0.0831216882144
59392.0625 0.083121360595
59520.0625 0.083121056183
59648.0625 0.0831207319011
59776.0625 0.0831204134405
59904.0625 0.0831200961441
60032.0625 0.0831197657305
60160.0625 0.0831194473475
60288.0625 0.0831191534137
60416.0625 0.0831188542796
60544.0625 0.0831185130773
60672.0625 0.0831182095967
60800.0625 0.0831178783293
60928.0625 0.0831175760906
61056.0625 0.083117225031
61184.0625 0.0831169196876
61312.0625 0.0831166006836
61440.0625 0.0831163193237
61568.0625 0.0831159691955
61696.0625 0.0831156661806
61824.0625 0.0831153205542
61952.0625 0.0831149909944
62080.0625 0.0831146875914
62208.0625 0.0831144066195
62336.0625 0.0831140639425
62464.0625 0.0831137319766
62592.0625 0.0831134219762
62720.0625 0.0831131078621
62848.0625 0.0831127970079
62976.0625 0.0831124880165
63104.0625 0.0831121516265
63232.0625 0.0831118450412
63360.0625 0.0831115201384
63488.0625 0.0831112083528
63616.0625 0.0831108829843
63744.0625 0.083110584083
63872.0625 0.083110248702
64000.0625 0.083109935364
64128.0625 0.0831096202409
64256.0625 0.0831092818328
64384.0625 0.0831089610437
64512.0625 0.0831086530613
64640.0625 0.083108329478
64768.0625 0.0831080065932
64896.0625 0.0831077122714
65024.0625 0.0831073879895
65152.0625 0.0831070745739
65280.0625 0.0831067654273
65408.0625 1.01733539513e-05
