0 1
0.0625 0.819481118426
0.125 0.819377125081
0.1875 0.573989003834
0.3125 0.370270563553
0.375 0.287012587716
15.9375 0.287012552392
16.0625 0.28295681196
16.125 0.28238258784
24.1875 0.274275663749
24.25 0.274266691497
24.3125 0.273131701636
71.5625 0.268506258534
72.0625 0.236096506671
87.8125 0.236096471348
95.8125 0.2360964007
103.8125 0.236096365376
104.0625 0.236096330052
111.8125 0.236096259405
119.8125 0.236096188757
127.5625 0.236096153433
127.8125 0.236096082785
128.0625 0.162052821554
135.5625 0.162052750907
143.5625 0.162052680259
151.5625 0.162052574287
159.0625 0.162052538964
159.5625 0.162052432992
167.0625 0.162052397668
167.5625 0.162052291697
175.0625 0.162052256373
175.5625 0.162052150402
183.0625 0.162052079754
183.5625 0.162052009106
191.0625 0.162051903135
191.5625 0.162051867811
192.0625 0.0880447781777
199.0625 0.0880446722062
199.5625 0.0880446368824
207.0625 0.0880444955871
215.0625 0.0880443542918
215.5625 0.0880443189679
222.5625 0.0880442483203
223.0625 0.0880441776726
223.5625 0.088044107025
230.5625 0.0880440363773
231.0625 0.0880439657297
231.5625 0.088043895082
238.5625 0.0880438244344
239.0625 0.0880437184629
239.5625 0.0880436831391
246.5625 0.0880435771676
247.0625 0.0880435065199
247.5625 0.0880434711961
254.0625 0.0880434358723
254.5625 0.0880433299008
255.0625 0.0880432592531
255.5625 0.0880432239293
262.0625 0.0880430473102
263.0625 0.0880430119864
270.0625 0.0880428353672
271.0625 0.0880428000434
278.0625 0.0880425881004
279.0625 0.0880425527766
286.0625 0.0880423408337
287.0625 0.088042270186
293.0625 0.0880422348622
294.0625 0.0880420582431
295.0625 0.0880419875954
301.0625 0.0880419522716
302.0625 0.0880417756524
303.0625 0.0880417050048
309.0625 0.0880416343571
310.0625 0.0880414930618
311.0625 0.0880414224142
317.0625 0.0880413164427
318.0625 0.0880411751474
319.0625 0.0880410691759
320.0625 0.0880410338521
325.0625 0.0880408925568
326.0625 0.0880407512615
333.0625 0.0880406099662
334.0625 0.0880404686709
341.0625 0.0880403273756
342.0625 0.0880401860803
343.0625 0.0880401507564
349.0625 0.0880399388135
350.0625 0.0880398681658
351.0625 0.0880397975182
356.0625 0.0880397268705
357.0625 0.0880395855752
358.0625 0.0880395149276
359.0625 0.0880394442799
364.0625 0.0880393736323
365.0625 0.0880391970131
366.0625 0.0880391616893
367.0625 0.0880390910417
372.0625 0.0880389850702
373.0625 0.0880388437749
374.0625 0.0880387731272
375.0625 0.0880387378034
380.0625 0.0880385965081
381.0625 0.0880384905366
382.0625 0.0880383845651
383.0625 0.088038207946
388.0625 0.0880380313269
389.0625 0.0880379606792
390.0625 0.0880378547077
395.0625 0.0880378193839
396.0625 0.0880376427648
397.0625 0.0880375367933
398.0625 0.0880375014695
403.0625 0.0880374661456
404.0625 0.0880372895265
405.0625 0.0880371482312
407.0625 0.0880371129074
411.0625 0.0880370422597
412.0625 0.0880369009644
413.0625 0.0880367596691
415.0625 0.0880366890215
419.0625 0.08803658305
420.0625 0.0880364770785
421.0625 0.0880363357832
423.0625 0.0880362651356
427.0625 0.0880360885164
428.0625 0.0880360178688
429.0625 0.0880359118973
431.0625 0.0880358412496
435.0625 0.0880356646305
436.0625 0.088035558659
437.0625 0.0880354880114
438.0625 0.0880354526875
439.0625 0.0880354173637
442.0625 0.0880353467161
443.0625 0.0880352407446
444.0625 0.0880351347731
445.0625 0.0880350641255
446.0625 0.0880349934778
447.0625 0.0880347815349
448.0625 0.088034746211
450.0625 0.0880346755634
451.0625 0.0880345342681
452.0625 0.0880344636204
453.0625 0.0880343576489
454.0625 0.0880343223251
458.0625 0.0880341810298
459.0625 0.0880340397345
461.0625 0.0880338984392
466.0625 0.0880337571439
467.0625 0.0880336158486
469.0625 0.0880334745533
471.0625 0.0880334392295
473.0625 0.0880334039056
474.0625 0.0880332626103
475.0625 0.0880331566388
476.0625 0.0880330859912
477.0625 0.0880330153435
479.0625 0.0880329446959
481.0625 0.0880329093721
482.0625 0.0880327680768
483.0625 0.0880326621053
484.0625 0.0880325561338
485.0625 0.08803252081
487.0625 0.0880324501623
489.0625 0.0880323795147
490.0625 0.0880322028955
491.0625 0.0880321322479
492.0625 0.0880320616002
493.0625 0.0880320262764
494.0625 0.0880319909526
495.0625 0.0880319556288
497.0625 0.0880318496573
498.0625 0.088031708362
499.0625 0.0880316377143
500.0625 0.0880315670667
501.0625 0.0880315317428
502.0625 0.0880314610952
504.0625 0.0880314257714
505.0625 0.0880312844761
506.0625 0.0880312138284
507.0625 0.0880311078569
508.0625 0.0880310725331
509.0625 0.0880310372093
510.0625 0.0880309665616
511.0625 0.0880307192948
512.0625 0.0880304367042
514.0625 0.0880302954089
516.0625 0.0880301894374
518.0625 0.0880301541136
520.0625 0.0880299421707
522.0625 0.0880298008754
524.0625 0.08802965958
528.0625 0.0880294476371
530.0625 0.0880293063418
532.0625 0.0880291650465
534.0625 0.0880291297227
536.0625 0.0880288824559
538.0625 0.0880287764844
540.0625 0.0880286351891
542.0625 0.0880285292176
544.0625 0.0880282819508
546.0625 0.0880281759793
548.0625 0.0880280700079
550.0625 0.0880279287126
552.0625 0.0880277167696
554.0625 0.0880275754743
556.0625 0.0880275048266
558.0625 0.0880273282075
560.0625 0.0880271162646
562.0625 0.0880270102931
564.0625 0.0880269396454
566.0625 0.0880267277025
568.0625 0.0880265510833
570.0625 0.0880264451119
572.0625 0.0880263391404
574.0625 0.088025809283
576.0625 0.0880255620162
578.0625 0.0880254913686
580.0625 0.0880253500732
582.0625 0.0880251381303
584.0625 0.088024996835
586.0625 0.0880249261873
588.0625 0.088024784892
590.0625 0.0880245023014
592.0625 0.0880243963299
594.0625 0.0880243610061
596.0625 0.0880242197108
598.0625 0.0880239017964
600.0625 0.0880237958249
602.0625 0.0880236898534
604.0625 0.0880235485581
606.0625 0.0880232659675
608.0625 0.0880231246722
610.0625 0.0880230187007
612.0625 0.0880229127292
614.0625 0.0880226301386
616.0625 0.0880224888433
618.0625 0.0880223828718
620.0625 0.0880222062527
622.0625 0.0880219589859
624.0625 0.0880218530145
626.0625 0.088021747043
628.0625 0.0880214997762
630.0625 0.0880212878332
632.0625 0.0880211818618
634.0625 0.0880211112141
636.0625 0.0880207932997
638.0625 0.0880202634423
640.0625 0.0880200514993
642.0625 0.0880200161755
644.0625 0.0880196982611
646.0625 0.0880195569657
648.0625 0.0880194156704
650.0625 0.0880193450228
652.0625 0.0880190271084
654.0625 0.0880189211369
656.0625 0.0880187798416
658.0625 0.0880186385463
660.0625 0.0880183206318
662.0625 0.0880182146603
664.0625 0.0880181086889
666.0625 0.0880179320697
668.0625 0.0880176494791
670.0625 0.0880175081838
672.0625 0.0880174022123
674.0625 0.0880171549456
676.0625 0.0880169430026
678.0625 0.0880167663835
680.0625 0.088016660412
682.0625 0.0880164131452
684.0625 0.0880162012023
686.0625 0.0880160599069
688.0625 0.0880159539355
690.0625 0.0880156006972
692.0625 0.0880154240781
694.0625 0.0880153181066
696.0625 0.0880152121351
698.0625 0.0880148588969
700.0625 0.0880146822777
702.0625 0.0880141170965
704.0625 0.0880139051535
706.0625 0.0880136225629
708.0625 0.08801341062
710.0625 0.0880133399723
712.0625 0.088013198677
714.0625 0.0880128807626
716.0625 0.0880127041435
718.0625 0.088012598172
720.0625 0.088012386229
722.0625 0.0880121036384
724.0625 0.0880119976669
726.0625 0.0880118563716
728.0625 0.0880116444287
730.0625 0.0880113618381
732.0625 0.0880112558666
734.0625 0.0880110792474
736.0625 0.0880107966568
738.0625 0.0880105140662
740.0625 0.0880104434186
742.0625 0.0880103021233
744.0625 0.0880099842088
746.0625 0.0880097369421
748.0625 0.0880096309706
750.0625 0.0880094190276
752.0625 0.088009136437
754.0625 0.0880089598179
756.0625 0.0880088185226
758.0625 0.0880086065796
760.0625 0.0880082886652
762.0625 0.0880081473699
764.0625 0.0880080060746
766.0625 0.0880071936266
768.0625 0.088006911036
770.0625 0.0880067344168
772.0625 0.0880066284453
774.0625 0.0880062752071
776.0625 0.0880061339118
778.0625 0.088005886645
780.0625 0.0880058513212
782.0625 0.0880054980829
784.0625 0.0880053567876
786.0625 0.088005074197
788.0625 0.0880049682255
790.0625 0.0880046503111
792.0625 0.0880045090158
794.0625 0.088004261749
796.0625 0.0880041204537
798.0625 0.0880037672154
800.0625 0.0880036259201
802.0625 0.0880034139772
804.0625 0.0880032020342
806.0625 0.0880028841198
808.0625 0.0880027075006
810.0625 0.0880025308815
812.0625 0.0880022836147
814.0625 0.0880020010241
816.0625 0.0880018597288
818.0625 0.0880016831097
820.0625 0.0880014005191
822.0625 0.0880010826046
824.0625 0.0880009766331
826.0625 0.088000800014
828.0625 0.0880004114519
830.0625 0.0879995283563
832.0625 0.0879994930324
834.0625 0.087999175118
836.0625 0.0879989278512
838.0625 0.0879986452606
840.0625 0.087998574613
842.0625 0.0879982920224
844.0625 0.0879979741079
846.0625 0.0879977974888
848.0625 0.0879976915173
850.0625 0.0879973029552
852.0625 0.0879970910123
854.0625 0.0879968790693
856.0625 0.087996737774
858.0625 0.0879963492119
860.0625 0.0879961725928
862.0625 0.0879959606498
864.0625 0.087995713383
866.0625 0.0879954307924
868.0625 0.0879952188495
870.0625 0.0879949715827
872.0625 0.0879947596397
874.0625 0.0879944064015
876.0625 0.0879942651062
878.0625 0.0879940531632
880.0625 0.0879937352488
882.0625 0.0879934526582
884.0625 0.0879932407152
886.0625 0.0879930994199
888.0625 0.0879927108578
890.0625 0.0879925342387
892.0625 0.0879922516481
894.0625 0.0879914745239
896.0625 0.087991050638
898.0625 0.087990838695
900.0625 0.0879905207806
902.0625 0.0879904148091
904.0625 0.0879900615708
906.0625 0.0879898496279
908.0625 0.0879896023611
910.0625 0.0879894610658
912.0625 0.0879890725037
914.0625 0.0879888958846
916.0625 0.0879886839416
918.0625 0.0879884366748
920.0625 0.0879880834366
922.0625 0.0879878361698
924.0625 0.0879876948745
926.0625 0.0879873416362
928.0625 0.0879870590456
930.0625 0.0879868471027
932.0625 0.0879865998359
934.0625 0.0879862465976
936.0625 0.0879859993308
938.0625 0.0879858580355
940.0625 0.0879855754449
942.0625 0.0879852222066
944.0625 0.087984939616
946.0625 0.0879847983207
948.0625 0.0879844450825
950.0625 0.0879840918442
952.0625 0.0879839152251
954.0625 0.0879838092536
956.0625 0.0879833500439
958.0625 0.0879823609767
960.0625 0.0879821490338
962.0625 0.0879818311193
964.0625 0.0879815485287
966.0625 0.0879812306143
968.0625 0.0879811246428
970.0625 0.0879808067284
972.0625 0.0879804888139
974.0625 0.0879802415471
976.0625 0.087980064928
978.0625 0.0879797116898
980.0625 0.0879793937753
982.0625 0.0879791818324
984.0625 0.0879788992418
986.0625 0.0879786166511
988.0625 0.0879783693844
990.0625 0.0879780514699
992.0625 0.0879777688793
994.0625 0.0879774509649
996.0625 0.0879772743457
998.0625 0.0879769211075
1000.0625 0.0879767091645
1002.0625 0.0879763206024
1004.0625 0.0879761086595
1006.0625 0.0879758260689
1008.0625 0.0879755434783
1010.0625 0.0879752255638
1012.0625 0.0879749076494
1014.0625 0.0879747310303
1016.0625 0.0879744131158
1018.0625 0.0879740952014
1020.0625 0.0879737419631
1022.0625 0.0879728235436
1024.0625 0.0879720464195
1028.0625 0.0879716225335
1032.0625 0.0879709513809
1036.0625 0.0879705274949
1040.0625 0.0879698210184
1044.0625 0.087969291161
1048.0625 0.0879686200083
1052.0625 0.0879680548271
1056.0625 0.0879674896459
1060.0625 0.087966853817
1064.0625 0.0879663592834
1068.0625 0.0879656528069
1072.0625 0.0879651582733
1076.0625 0.087964416473
1080.0625 0.0879639219394
1084.0625 0.0879622970434
1088.0625 0.0879616258907
1092.0625 0.0879610960333
1096.0625 0.0879604602045
1100.0625 0.0879599303471
1104.0625 0.0879591885467
1108.0625 0.0879586233655
1112.0625 0.0879579522128
1116.0625 0.0879573163839
1120.0625 0.0879566452312
1124.0625 0.08795608005
1128.0625 0.0879554088973
1132.0625 0.0879548437161
1136.0625 0.0879540665919
1140.0625 0.0879535720583
1144.0625 0.0879527596103
1148.0625 0.0879513113335
1152.0625 0.0879504635616
1156.0625 0.0879499337042
1160.0625 0.0879491919039
1164.0625 0.0879486267227
1168.0625 0.08794795557
1172.0625 0.0879472137696
1176.0625 0.0879466839122
1180.0625 0.0879458714642
1184.0625 0.087945306283
1188.0625 0.0879445291588
1192.0625 0.0879438580061
1196.0625 0.0879431162058
1200.0625 0.0879424450531
1204.0625 0.087941844548
1208.0625 0.0879410674239
1212.0625 0.087939407204
1216.0625 0.0879386300798
1220.0625 0.0879381002225
1224.0625 0.087937181803
1228.0625 0.0879366166218
1232.0625 0.0879358748214
1236.0625 0.0879352743164
1240.0625 0.0879344618684
1244.0625 0.0879337553918
1248.0625 0.0879330842391
1252.0625 0.0879323424388
1256.0625 0.0879315653146
1260.0625 0.0879308941619
1264.0625 0.0879300817139
1268.0625 0.0879293752374
1272.0625 0.087928633437
1276.0625 0.0879267612742
1280.0625 0.0879260901215
1284.0625 0.0879252423497
1288.0625 0.0879247124923
1292.0625 0.0879238293967
1296.0625 0.0879231229201
1300.0625 0.087922345796
1304.0625 0.0879216393194
1308.0625 0.0879208621953
1312.0625 0.0879200850711
1316.0625 0.0879193079469
1320.0625 0.0879184601751
1324.0625 0.0879177890224
1328.0625 0.0879169765744
1332.0625 0.0879161994502
1336.0625 0.0879153163545
1340.0625 0.0879134795156
1344.0625 0.0879127023914
1348.0625 0.0879119252672
1352.0625 0.0879112187907
1356.0625 0.0879102297236
1360.0625 0.0879096292185
1364.0625 0.087908710799
1368.0625 0.087908110294
1372.0625 0.087907085903
1376.0625 0.0879065560456
1380.0625 0.087905461007
1384.0625 0.0879048958258
1388.0625 0.0879038714348
1392.0625 0.0879033062536
1396.0625 0.0879023171865
1400.0625 0.0879013281193
1404.0625 0.0878993853089
1408.0625 0.0878985728609
1412.0625 0.0878977957367
1416.0625 0.0878970186125
1420.0625 0.0878961355169
1424.0625 0.0878954290404
1428.0625 0.0878945106209
1432.0625 0.0878937688205
1436.0625 0.0878927091057
1440.0625 0.0878921439245
1444.0625 0.0878909429144
1448.0625 0.0878904483809
1452.0625 0.0878893533423
1456.0625 0.0878887175134
1460.0625 0.0878876577986
1464.0625 0.0878863861409
1468.0625 0.087884725921
1472.0625 0.0878837721777
1476.0625 0.0878828890821
1480.0625 0.0878820413102
1484.0625 0.0878811935384
1488.0625 0.087880451738
1492.0625 0.0878794273471
1496.0625 0.0878785442514
1500.0625 0.0878776964796
1504.0625 0.0878767427363
1508.0625 0.0878760009359
1512.0625 0.0878750471926
1516.0625 0.0878740934493
1520.0625 0.087873139706
1524.0625 0.0878723979057
1528.0625 0.0878707376858
1532.0625 0.0878690421422
1536.0625 0.0878681590465
1540.0625 0.0878672759509
1544.0625 0.0878662868837
1548.0625 0.0878655097595
1552.0625 0.0878645206924
1556.0625 0.0878637435682
1560.0625 0.0878626838535
1564.0625 0.0878618360816
1568.0625 0.0878608470145
1572.0625 0.0878600345665
1576.0625 0.0878589748517
1580.0625 0.087858091756
1584.0625 0.0878570320413
1588.0625 0.0878562195933
1592.0625 0.0878544887258
1596.0625 0.0878528285059
1600.0625 0.0878518394388
1604.0625 0.0878508503717
1608.0625 0.087849967276
1612.0625 0.0878489075612
1616.0625 0.087848130437
1620.0625 0.0878469647508
1624.0625 0.0878461169789
1628.0625 0.087845092588
1632.0625 0.0878441741685
1636.0625 0.0878431497775
1640.0625 0.0878421607104
1644.0625 0.0878412069671
1648.0625 0.0878401825761
1652.0625 0.087839193509
1656.0625 0.0878372860224
1660.0625 0.0878356611264
1664.0625 0.0878348133546
1668.0625 0.0878336123445
1672.0625 0.0878327998965
1676.0625 0.0878316342102
1680.0625 0.0878307864384
1684.0625 0.0878297267236
1688.0625 0.0878287376564
1692.0625 0.0878277485893
1696.0625 0.087826582903
1700.0625 0.0878256998074
1704.0625 0.0878245694449
1708.0625 0.0878236863493
1712.0625 0.0878224500154
1716.0625 0.0878215669197
1720.0625 0.0878194121663
1724.0625 0.0878178932418
1728.0625 0.0878167628793
1732.0625 0.0878157384884
1736.0625 0.0878146081259
1740.0625 0.0878137603541
1744.0625 0.0878126653155
1748.0625 0.0878116409245
1752.0625 0.0878105812098
1756.0625 0.0878095568188
1760.0625 0.0878084264564
1764.0625 0.0878073667416
1768.0625 0.0878061657315
1772.0625 0.0878053179597
1776.0625 0.0878040463019
1780.0625 0.0878028452918
1784.0625 0.0878009024814
1788.0625 0.0877991009662
1792.0625 0.0877981472229
1796.0625 0.0877969815367
1800.0625 0.087796098441
1804.0625 0.0877949327547
1808.0625 0.0877938377161
1812.0625 0.0877925660584
1816.0625 0.0877915769912
1820.0625 0.0877903759812
1824.0625 0.0877893162664
1828.0625 0.0877883271992
1832.0625 0.0877870908653
1836.0625 0.0877859958267
1840.0625 0.0877848301404
1844.0625 0.087783487835
1848.0625 0.0877815097008
1852.0625 0.0877797788333
1856.0625 0.0877785778232
1860.0625 0.0877774827846
1864.0625 0.0877763524221
1868.0625 0.0877752927074
1872.0625 0.0877741270211
1876.0625 0.0877729966586
1880.0625 0.0877717603247
1884.0625 0.0877707006099
1888.0625 0.087769464276
1892.0625 0.0877685105327
1896.0625 0.0877670622558
1900.0625 0.087766214484
1904.0625 0.0877647308833
1908.0625 0.0877630000158
1912.0625 0.0877612338245
1916.0625 0.0877594676332
1920.0625 0.0877584079184
1924.0625 0.0877572422321
1928.0625 0.0877560412221
1932.0625 0.0877547695643
1936.0625 0.0877536392019
1940.0625 0.0877524735156
1944.0625 0.0877513078293
1948.0625 0.0877501421431
1952.0625 0.0877488704853
1956.0625 0.0877477047991
1960.0625 0.0877464684651
1964.0625 0.0877453027789
1968.0625 0.0877441017688
1972.0625 0.0877419116916
1976.0625 0.0877402514717
1980.0625 0.0877385912519
1984.0625 0.0877372136227
1988.0625 0.0877360832602
1992.0625 0.0877347762787
1996.0625 0.0877337518877
2000.0625 0.08773248023
2004.0625 0.0877313145437
2008.0625 0.087729830943
2012.0625 0.0877287005806
2016.0625 0.087727393599
2020.0625 0.0877261572651
2024.0625 0.0877249915788
2028.0625 0.0877236139496
2032.0625 0.0877223776157
2036.0625 0.0877201522146
2040.0625 0.0877183860233
2044.0625 0.0877166551558
2048.0625 0.087714182488
2056.0625 0.0877116038487
2064.0625 0.0877090252093
2072.0625 0.0877064818939
2080.0625 0.0877038326069
2088.0625 0.0877013952629
2096.0625 0.0876976156135
2104.0625 0.0876940832308
2112.0625 0.0876914339439
2120.0625 0.0876886786854
2128.0625 0.0876859940746
2136.0625 0.0876833447877
2144.0625 0.0876807661484
2152.0625 0.0876779755661
2160.0625 0.087674125269
2168.0625 0.0876705575626
2176.0625 0.0876677316565
2184.0625 0.0876651176933
2192.0625 0.0876624684064
2200.0625 0.0876595365288
2208.0625 0.087656851918
2216.0625 0.0876539200404
2224.0625 0.0876497518289
2232.0625 0.0876461487987
2240.0625 0.0876433935402
2248.0625 0.0876405676341
2256.0625 0.0876377770518
2264.0625 0.0876348804981
2272.0625 0.0876320192682
2280.0625 0.0876291227144
2288.0625 0.0876247778838
2296.0625 0.087621068882
2304.0625 0.0876181370044
2312.0625 0.0876152404507
2320.0625 0.0876121672778
2328.0625 0.0876092707241
2336.0625 0.087606444818
2344.0625 0.0876030890545
2352.0625 0.0875987442238
2360.0625 0.0875949645744
2368.0625 0.0875920326969
2376.0625 0.0875889242002
2384.0625 0.0875859216749
2392.0625 0.0875828131782
2400.0625 0.087579810653
2408.0625 0.0875761369751
2416.0625 0.0875719334397
2424.0625 0.0875681891142
2432.0625 0.0875649393221
2440.0625 0.0875617955016
2448.0625 0.0875587576526
2456.0625 0.0875553665652
2464.0625 0.0875524700115
2472.0625 0.0875485490668
2480.0625 0.0875441335885
2488.0625 0.0875403186153
2496.0625 0.0875369981756
2504.0625 0.0875338896789
2512.0625 0.0875306752107
2520.0625 0.0875274960663
2528.0625 0.0875239636837
2536.0625 0.0875199014437
2544.0625 0.0875156272607
2552.0625 0.0875118476113
2560.0625 0.0875084918478
2568.0625 0.087504994789
2576.0625 0.0875018862923
2584.0625 0.0874982126144
2592.0625 0.08749503347
2600.0625 0.0874905473441
2608.0625 0.0874863791326
2616.0625 0.0874822462449
2624.0625 0.0874788551576
2632.0625 0.087475322775
2640.0625 0.0874718963639
2648.0625 0.0874683993051
2656.0625 0.0874649375701
2664.0625 0.0874601688535
2672.0625 0.0874560359659
2680.0625 0.0874516558114
2688.0625 0.0874483353718
2696.0625 0.0874447323415
2704.0625 0.087441164635
2712.0625 0.0874377382239
2720.0625 0.0874340998698
2728.0625 0.0874290132388
2736.0625 0.0874247743797
2744.0625 0.0874204648729
2752.0625 0.0874168618426
2760.0625 0.08741332946
2768.0625 0.0874094438391
2776.0625 0.0874058408088
2784.0625 0.0874019551879
2792.0625 0.0873970451761
2800.0625 0.087392594374
2808.0625 0.0873882142195
2816.0625 0.0873844345701
2824.0625 0.0873809021875
2832.0625 0.0873770165666
2840.0625 0.087373272241
2848.0625 0.0873693512963
2856.0625 0.0873639467509
2864.0625 0.0873594959488
2872.0625 0.0873551511182
2880.0625 0.0873513008211
2888.0625 0.0873475211717
2896.0625 0.0873436355508
2904.0625 0.0873396792823
2912.0625 0.087335051861
2920.0625 0.0873300005539
2928.0625 0.0873254791041
2936.0625 0.0873209929782
2944.0625 0.0873172133288
2952.0625 0.0873131864126
2960.0625 0.0873091948202
2968.0625 0.0873050972564
2976.0625 0.0873001872445
2984.0625 0.087295206585
2992.0625 0.0872905791638
3000.0625 0.0872859517426
3008.0625 0.0872818895026
3016.0625 0.0872778272625
3024.0625 0.087273659051
3032.0625 0.0872696321348
3040.0625 0.0872644042086
3048.0625 0.0872594235491
3056.0625 0.0872546901564
3064.0625 0.0872499920875
3072.0625 0.0872458945236
3080.0625 0.0872414790453
3088.0625 0.0872374521292
3096.0625 0.0872331779462
3104.0625 0.0872275614578
3112.0625 0.0872225807983
3120.0625 0.0872176001388
3128.0625 0.0872132199844
3136.0625 0.0872086985346
3144.0625 0.0872044596755
3152.0625 0.0872001148448
3160.0625 0.0871955580712
3168.0625 0.0871898002876
3176.0625 0.0871847843042
3184.0625 0.0871798742924
3192.0625 0.087175070252
3200.0625 0.0871706547737
3208.0625 0.0871662039716
3216.0625 0.087161859141
3224.0625 0.0871569491292
3232.0625 0.0871511913455
3240.0625 0.0871463166575
3248.0625 0.087141124055
3256.0625 0.0871361787193
3264.0625 0.0871314806505
3272.0625 0.087127100496
3280.0625 0.0871225437224
3288.0625 0.0871172804723
3296.0625 0.0871115933363
3304.0625 0.0871062947624
3312.0625 0.087101490722
3320.0625 0.0870959448813
3328.0625 0.0870913527839
3336.0625 0.0870869726294
3344.0625 0.0870822745605
3352.0625 0.0870763754815
3360.0625 0.0870708296408
3368.0625 0.0870656723622
3376.0625 0.0870605150836
3384.0625 0.0870551811858
3392.0625 0.0870504477931
3400.0625 0.0870457497242
3408.0625 0.08704091036
3416.0625 0.0870348699857
3424.0625 0.0870292888212
3432.0625 0.0870238842758
3440.0625 0.0870183737589
3448.0625 0.0870131458326
3456.0625 0.0870083064684
3464.0625 0.0870034317804
3472.0625 0.0869987337115
3480.0625 0.0869921634798
3488.0625 0.0869865116676
3496.0625 0.0869810717984
3504.0625 0.08697545531
3512.0625 0.0869700154408
3520.0625 0.0869653173719
3528.0625 0.0869601954171
3536.0625 0.0869546495763
3544.0625 0.0869485032306
3552.0625 0.086942922066
3560.0625 0.0869370583109
3568.0625 0.0869316184416
3576.0625 0.0869260726009
3584.0625 0.0869210212938
3592.0625 0.0869159346628
3600.0625 0.0869102475268
3608.0625 0.0869036419713
3616.0625 0.0868980608067
3624.0625 0.0868922676992
3632.0625 0.086886615887
3640.0625 0.086880928751
3648.0625 0.0868757714724
3656.0625 0.0868704375746
3664.0625 0.0868642205812
3672.0625 0.0868577916448
3680.0625 0.0868521398326
3688.0625 0.0868463467251
3696.0625 0.0868404123223
3704.0625 0.0868345132433
3712.0625 0.0868293912885
3720.0625 0.0868238807716
3728.0625 0.0868173458638
3736.0625 0.0868111641942
3744.0625 0.0868051591437
3752.0625 0.0867992953886
3760.0625 0.0867932196905
3768.0625 0.086787426583
3776.0625 0.0867818100946
3784.0625 0.0867764055492
3792.0625 0.0867694467554
3800.0625 0.0867631591143
3808.0625 0.0867573660068
3816.0625 0.0867510430419
3824.0625 0.08674493202
3832.0625 0.0867389976172
3840.0625 0.0867333104812
3848.0625 0.0867272701069
3856.0625 0.0867202053416
3864.0625 0.0867141296435
3872.0625 0.0867077713548
3880.0625 0.0867015543614
3888.0625 0.0866953726918
3896.0625 0.0866895089366
3904.0625 0.0866835038862
3912.0625 0.0866770749498
3920.0625 0.0866702221275
3928.0625 0.0866639698103
3936.0625 0.0866573289309
3944.0625 0.086651217909
3952.0625 0.0866451068871
3960.0625 0.086638607303
3968.0625 0.0866326022526
3976.0625 0.0866258200779
3984.0625 0.086618896608
3992.0625 0.0866124323478
4000.0625 0.0866061093829
4008.0625 0.0865996097989
4016.0625 0.0865931102149
4024.0625 0.0865868932214
4032.0625 0.0865808528472
4040.0625 0.0865733288722
4048.0625 0.0865664760499
4056.0625 0.0865600824373
4064.0625 0.0865532649389
4072.0625 0.0865466593834
4080.0625 0.0865403010946
4088.0625 0.0865338015106
4096.0625 0.0865198839231
4112.0625 0.0865061076309
4128.0625 0.0864927199007
4144.0625 0.0864797560565
4160.0625 0.0864650613448
4176.0625 0.0864514969955
4192.0625 0.0864377207033
4208.0625 0.0864239090872
4224.0625 0.0864092143755
4240.0625 0.0863952261403
4256.0625 0.0863812025813
4272.0625 0.0863673909652
4288.0625 0.0863519544532
4304.0625 0.0863378602465
4320.0625 0.0863236247445
4336.0625 0.0863092832711
4352.0625 0.0862939174067
4368.0625 0.0862790813997
4384.0625 0.0862645279833
4400.0625 0.0862499039192
4416.0625 0.0862341141689
4432.0625 0.0862194194572
4448.0625 0.0862045128025
4464.0625 0.0861888290236
4480.0625 0.0861734278354
4496.0625 0.0861585565046
4512.0625 0.0861430846687
4528.0625 0.086126553118
4544.0625 0.0861112932251
4560.0625 0.0860957507415
4576.0625 0.0860806321439
4592.0625 0.0860633941167
4608.0625 0.0860475690425
4624.0625 0.0860322031781
4640.0625 0.0860164487516
4656.0625 0.08599889281
4672.0625 0.0859826085261
4688.0625 0.0859666068328
4704.0625 0.0859509583778
4720.0625 0.0859326959596
4736.0625 0.0859167295902
4752.0625 0.0859002686872
4768.0625 0.0858836664888
4784.0625 0.0858653687468
4800.0625 0.0858487312247
4816.0625 0.0858322703217
4832.0625 0.0858154561804
4848.0625 0.0857970524669
4864.0625 0.0857794965253
4880.0625 0.0857628943269
4896.0625 0.0857454443568
4912.0625 0.0857265461097
4928.0625 0.0857092727587
4944.0625 0.0856923879698
4960.0625 0.0856734543989
4976.0625 0.0856549800378
4992.0625 0.0856371768294
5008.0625 0.0856196562116
5024.0625 0.0856006166692
5040.0625 0.0855818243937
5056.0625 0.0855637739185
5072.0625 0.0855459353862
5088.0625 0.0855259421006
5104.0625 0.0855069025582
5120.0625 0.0854887107877
5136.0625 0.0854705190172
5152.0625 0.085450031198
5168.0625 0.0854308856842
5184.0625 0.0854122347039
5200.0625 0.0853932658092
5216.0625 0.0853722481326
5232.0625 0.085352855352
5248.0625 0.0853343103433
5264.0625 0.0853144936768
5280.0625 0.0852936172954
5296.0625 0.0852730588286
5312.0625 0.0852541959054
5328.0625 0.0852337787338
5344.0625 0.0852126550857
5360.0625 0.0851923438856
5376.0625 0.0851726331906
5392.0625 0.0851513329234
5408.0625 0.0851303505706
5424.0625 0.0851090149796
5440.0625 0.085089410256
5456.0625 0.0850674741599
5472.0625 0.0850462092165
5488.0625 0.0850252268637
5504.0625 0.0850045624254
5520.0625 0.0849819198528
5536.0625 0.084960336995
5552.0625 0.0849387541371
5568.0625 0.0849180190511
5584.0625 0.0848949525926
5600.0625 0.0848725572868
5616.0625 0.0848507271622
5632.0625 0.0848288263899
5648.0625 0.0848056539599
5664.0625 0.0847827287967
5680.0625 0.0847608280244
5696.0625 0.0847380088327
5712.0625 0.084714553812
5728.0625 0.0846914167059
5744.0625 0.0846681383044
5760.0625 0.0846449658744
5776.0625 0.0846213695584
5792.0625 0.0845979145378
5808.0625 0.0845748834031
5824.0625 0.084550721906
5840.0625 0.084526525085
5856.0625 0.084502540207
5872.0625 0.0844792618055
5888.0625 0.0844543938318
5904.0625 0.0844295965058
5920.0625 0.0844054350087
5936.0625 0.0843813088354
5952.0625 0.0843554517946
5968.0625 0.0843307957639
5984.0625 0.084305963114
6000.0625 0.0842804946353
6016.0625 0.0842546729183
6032.0625 0.08422994624
6048.0625 0.0842039832277
6064.0625 0.0841778082724
6080.0625 0.0841517039649
6096.0625 0.0841263414576
6112.0625 0.0841003431215
6128.0625 0.0840729318324
6144.0625 0.0840467215533
6160.0625 0.0840212177508
6176.0625 0.0839945129381
6192.0625 0.083966289201
6208.0625 0.0839393724454
6224.0625 0.0839127029566
6240.0625 0.0838860687916
6256.0625 0.0838567500158
6272.0625 0.0838297979364
6288.0625 0.0838023866473
6304.0625 0.0837745514722
6320.0625 0.083745515287
6336.0625 0.0837175741405
6352.0625 0.0836896683177
6368.0625 0.083660950047
6384.0625 0.0836314546521
6400.0625 0.0836027717052
6416.0625 0.0835749365301
6432.0625 0.0835445227158
6448.0625 0.0835144621396
6464.0625 0.0834857791927
6480.0625 0.0834563897693
6496.0625 0.0834254107737
6512.0625 0.0833951382546
6528.0625 0.0833654309168
6544.0625 0.0833358648742
6560.0625 0.0833041087544
6576.0625 0.0832730591112
6592.0625 0.0832430691827
6608.0625 0.0832115250059
6624.0625 0.0831790270857
6640.0625 0.0831481893854
6656.0625 0.0831164332657
6672.0625 0.0830854542701
6688.0625 0.0830518966351
6704.0625 0.0830195753341
6720.0625 0.0829881724526
6736.0625 0.0829552859704
6752.0625 0.0829216930116
6768.0625 0.082888488615
6784.0625 0.0828560613425
6800.0625 0.082822221117
6816.0625 0.0827879570055
6832.0625 0.0827543993706
6848.0625 0.0827209477072
6864.0625 0.0826850586997
6880.0625 0.0826505473215
6896.0625 0.082615894648
6912.0625 0.0825818778033
6928.0625 0.0825457062052
6944.0625 0.082509781874
6960.0625 0.0824744933716
6976.0625 0.0824384983926
6992.0625 0.0824023267946
7008.0625 0.08236544872
7024.0625 0.0823292771219
7040.0625 0.0822920104852
7056.0625 0.0822547085247
7072.0625 0.0822172652689
7088.0625 0.0821803165467
7104.0625 0.0821413896902
7120.0625 0.0821035225485
7136.0625 0.0820648782826
7152.0625 0.0820265166073
7168.0625 0.0819866360075
7184.0625 0.0819477797986
7200.0625 0.0819091002089
7216.0625 0.0818685131326
7232.0625 0.0818273961988
7248.0625 0.0817875862467
7264.0625 0.0817469638465
7280.0625 0.0817055289983
7296.0625 0.0816637409119
7312.0625 0.0816225886543
7328.0625 0.0815808358917
7344.0625 0.0815373522616
7360.0625 0.0814946810795
7376.0625 0.081452716374
7392.0625 0.0814093740392
7408.0625 0.0813647247228
7424.0625 0.0813206759115
7440.0625 0.0812769096908
7456.0625 0.0812320131077
7472.0625 0.0811856329238
7488.0625 0.0811397119497
7504.0625 0.0810942148616
7520.0625 0.0810482232398
7536.0625 0.0809999355693
7552.0625 0.0809528135851
7568.0625 0.0809069632587
7584.0625 0.0808574392543
7600.0625 0.0808081978406
7616.0625 0.0807598041986
7632.0625 0.0807105627849
7648.0625 0.0806592372653
7664.0625 0.0806086182223
7680.0625 0.0805582464461
7696.0625 0.0805073448125
7712.0625 0.0804535466252
7728.0625 0.0804006315335
7744.0625 0.0803477517656
7760.0625 0.0802951899122
7776.0625 0.0802388484094
7792.0625 0.0801831427354
7808.0625 0.0801283201571
7824.0625 0.0800705657012
7840.0625 0.0800117868543
7856.0625 0.0799533612457
7872.0625 0.0798958893805
7888.0625 0.0798356622567
7904.0625 0.0797730331128
7920.0625 0.0797122054841
7936.0625 0.0796508479979
7952.0625 0.0795861347482
7968.0625 0.0795185249448
7984.0625 0.079454058962
8000.0625 0.0793876854925
8016.0625 0.0793198284223
8032.0625 0.0792482270265
8048.0625 0.0791757778589
8064.0625 0.0791038232249
8080.0625 0.0790290780086
8096.0625 0.0789494581042
8112.0625 0.0788674715036
8128.0625 0.0787886287234
8144.0625 0.0787014495203
8160.0625 0.078608406562
8176.0625 0.0785131382026
8192.0625 0.0782892911158
8224.0625 0.078202253208
8256.0625 0.0781971312532
8288.0625 0.0781924331843
8320.0625 0.0781877351154
8352.0625 0.0781825778368
8384.0625 0.0781781976823
8416.0625 0.0781727931369
8448.0625 0.0781687308969
8480.0625 0.0781630790847
8512.0625 0.0781590874923
8544.0625 0.0781532237372
8576.0625 0.0781494440878
8608.0625 0.0781432624182
8640.0625 0.0781397300355
8672.0625 0.0781336190136
8704.0625 0.0781294508021
8736.0625 0.0781235163993
8768.0625 0.0781187123589
8800.0625 0.0781135904041
8832.0625 0.0781084331255
8864.0625 0.0781034877898
8896.0625 0.0780979419491
8928.0625 0.0780933145279
8960.0625 0.0780874860965
8992.0625 0.0780832119136
9024.0625 0.0780771715393
9056.0625 0.0780730033278
9088.0625 0.078066856982
9120.0625 0.0780620882655
9152.0625 0.0780564011295
9184.0625 0.078051208527
9216.0625 0.0780458039816
9248.0625 0.0780399049026
9280.0625 0.0780350655384
9312.0625 0.0780290958118
9344.0625 0.078024574362
9376.0625 0.0780181454256
9408.0625 0.0780138359188
9440.0625 0.0780072656872
9472.0625 0.0780029561804
9504.0625 0.0779964565963
9536.0625 0.0779917938513
9568.0625 0.0779855062102
9600.0625 0.077980066341
9632.0625 0.0779743438811
9664.0625 0.0779685860974
9696.0625 0.0779633228473
9728.0625 0.0779571411777
9760.0625 0.0779521251944
9792.0625 0.0779457315819
9824.0625 0.0779409628653
9856.0625 0.0779342866622
9888.0625 0.0779297652124
9920.0625 0.0779229123901
9952.0625 0.0779174725209
9984.0625 0.0779114321466
10016.0625 0.0779055330676
10048.0625 0.0778998106078
10080.0625 0.0778935229667
10112.0625 0.0778882950404
10144.0625 0.077881477542
10176.0625 0.0778765675301
10208.0625 0.0778696440602
10240.0625 0.0778646987245
10272.0625 0.0778576692831
10304.0625 0.0778524766806
10336.0625 0.0778456591822
10368.0625 0.0778396894555
10400.0625 0.0778336844051
10432.0625 0.0778274674117
10464.0625 0.0778215330088
10496.0625 0.0778151393963
10528.0625 0.0778094875841
10560.0625 0.0778027054095
10592.0625 0.0777970889211
10624.0625 0.0777901301273
10656.0625 0.0777843723436
10688.0625 0.0777777314643
10720.0625 0.0777714438232
10752.0625 0.0777651561822
10784.0625 0.0777586212743
10816.0625 0.0777527575192
10848.0625 0.0777457280778
10880.0625 0.0777399702941
10912.0625 0.077732870205
10944.0625 0.0777272183928
10976.0625 0.0777197650655
11008.0625 0.0777142545486
11040.0625 0.0777069778404
11072.0625 0.0777008668184
11104.0625 0.07769404932
11136.0625 0.0776874084406
11168.0625 0.0776810148281
11200.0625 0.0776740560343
11232.0625 0.0776679803362
11264.0625 0.0776608095995
11296.0625 0.0776547339014
11328.0625 0.077647492517
11360.0625 0.0776409222853
11392.0625 0.0776341047869
11424.0625 0.0776270046978
11456.0625 0.0776208230282
11488.0625 0.0776132990532
11520.0625 0.0776072586789
11552.0625 0.077599522761
11584.0625 0.0775936943296
11616.0625 0.0775859230879
11648.0625 0.077579600123
11680.0625 0.077572076148
11712.0625 0.0775654352687
11744.0625 0.0775584058272
11776.0625 0.0775511644429
11808.0625 0.0775445942112
11840.0625 0.0775369289409
11872.0625 0.0775307119475
11904.0625 0.0775227287628
11936.0625 0.0775161585311
11968.0625 0.0775088111752
12000.0625 0.0775017817338
12032.0625 0.0774944697018
12064.0625 0.0774871223459
12096.0625 0.0774802695236
12128.0625 0.0774724982818
12160.0625 0.0774658927263
12192.0625 0.0774578035701
12224.0625 0.077451127367
12256.0625 0.0774432501537
12288.0625 0.0774363973314
12320.0625 0.077428555442
12352.0625 0.0774215966482
12384.0625 0.0774140373494
12416.0625 0.0774063367553
12448.0625 0.0773993779615
12480.0625 0.07739114751
12512.0625 0.0773843300116
12544.0625 0.0773762055315
12576.0625 0.0773692467378
12608.0625 0.0773611222577
12640.0625 0.0773536689304
12672.0625 0.0773462509269
12704.0625 0.0773383737136
12736.0625 0.0773312736246
12768.0625 0.0773227252586
12800.0625 0.0773158371125
12832.0625 0.0773072887466
12864.0625 0.0773004712481
12896.0625 0.0772918169107
12928.0625 0.0772845402025
12960.0625 0.0772766276654
12992.0625 0.0772685385092
13024.0625 0.0772611205057
13056.0625 0.0772526074636
13088.0625 0.0772453307554
13120.0625 0.0772369943324
13152.0625 0.0772293290621
13184.0625 0.0772213812012
13216.0625 0.0772133273688
13248.0625 0.0772053795079
13280.0625 0.0771969724372
13312.0625 0.0771894131384
13344.0625 0.0771806175057
13376.0625 0.0771732701498
13408.0625 0.0771645098409
13440.0625 0.0771568798945
13472.0625 0.0771485434715
13504.0625 0.0771405602868
13536.0625 0.0771323651591
13568.0625 0.0771237108216
13600.0625 0.0771157982846
13632.0625 0.0771072852424
13664.0625 0.0770990194671
13696.0625 0.0770905770726
13728.0625 0.0770825938879
13760.0625 0.0770741161696
13792.0625 0.0770654265084
13824.0625 0.0770575846189
13856.0625 0.0770483297765
13888.0625 0.0770406645062
13920.0625 0.0770316922543
13952.0625 0.0770238150411
13984.0625 0.0770148074654
14016.0625 0.0770062237756
14048.0625 0.0769979226764
14080.0625 0.0769890917199
14112.0625 0.0769806493254
14144.0625 0.0769717123974
14176.0625 0.0769633759744
14208.0625 0.0769546509893
14240.0625 0.0769459966519
14272.0625 0.0769374129621
14304.0625 0.0769283347388
14336.0625 0.0769200689634
14368.0625 0.0769106375018
14400.0625 0.0769024423741
14432.0625 0.0768930462363
14464.0625 0.0768847098134
14496.0625 0.0768754902947
14528.0625 0.0768665533667
14560.0625 0.0768577930578
14592.0625 0.0768486441868
14624.0625 0.0768400251732
14656.0625 0.0768305230639
14688.0625 0.0768215861359
14720.0625 0.0768128964746
14752.0625 0.0768032530701
14784.0625 0.0767948106756
14816.0625 0.076785167271
14848.0625 0.0767768661719
14880.0625 0.0767669755005
14912.0625 0.0767583918108
14944.0625 0.0767486071109
14976.0625 0.0767396701828
15008.0625 0.0767302387212
15040.0625 0.076720736612
15072.0625 0.0767120116269
15104.0625 0.0767020503079
15136.0625 0.0766934312943
15168.0625 0.0766833640038
15200.0625 0.0766744623996
15232.0625 0.076665030938
15264.0625 0.0766554581811
15296.0625 0.0766463799578
15328.0625 0.0766363126673
15360.0625 0.0766274463869
15392.0625 0.0766173790964
15424.0625 0.0766084068446
15456.0625 0.0765983042303
15488.0625 0.0765889434163
15520.0625 0.0765794413071
15552.0625 0.0765692327213
15584.0625 0.0765601544979
15616.0625 0.0765498399407
15648.0625 0.0765405144506
15680.0625 0.0765309770175
15712.0625 0.076520909727
15744.0625 0.0765120081228
15776.0625 0.0765012343558
15808.0625 0.0764922267801
15840.0625 0.0764815943084
15872.0625 0.0764721981706
15904.0625 0.0764620602325
15936.0625 0.0764520282658
15968.0625 0.0764424555089
16000.0625 0.0764317523896
16032.0625 0.0764224975471
16064.0625 0.0764122183137
16096.0625 0.0764022569947
16128.0625 0.0763925076186
16160.0625 0.0763818751469
16192.0625 0.0763725496568
16224.0625 0.0763617758898
16256.0625 0.0763519558661
16288.0625 0.0763415706612
16320.0625 0.0763315386946
16352.0625 0.076321294785
16384.0625 0.0763011955278
16448.0625 0.0762801778512
16512.0625 0.0762593367937
16576.0625 0.0762382131457
16640.0625 0.0762176546788
16704.0625 0.0761969549166
16768.0625 0.0761759725638
16832.0625 0.0761549195634
16896.0625 0.0761334073532
16960.0625 0.0761116478763
17024.0625 0.0760902063138
17088.0625 0.0760686941036
17152.0625 0.0760475704555
17216.0625 0.07602591695
17280.0625 0.0760036629395
17344.0625 0.0759815855481
17408.0625 0.0759596847758
17472.0625 0.0759375720606
17536.0625 0.0759153180501
17600.0625 0.0758933466302
17664.0625 0.0758711279435
17728.0625 0.0758483440755
17792.0625 0.0758253835885
17856.0625 0.0758029882827
17920.0625 0.0757804870054
17984.0625 0.0757577384613
18048.0625 0.0757346366789
18112.0625 0.0757111110106
18176.0625 0.0756881505236
18240.0625 0.0756649427697
18304.0625 0.0756417350159
18368.0625 0.0756182446715
18432.0625 0.0755947190032
18496.0625 0.0755708047728
18560.0625 0.0755467139234
18624.0625 0.0755234355219
18688.0625 0.0754994506439
18752.0625 0.0754752184991
18816.0625 0.075451233621
18880.0625 0.0754268955048
18944.0625 0.0754024160932
19008.0625 0.0753781839484
19072.0625 0.075353669213
19136.0625 0.0753291191538
19200.0625 0.0753040392371
19264.0625 0.075279065292
19328.0625 0.0752542326422
19392.0625 0.0752292940208
19456.0625 0.0752045673425
19520.0625 0.0751788869208
19584.0625 0.0751539129757
19648.0625 0.0751282678778
19712.0625 0.0751029406944
19776.0625 0.0750764831486
19840.0625 0.0750508380507
19904.0625 0.0750256168388
19968.0625 0.0749992652644
20032.0625 0.0749735495189
20096.0625 0.0749472685922
20160.0625 0.074920669751
20224.0625 0.0748948480341
20288.0625 0.0748681432214
20352.0625 0.0748418269709
20416.0625 0.0748151221583
20480.0625 0.0747879581359
20544.0625 0.0747615359139
20608.0625 0.0747345131868
20672.0625 0.0747073844883
20736.0625 0.0746802557897
20800.0625 0.0746529151482
20864.0625 0.0746256098305
20928.0625 0.0745978453031
20992.0625 0.0745705046616
21056.0625 0.0745428814295
21120.0625 0.0745149756068
21184.0625 0.0744868931649
21248.0625 0.0744590933137
21312.0625 0.0744310815195
21376.0625 0.0744030697253
21440.0625 0.074374669369
21504.0625 0.0743459864221
21568.0625 0.0743175154181
21632.0625 0.0742888677951
21696.0625 0.0742603967911
21760.0625 0.0742317138442
21824.0625 0.0742026776591
21888.0625 0.0741736767977
21952.0625 0.0741440047837
22016.0625 0.0741149685985
22080.0625 0.0740856144989
22144.0625 0.074056331047
22208.0625 0.0740266237091
22272.0625 0.0739970223427
22336.0625 0.0739673856525
22400.0625 0.0739372897526
22464.0625 0.0739072645003
22528.0625 0.0738773452195
22592.0625 0.0738469667289
22656.0625 0.0738165175907
22720.0625 0.0737861391001
22784.0625 0.0737555486666
22848.0625 0.073725382119
22912.0625 0.0736945444187
22976.0625 0.0736638480137
23040.0625 0.0736324451322
23104.0625 0.073601183546
23168.0625 0.0735707697316
23232.0625 0.0735392962024
23296.0625 0.0735073987873
23360.0625 0.0734760665535
23424.0625 0.0734445223767
23488.0625 0.0734129075522
23552.0625 0.0733810101371
23616.0625 0.0733489714267
23680.0625 0.073316579478
23744.0625 0.0732850353012
23808.0625 0.0732525373811
23872.0625 0.0732203573754
23936.0625 0.0731875415408
24000.0625 0.0731549023254
24064.0625 0.0731229342626
24128.0625 0.073089517923
24192.0625 0.0730559956119
24256.0625 0.0730237802824
24320.0625 0.0729901519998
24384.0625 0.0729572301938
24448.0625 0.0729236725589
24512.0625 0.072890503486
24576.0625 0.0728572637656
24640.0625 0.0728227523873
24704.0625 0.0727894420192
24768.0625 0.0727554604984
24832.0625 0.0727212670346
24896.0625 0.0726866496849
24960.0625 0.072652668164
25024.0625 0.0726182980811
25088.0625 0.072583362817
25152.0625 0.0725491693532
25216.0625 0.0725141987652
25280.0625 0.0724791222057
25344.0625 0.0724442222654
25408.0625 0.0724099228302
25472.0625 0.0723742457657
25536.0625 0.0723391338824
25600.0625 0.0723031389035
25664.0625 0.0722680976678
25728.0625 0.0722326325463
25792.0625 0.0721961783576
25856.0625 0.072160925179
25920.0625 0.0721248242286
25984.0625 0.0720887586021
26048.0625 0.072052375061
26112.0625 0.0720160974915
26176.0625 0.071979607979
26240.0625 0.0719429065235
26304.0625 0.0719062050681
26368.0625 0.0718691856982
26432.0625 0.0718318484139
26496.0625 0.0717953235776
26560.0625 0.0717581982362
26624.0625 0.071720825628
26688.0625 0.0716834530199
26752.0625 0.0716462570309
26816.0625 0.0716086724797
26880.0625 0.0715706640427
26944.0625 0.0715326556057
27008.0625 0.0714951770261
27072.0625 0.071456356141
27136.0625 0.0714181357611
27200.0625 0.0713801626479
27264.0625 0.0713414124105
27328.0625 0.0713029800875
27392.0625 0.071264265174
27456.0625 0.0712253029937
27520.0625 0.071186199518
27584.0625 0.0711474139568
27648.0625 0.0711082398335
27712.0625 0.0710682532622
27776.0625 0.0710293617295
27840.0625 0.0709898696918
27904.0625 0.0709503776541
27968.0625 0.0709099671969
28032.0625 0.0708704398353
28096.0625 0.0708301000258
28160.0625 0.0707897248924
28224.0625 0.0707496676734
28288.0625 0.0707090452733
28352.0625 0.0706685994922
28416.0625 0.0706278711206
28480.0625 0.0705870367775
28544.0625 0.0705463790535
28608.0625 0.0705050855006
28672.0625 0.0704640392145
28736.0625 0.0704227103378
28800.0625 0.0703809222514
28864.0625 0.0703390635173
28928.0625 0.0702980172312
28992.0625 0.0702558759066
29056.0625 0.0702134166674
29120.0625 0.0701724763528
29184.0625 0.0701300877613
29248.0625 0.0700878051413
29312.0625 0.0700449220163
29376.0625 0.0700027100439
29440.0625 0.0699596502998
29504.0625 0.0699172617083
29568.0625 0.0698744845547
29632.0625 0.0698309656008
29696.0625 0.0697881177996
29760.0625 0.0697443869027
29824.0625 0.0697009739203
29888.0625 0.0696576315855
29952.0625 0.0696138653648
30016.0625 0.0695698518773
30080.0625 0.0695262269519
30144.0625 0.069481683607
30208.0625 0.069437988034
30272.0625 0.0693934093653
30336.0625 0.0693487953727
30400.0625 0.069304216704
30464.0625 0.0692593554447
30528.0625 0.0692142469186
30592.0625 0.0691702334311
30656.0625 0.0691243477809
30720.0625 0.069079592493
30784.0625 0.0690336715189
30848.0625 0.0689882804022
30912.0625 0.0689432425238
30976.0625 0.0688970389591
31040.0625 0.0688510120135
31104.0625 0.0688051263632
31168.0625 0.0687586755317
31232.0625 0.0687124013194
31296.0625 0.0686658091926
31360.0625 0.0686191110943
31424.0625 0.0685723423484
31488.0625 0.0685256442501
31552.0625 0.0684778511132
31616.0625 0.0684316828723
31680.0625 0.0683844549166
31744.0625 0.0683364851606
31808.0625 0.0682898223861
31872.0625 0.0682413934204
31936.0625 0.0681939181979
32000.0625 0.068146337004
32064.0625 0.0680972722094
32128.0625 0.0680497263393
32192.0625 0.068001191402
32256.0625 0.0679527977601
32320.0625 0.067904439442
32384.0625 0.0678551273805
32448.0625 0.0678065924433
32512.0625 0.0677572803819
32576.0625 0.0677080389681
32640.0625 0.0676583736684
32704.0625 0.0676093441976
32768.0625 0.0675103668365
32896.0625 0.0674097999032
33024.0625 0.0673093036176
33152.0625 0.0672084540937
33280.0625 0.0671066508265
33408.0625 0.067003893816
33536.0625 0.0669015253676
33664.0625 0.0667976379946
33792.0625 0.0666941391838
33920.0625 0.0665891567722
34048.0625 0.0664846688942
34176.0625 0.0663778849675
34304.0625 0.066272690613
34432.0625 0.066165164886
34560.0625 0.0660575331874
34688.0625 0.0659499721366
34816.0625 0.0658413513709
34944.0625 0.0657323420432
35072.0625 0.0656225555912
35200.0625 0.065511815396
35328.0625 0.0654005806672
35456.0625 0.0652893459384
35584.0625 0.0651769455233
35712.0625 0.0650638739555
35840.0625 0.0649504844733
35968.0625 0.0648361765717
36096.0625 0.0647215154317
36224.0625 0.0646063597582
36352.0625 0.0644902856652
36480.0625 0.0643731165336
36608.0625 0.0642563359641
36736.0625 0.0641388135942
36864.0625 0.0640198782713
36992.0625 0.0639001658242
37120.0625 0.0637805240247
37248.0625 0.0636601404249
37376.0625 0.063538979701
37504.0625 0.0634169358813
37632.0625 0.0632953865953
37760.0625 0.0631718591749
37888.0625 0.0630482964308
38016.0625 0.0629240625339
38144.0625 0.0627988395699
38272.0625 0.0626726981864
38400.0625 0.0625463801838
38528.0625 0.0624189318188
38656.0625 0.0622914128061
38784.0625 0.0621628694024
38912.0625 0.0620342553511
39040.0625 0.0619045462612
39168.0625 0.061773671485
39296.0625 0.0616422668514
39424.0625 0.0615105443034
39552.0625 0.0613777973644
39680.0625 0.0612436727962
39808.0625 0.0611100427616
39936.0625 0.0609746112118
40064.0625 0.0608394975765
40192.0625 0.0607031829311
40320.0625 0.0605662677806
40448.0625 0.060428575506
40576.0625 0.0602912364696
40704.0625 0.0601513187939
40832.0625 0.0600117896802
40960.0625 0.0598707063183
41088.0625 0.0597293756895
41216.0625 0.0595873032604
41344.0625 0.0594440298212
41472.0625 0.0593008623535
41600.0625 0.0591557873992
41728.0625 0.0590108184163
41856.0625 0.0588651076331
41984.0625 0.0587182664875
42112.0625 0.0585699417411
42240.0625 0.058422182176
42368.0625 0.0582739634011
42496.0625 0.0581235898729
42624.0625 0.0579726864872
42752.0625 0.0578216771301
42880.0625 0.057669219496
43008.0625 0.0575161966808
43136.0625 0.0573623614176
43264.0625 0.0572063360771
43392.0625 0.0570517236897
43520.0625 0.0568959102922
43648.0625 0.0567374476077
43776.0625 0.0565806804669
43904.0625 0.05642108742
44032.0625 0.0562608585442
44160.0625 0.0561004530493
44288.0625 0.0559395530208
44416.0625 0.055776074353
44544.0625 0.0556134081332
44672.0625 0.0554493642842
44800.0625 0.0552838368344
44928.0625 0.0551177088797
45056.0625 0.0549517222202
45184.0625 0.0547831215976
45312.0625 0.0546144503274
45440.0625 0.0544458850286
45568.0625 0.0542745644714
45696.0625 0.0541037737715
45824.0625 0.0539319586807
45952.0625 0.0537594017896
46080.0625 0.0535846194974
46208.0625 0.0534092013763
46336.0625 0.0532325469213
46464.0625 0.0530567049144
46592.0625 0.0528786375063
46720.0625 0.0526995457073
46848.0625 0.0525194295174
46976.0625 0.0523385715271
47104.0625 0.0521569010888
47232.0625 0.0519736057544
47360.0625 0.0517904163916
47488.0625 0.051605142923
47616.0625 0.0514199401021
47744.0625 0.0512326531754
47872.0625 0.0510455781917
48000.0625 0.0508564191022
48128.0625 0.0506663062694
48256.0625 0.0504752750172
48384.0625 0.0502831134025
48512.0625 0.0500899980445
48640.0625 0.049895151819
48768.0625 0.0496997404123
48896.0625 0.0495026687857
49024.0625 0.0493055618353
49152.0625 0.0491054523597
49280.0625 0.0489070737516
49408.0625 0.0487067876569
49536.0625 0.0485025806174
49664.0625 0.0482996805596
49792.0625 0.0480959680537
49920.0625 0.047890383385
50048.0625 0.047684056916
50176.0625 0.0474764587892
50304.0625 0.0472678715953
50432.0625 0.0470565997907
50560.0625 0.046844515538
50688.0625 0.0466320427232
50816.0625 0.0464183688983
50944.0625 0.0462034587395
51072.0625 0.0459865704464
51200.0625 0.0457682338765
51328.0625 0.0455495087445
51456.0625 0.045329052745
51584.0625 0.045106865878
51712.0625 0.0448836899438
51840.0625 0.0446601960953
51968.0625 0.0444355365604
52096.0625 0.0442083690339
52224.0625 0.0439796472591
52352.0625 0.0437508548366
52480.0625 0.0435194837748
52608.0625 0.0432874062364
52736.0625 0.043053527183
52864.0625 0.0428183411479
52992.0625 0.0425811769786
53120.0625 0.0423429884183
53248.0625 0.0421044466198
53376.0625 0.0418627610007
53504.0625 0.041619980343
53632.0625 0.0413773056568
53760.0625 0.041130674702
53888.0625 0.0408836198614
54016.0625 0.0406343749435
54144.0625 0.0403846001682
54272.0625 0.0401329532301
54400.0625 0.0398787276527
54528.0625 0.0396232304176
54656.0625 0.0393670620298
54784.0625 0.0391083150026
54912.0625 0.0388490381181
55040.0625 0.0385857696412
55168.0625 0.0383234549076
55296.0625 0.0380581023249
55424.0625 0.0377923258564
55552.0625 0.0375231583005
55680.0625 0.0372509882194
55808.0625 0.0369792420242
55936.0625 0.0367050938088
56064.0625 0.0364285435732
56192.0625 0.036149273403
56320.0625 0.0358697559661
56448.0625 0.0355881544233
56576.0625 0.0353031264695
56704.0625 0.0350154845525
56832.0625 0.0347276660163
56960.0625 0.0344398474802
57088.0625 0.0341448228835
57216.0625 0.0338509639731
57344.0625 0.033554809014
57472.0625 0.0332580535498
57600.0625 0.0329531736056
57728.0625 0.032650413091
57856.0625 0.0323438376031
57984.0625 0.032037721325
58112.0625 0.0317268010065
58240.0625 0.0314140791728
58368.0625 0.0310972950992
58496.0625 0.0307795926061
58624.0625 0.0304583930541
58752.0625 0.0301363810542
58880.0625 0.0298104834334
59008.0625 0.0294827489736
59136.0625 0.0291528597605
59264.0625 0.0288188023358
59392.0625 0.0284810005855
59520.0625 0.0281401256624
59648.0625 0.0277981557006
59776.0625 0.0274512050794
59904.0625 0.0271031240957
60032.0625 0.0267523938251
60160.0625 0.0263937863412
60288.0625 0.0260357087146
60416.0625 0.0256767126687
60544.0625 0.0253057418456
60672.0625 0.0249422243498
60800.0625 0.0245676858203
60928.0625 0.0241891203746
61056.0625 0.0238093185949
61184.0625 0.0234270441474
61312.0625 0.023037245725
61440.0625 0.0226439855675
61568.0625 0.0222477582087
61696.0625 0.0218458437138
61824.0625 0.0214402202172
61952.0625 0.0210271433933
62080.0625 0.0206125476448
62208.0625 0.0201934304465
62336.0625 0.0197678843119
62464.0625 0.0193349554976
62592.0625 0.0189014968259
62720.0625 0.018454473805
62848.0625 0.0180077333746
62976.0625 0.0175543520649
63104.0625 0.0170888546829
63232.0625 0.0166209552806
63360.0625 0.0161451080174
63488.0625 0.0156627258464
63616.0625 0.0151675211265
63744.0625 0.0146688193477
63872.0625 0.0141578602013
64000.0625 0.0136349262778
64128.0625 0.0130989225385
64256.0625 0.0125600222455
64384.0625 0.0119960067121
64512.0625 0.0114275050527
64640.0625 0.010842613138
64768.0625 0.0102404125484
64896.0625 0.00961627586269
65024.0625 0.00897373546354
65152.0625 0.00830572658567
65280.0625 0.00759352760119
65408.0625 0.00686228907437
65536.0625 0.00511609104843
65792.0625 0.0046661361499
