0 1
0.0625 0.999764685786
0.125 0.999703388307
0.1875 0.713897350968
0.25 0.571342706308
63.9375 0.571342705111
64.0625 0.571341611786
64.3125 0.571340517265
64.5625 0.571339422743
64.8125 0.571338328221
65.0625 0.571337233699
65.3125 0.571336139177
65.5625 0.571335044655
65.8125 0.571333950134
66.0625 0.571332855612
66.3125 0.57133176109
66.5625 0.571330666568
66.8125 0.571329572046
67.0625 0.571328477524
67.3125 0.571327383003
67.5625 0.571326288481
67.8125 0.571325193959
68.0625 0.571324099437
68.3125 0.571323004915
68.5625 0.571321910393
68.8125 0.571320815871
69.0625 0.57131972135
69.3125 0.571318626828
69.5625 0.571317532306
69.8125 0.571316437784
70.0625 0.571315343262
70.3125 0.57131424874
70.5625 0.571313154219
70.8125 0.571312059697
71.0625 0.571310965175
71.3125 0.571309870653
71.5625 0.571308776131
71.8125 0.571307681609
72.0625 0.571306587088
72.3125 0.571305492566
72.5625 0.571304398044
72.8125 0.571303303522
73.0625 0.571302209
73.3125 0.571301114478
73.5625 0.571300019957
73.8125 0.571298925435
74.0625 0.571297830913
74.3125 0.571296736391
74.5625 0.571295641869
74.8125 0.571294547347
75.0625 0.571293452826
75.3125 0.571292358304
75.5625 0.571291263782
75.8125 0.57129016926
76.0625 0.571289074738
76.3125 0.571287980216
76.5625 0.571286885695
76.8125 0.571285791173
77.0625 0.571284696651
77.3125 0.571283602129
77.5625 0.571282507607
77.8125 0.571281413085
78.0625 0.571280318564
78.3125 0.571279224042
78.5625 0.57127812952
78.8125 0.571277034998
79.0625 0.571275940476
79.3125 0.571274845954
79.5625 0.571273751432
79.8125 0.571272656911
80.0625 0.571271562389
80.3125 0.571270467867
80.5625 0.571269373345
80.8125 0.571268278823
81.0625 0.571267184301
81.3125 0.57126608978
81.5625 0.571264995258
81.8125 0.571263900736
82.0625 0.571262806214
82.3125 0.571261711692
82.5625 0.57126061717
82.8125 0.571259522649
83.0625 0.571258428127
83.3125 0.571257333605
83.5625 0.571256239083
83.8125 0.571255144561
84.0625 0.571254050039
84.3125 0.571252955518
84.5625 0.571251860996
84.8125 0.571250766474
85.0625 0.571249671952
85.3125 0.57124857743
85.5625 0.571247482908
85.8125 0.571246388387
86.0625 0.571245293865
86.3125 0.571244199343
86.5625 0.571243104821
86.8125 0.571242010299
87.0625 0.571240915777
87.3125 0.571239821256
87.5625 0.571238726734
87.8125 0.571237632212
88.0625 0.57123653769
88.3125 0.571235443168
88.5625 0.571234348646
88.8125 0.571233254125
89.0625 0.571232159603
89.3125 0.571231065081
89.5625 0.571229970559
89.8125 0.571228876037
90.0625 0.571227781515
90.3125 0.571226686993
90.5625 0.571225592472
90.8125 0.57122449795
91.0625 0.571223403428
91.3125 0.571222308906
91.5625 0.571221214384
91.8125 0.571220119862
92.0625 0.571219025341
92.3125 0.571217930819
92.5625 0.571216836297
92.8125 0.571215741775
93.0625 0.571214647253
93.3125 0.571213552731
93.5625 0.57121245821
93.8125 0.571211363688
94.0625 0.571210269166
94.3125 0.571209174644
94.5625 0.571208080122
94.8125 0.5712069856
95.0625 0.571205891079
95.3125 0.571204796557
95.5625 0.571203702035
95.8125 0.571202607513
96.0625 0.571201512991
96.3125 0.571200418469
96.5625 0.571199323948
96.8125 0.571198229426
97.0625 0.571197134904
97.3125 0.571196040382
97.5625 0.57119494586
97.8125 0.571193851338
98.0625 0.571192756817
98.3125 0.571191662295
98.5625 0.571190567773
98.8125 0.571189473251
99.0625 0.571188378729
99.3125 0.571187284207
99.5625 0.571186189685
99.8125 0.571185095164
100.0625 0.571184000642
100.3125 0.57118290612
100.5625 0.571181811598
100.8125 0.571180717076
101.0625 0.571179622554
101.3125 0.571178528033
101.5625 0.571177433511
101.8125 0.571176338989
102.0625 0.571175244467
102.3125 0.571174149945
102.5625 0.571173055423
102.8125 0.571171960902
103.0625 0.57117086638
103.3125 0.571169771858
103.5625 0.571168677336
103.8125 0.571167582814
104.0625 0.571166488292
104.3125 0.571165393771
104.5625 0.571164299249
104.8125 0.571163204727
105.0625 0.571162110205
105.3125 0.571161015683
105.5625 0.571159921161
105.8125 0.57115882664
106.0625 0.571157732118
106.3125 0.571156637596
106.5625 0.571155543074
106.8125 0.571154448552
107.0625 0.57115335403
107.3125 0.571152259509
107.5625 0.571151164987
107.8125 0.571150070465
108.0625 0.571148975943
108.3125 0.571147881421
108.5625 0.571146786899
108.8125 0.571145692378
109.0625 0.571144597856
109.3125 0.571143503334
109.5625 0.571142408812
109.8125 0.57114131429
110.0625 0.571140219768
110.3125 0.571139125246
110.5625 0.571138030725
110.8125 0.571136936203
111.0625 0.571135841681
111.3125 0.571134747159
111.5625 0.571133652637
111.8125 0.571132558115
112.0625 0.571131463594
112.3125 0.571130369072
112.5625 0.57112927455
112.8125 0.571128180028
113.0625 0.571127085506
113.3125 0.571125990984
113.5625 0.571124896463
113.8125 0.571123801941
114.0625 0.571122707419
114.3125 0.571121612897
114.5625 0.571120518375
114.8125 0.571119423853
115.0625 0.571118329332
115.3125 0.57111723481
115.5625 0.571116140288
115.8125 0.571115045766
116.0625 0.571113951244
116.3125 0.571112856722
116.5625 0.571111762201
116.8125 0.571110667679
117.0625 0.571109573157
117.3125 0.571108478635
117.5625 0.571107384113
117.8125 0.571106289591
118.0625 0.57110519507
118.3125 0.571104100548
118.5625 0.571103006026
118.8125 0.571101911504
119.0625 0.571100816982
119.3125 0.57109972246
119.5625 0.571098627938
119.8125 0.571097533417
120.0625 0.571096438895
120.3125 0.571095344373
120.5625 0.571094249851
120.8125 0.571093155329
121.0625 0.571092060807
121.3125 0.571090966286
121.5625 0.571089871764
121.8125 0.571088777242
122.0625 0.57108768272
122.3125 0.571086588198
122.5625 0.571085493676
122.8125 0.571084399155
123.0625 0.571083304633
123.3125 0.571082210111
123.5625 0.571081115589
123.8125 0.571080021067
124.0625 0.571078926545
124.3125 0.571077832024
124.5625 0.571076737502
124.8125 0.57107564298
125.0625 0.571074548458
125.3125 0.571073453936
125.5625 0.571072359414
125.8125 0.571071264893
126.0625 0.571070170371
126.3125 0.571069075849
126.5625 0.571067981327
126.8125 0.571066886805
127.0625 0.571065792283
127.3125 0.571064697762
127.5625 0.57106360324
127.8125 0.499526099979
128.0625 0.0804892153236
128.5625 0.0804882692566
129.0625 0.0804873231895
129.5625 0.0804863771225
130.0625 0.0804854310555
130.5625 0.0804844849885
131.0625 0.0804835389215
131.5625 0.0804825928545
132.0625 0.0804816467875
132.5625 0.0804807007205
133.0625 0.0804797546535
133.5625 0.0804788085865
134.0625 0.0804778625195
134.5625 0.0804769164525
135.0625 0.0804759703855
135.5625 0.0804750243185
136.0625 0.0804740782515
136.5625 0.0804731321845
137.0625 0.0804721861175
137.5625 0.0804712400505
138.0625 0.0804702939835
138.5625 0.0804693479165
139.0625 0.0804684018495
139.5625 0.0804674557825
140.0625 0.0804665097155
140.5625 0.0804655636485
141.0625 0.0804646175815
141.5625 0.0804636715145
142.0625 0.0804627254474
142.5625 0.0804617793804
143.0625 0.0804608333134
143.5625 0.0804598872464
144.0625 0.0804589411794
144.5625 0.0804579951124
145.0625 0.0804570490454
145.5625 0.0804561029784
146.0625 0.0804551569114
146.5625 0.0804542108444
147.0625 0.0804532647774
147.5625 0.0804523187104
148.0625 0.0804513726434
148.5625 0.0804504265764
149.0625 0.0804494805094
149.5625 0.0804485344424
150.0625 0.0804475883754
150.5625 0.0804466423084
151.0625 0.0804456962414
151.5625 0.0804447501744
152.0625 0.0804438041074
152.5625 0.0804428580404
153.0625 0.0804419119734
153.5625 0.0804409659064
154.0625 0.0804400198394
154.5625 0.0804390737724
155.0625 0.0804381277053
155.5625 0.0804371816383
156.0625 0.0804362355713
156.5625 0.0804352895043
157.0625 0.0804343434373
157.5625 0.0804333973703
158.0625 0.0804324513033
158.5625 0.0804315052363
159.0625 0.0804305591693
159.5625 0.0804296131023
160.0625 0.0804286670353
160.5625 0.0804277209683
161.0625 0.0804267749013
161.5625 0.0804258288343
162.0625 0.0804248827673
162.5625 0.0804239367003
163.0625 0.0804229906333
163.5625 0.0804220445663
164.0625 0.0804210984993
164.5625 0.0804201524323
165.0625 0.0804192063653
165.5625 0.0804182602983
166.0625 0.0804173142313
166.5625 0.0804163681643
167.0625 0.0804154220973
167.5625 0.0804144760303
168.0625 0.0804135299632
168.5625 0.0804125838962
169.0625 0.0804116378292
169.5625 0.0804106917622
170.0625 0.0804097463604
170.5625 0.0804088002933
171.0625 0.0804078542263
171.5625 0.0804069081593
172.0625 0.0804059620923
172.5625 0.0804050160253
173.0625 0.0804040699583
173.5625 0.0804031238913
174.0625 0.0804021778243
174.5625 0.0804012317573
175.0625 0.0804002856903
175.5625 0.0803993396233
176.0625 0.0803983935563
176.5625 0.0803974474893
177.0625 0.0803965014223
177.5625 0.0803955553553
178.0625 0.0803946092883
178.5625 0.0803936632213
179.0625 0.0803927171543
179.5625 0.0803917710873
180.0625 0.0803908250203
180.5625 0.0803898789533
181.0625 0.0803889328863
181.5625 0.0803879868193
182.0625 0.0803870407523
182.5625 0.0803860946853
183.0625 0.0803851486183
183.5625 0.0803842025512
184.0625 0.0803832564842
184.5625 0.0803823104172
185.0625 0.0803813643502
185.5625 0.0803804182832
186.0625 0.0803794722162
186.5625 0.0803785261492
187.0625 0.0803775800822
187.5625 0.0803766340152
188.0625 0.0803756879482
188.5625 0.0803747418812
189.0625 0.0803737958142
189.5625 0.0803728497472
190.0625 0.0803719036802
190.5625 0.0803709576132
191.0625 0.0803700115462
191.5625 0.0803690654792
192.0625 0.0803666472351
192.5625 0.0803666451067
193.0625 0.0803666429783
193.5625 0.0803666408499
194.0625 0.0803666387215
194.5625 0.0803666365932
195.0625 0.0803666344648
195.5625 0.0803666323364
196.0625 0.080366630208
196.5625 0.0803666280796
197.0625 0.0803666259512
197.5625 0.0803666238229
198.0625 0.0803666216945
198.5625 0.0803666195661
199.0625 0.0803666174377
199.5625 0.0803666153093
200.0625 0.0803666131809
200.5625 0.0803666110525
201.0625 0.0803666089242
201.5625 0.0803666067958
202.0625 0.0803666046674
202.5625 0.080366602539
203.0625 0.0803666004106
203.5625 0.0803665982822
204.0625 0.0803665961538
204.5625 0.0803665940255
205.0625 0.0803665918971
205.5625 0.0803665897687
206.0625 0.0803665876403
206.5625 0.0803665855119
207.0625 0.0803665833835
207.5625 0.0803665812552
208.0625 0.0803665791268
208.5625 0.0803665769984
209.0625 0.08036657487
209.5625 0.0803665727416
210.0625 0.0803665706132
210.5625 0.0803665684848
211.0625 0.0803665663565
211.5625 0.0803665642281
212.0625 0.0803665620997
212.5625 0.0803665599713
213.0625 0.0803665578429
213.5625 0.0803665557145
214.0625 0.0803665535862
214.5625 0.0803665514578
215.0625 0.0803665493294
215.5625 0.080366547201
216.0625 0.0803665450726
216.5625 0.0803665429442
217.0625 0.0803665408158
217.5625 0.0803665386875
218.0625 0.0803665365591
218.5625 0.0803665344307
219.0625 0.0803665323023
219.5625 0.0803665301739
220.0625 0.0803665280455
220.5625 0.0803665259172
221.0625 0.0803665237888
221.5625 0.0803665216604
222.0625 0.080366519532
222.5625 0.0803665174036
223.0625 0.0803665152752
223.5625 0.0803665131468
224.0625 0.0803665110185
224.5625 0.0803665088901
225.0625 0.0803665067617
225.5625 0.0803665046333
226.0625 0.0803665025049
226.5625 0.0803665003765
227.0625 0.0803664982482
227.5625 0.0803664961198
228.0625 0.0803664939914
228.5625 0.080366491863
229.0625 0.0803664897346
229.5625 0.0803664876062
230.0625 0.0803664854778
230.5625 0.0803664833495
231.0625 0.0803664812211
231.5625 0.0803664790927
232.0625 0.0803664769643
232.5625 0.0803664748359
233.0625 0.0803664727075
233.5625 0.0803664705792
234.0625 0.0803664684508
234.5625 0.0803664663224
235.0625 0.080366464194
235.5625 0.0803664620656
236.0625 0.0803664599372
236.5625 0.0803664578088
237.0625 0.0803664556805
237.5625 0.0803664535521
238.0625 0.0803664514237
238.5625 0.0803664492953
239.0625 0.0803664471669
239.5625 0.0803664450385
240.0625 0.0803664429101
240.5625 0.0803664407818
241.0625 0.0803664386534
241.5625 0.080366436525
242.0625 0.0803664343966
242.5625 0.0803664322682
243.0625 0.0803664301398
243.5625 0.0803664280115
244.0625 0.0803664258831
244.5625 0.0803664237547
245.0625 0.0803664216263
245.5625 0.0803664194979
246.0625 0.0803664173695
246.5625 0.0803664152411
247.0625 0.0803664131128
247.5625 0.0803664109844
248.0625 0.080366408856
248.5625 0.0803664067276
249.0625 0.0803664045992
249.5625 0.0803664024708
250.0625 0.0803664003425
250.5625 0.0803663982141
251.0625 0.0803663960857
251.5625 0.0803663939573
252.0625 0.0803663918289
252.5625 0.0803663897005
253.0625 0.0803663875721
253.5625 0.0803663854438
254.0625 0.0803663833154
254.5625 0.080366381187
255.0625 0.0803663790586
255.5625 0.0803663769302
256.0625 0.0803632399572
257.0625 0.0803632357004
258.0625 0.0803632314437
259.0625 0.0803632271869
260.0625 0.0803632229301
261.0625 0.0803632186734
262.0625 0.0803632144166
263.0625 0.0803632101598
264.0625 0.0803632059031
265.0625 0.0803632016463
266.0625 0.0803631973895
267.0625 0.0803631931327
268.0625 0.080363188876
269.0625 0.0803631846192
270.0625 0.0803631803624
271.0625 0.0803631761057
272.0625 0.0803631718489
273.0625 0.0803631675921
274.0625 0.0803631633354
275.0625 0.0803631590786
276.0625 0.0803631548218
277.0625 0.0803631505651
278.0625 0.0803631463083
279.0625 0.0803631420515
280.0625 0.0803631377947
281.0625 0.080363133538
282.0625 0.0803631292812
283.0625 0.0803631250244
284.0625 0.0803631207677
285.0625 0.0803631165109
286.0625 0.0803631122541
287.0625 0.0803631079974
288.0625 0.0803631037406
289.0625 0.0803630994838
290.0625 0.080363095227
291.0625 0.0803630909703
292.0625 0.0803630867135
293.0625 0.0803630824567
294.0625 0.0803630782
295.0625 0.0803630739432
296.0625 0.0803630696864
297.0625 0.0803630654297
298.0625 0.0803630611729
299.0625 0.0803630569161
300.0625 0.0803630526594
301.0625 0.0803630484026
302.0625 0.0803630441458
303.0625 0.080363039889
304.0625 0.0803630356323
305.0625 0.0803630313755
306.0625 0.0803630271187
307.0625 0.080363022862
308.0625 0.0803630186052
309.0625 0.0803630143484
310.0625 0.0803630100917
311.0625 0.0803630058349
312.0625 0.0803630015781
313.0625 0.0803629973214
314.0625 0.0803629930646
315.0625 0.0803629888078
316.0625 0.080362984551
317.0625 0.0803629802943
318.0625 0.0803629760375
319.0625 0.0803629717807
320.0625 0.0803586088581
321.0625 0.0803586046014
322.0625 0.0803586003446
323.0625 0.0803585960878
324.0625 0.080358591831
325.0625 0.0803585875743
326.0625 0.0803585833175
327.0625 0.0803585790607
328.0625 0.080358574804
329.0625 0.0803585705472
330.0625 0.0803585662904
331.0625 0.0803585620337
332.0625 0.0803585577769
333.0625 0.0803585535201
334.0625 0.0803585492634
335.0625 0.0803585450066
336.0625 0.0803585407498
337.0625 0.080358536493
338.0625 0.0803585322363
339.0625 0.0803585279795
340.0625 0.0803585237227
341.0625 0.080358519466
342.0625 0.0803585152092
343.0625 0.0803585109524
344.0625 0.0803585066957
345.0625 0.0803585024389
346.0625 0.0803584981821
347.0625 0.0803584939254
348.0625 0.0803584896686
349.0625 0.0803584854118
350.0625 0.080358481155
351.0625 0.0803584768983
352.0625 0.0803584726415
353.0625 0.0803584683847
354.0625 0.080358464128
355.0625 0.0803584598712
356.0625 0.0803584556144
357.0625 0.0803584513577
358.0625 0.0803584471009
359.0625 0.0803584428441
360.0625 0.0803584385873
361.0625 0.0803584343306
362.0625 0.0803584300738
363.0625 0.080358425817
364.0625 0.0803584215603
365.0625 0.0803584173035
366.0625 0.0803584130467
367.0625 0.08035840879
368.0625 0.0803584045332
369.0625 0.0803584002764
370.0625 0.0803583960197
371.0625 0.0803583917629
372.0625 0.0803583875061
373.0625 0.0803583832493
374.0625 0.0803583789926
375.0625 0.0803583747358
376.0625 0.080358370479
377.0625 0.0803583662223
378.0625 0.0803583619655
379.0625 0.0803583577087
380.0625 0.080358353452
381.0625 0.0803583491952
382.0625 0.0803583449384
383.0625 0.0803583406817
384.0625 0.0803527518095
385.0625 0.0803527475527
386.0625 0.0803527432959
387.0625 0.0803527390391
388.0625 0.0803527347824
389.0625 0.0803527305256
390.0625 0.0803527262688
391.0625 0.0803527220121
392.0625 0.0803527177553
393.0625 0.0803527134985
394.0625 0.0803527092418
395.0625 0.080352704985
396.0625 0.0803527007282
397.0625 0.0803526964714
398.0625 0.0803526922147
399.0625 0.0803526879579
400.0625 0.0803526837011
401.0625 0.0803526794444
402.0625 0.0803526751876
403.0625 0.0803526709308
404.0625 0.0803526666741
405.0625 0.0803526624173
406.0625 0.0803526581605
407.0625 0.0803526539038
408.0625 0.080352649647
409.0625 0.0803526453902
410.0625 0.0803526411334
411.0625 0.0803526368767
412.0625 0.0803526326199
413.0625 0.0803526283631
414.0625 0.0803526241064
415.0625 0.0803526198496
416.0625 0.0803526155928
417.0625 0.0803526113361
418.0625 0.0803526070793
419.0625 0.0803526028225
420.0625 0.0803525985658
421.0625 0.080352594309
422.0625 0.0803525900522
423.0625 0.0803525857954
424.0625 0.0803525815387
425.0625 0.0803525772819
426.0625 0.0803525730251
427.0625 0.0803525687684
428.0625 0.0803525645116
429.0625 0.0803525602548
430.0625 0.0803525559981
431.0625 0.0803525517413
432.0625 0.0803525474845
433.0625 0.0803525432277
434.0625 0.080352538971
435.0625 0.0803525347142
436.0625 0.0803525304574
437.0625 0.0803525262007
438.0625 0.0803525219439
439.0625 0.0803525176871
440.0625 0.0803525134304
441.0625 0.0803525091736
442.0625 0.0803525049168
443.0625 0.0803525006601
444.0625 0.0803524964033
445.0625 0.0803524921465
446.0625 0.0803524878897
447.0625 0.080352483633
448.0625 0.0803456688112
449.0625 0.0803456645544
450.0625 0.0803456602976
451.0625 0.0803456560409
452.0625 0.0803456517841
453.0625 0.0803456475273
454.0625 0.0803456432706
455.0625 0.0803456390138
456.0625 0.080345634757
457.0625 0.0803456305003
458.0625 0.0803456262435
459.0625 0.0803456219867
460.0625 0.0803456177299
461.0625 0.0803456134732
462.0625 0.0803456092164
463.0625 0.0803456049596
464.0625 0.0803456007029
465.0625 0.0803455964461
466.0625 0.0803455921893
467.0625 0.0803455879326
468.0625 0.0803455836758
469.0625 0.080345579419
470.0625 0.0803455751623
471.0625 0.0803455709055
472.0625 0.0803455666487
473.0625 0.0803455623919
474.0625 0.0803455581352
475.0625 0.0803455538784
476.0625 0.0803455496216
477.0625 0.0803455453649
478.0625 0.0803455411081
479.0625 0.0803455368513
480.0625 0.0803455325946
481.0625 0.0803455283378
482.0625 0.080345524081
483.0625 0.0803455198243
484.0625 0.0803455155675
485.0625 0.0803455113107
486.0625 0.0803455070539
487.0625 0.0803455027972
488.0625 0.0803454985404
489.0625 0.0803454942836
490.0625 0.0803454900269
491.0625 0.0803454857701
492.0625 0.0803454815133
493.0625 0.0803454772566
494.0625 0.0803454729998
495.0625 0.080345468743
496.0625 0.0803454644862
497.0625 0.0803454602295
498.0625 0.0803454559727
499.0625 0.0803454517159
500.0625 0.0803454474592
501.0625 0.0803454432024
502.0625 0.0803454389456
503.0625 0.0803454346889
504.0625 0.0803454304321
505.0625 0.0803454261753
506.0625 0.0803454219186
507.0625 0.0803454176618
508.0625 0.080345413405
509.0625 0.0803454091482
510.0625 0.0803454048915
511.0625 0.0803454006347
512.0625 0.0803373556066
514.0625 0.080337347093
516.0625 0.0803373385795
518.0625 0.0803373300659
520.0625 0.0803373215524
522.0625 0.0803373130389
524.0625 0.0803373045253
526.0625 0.0803372960118
528.0625 0.0803372874982
530.0625 0.0803372789847
532.0625 0.0803372704712
534.0625 0.0803372619576
536.0625 0.0803372534441
538.0625 0.0803372449305
540.0625 0.080337236417
542.0625 0.0803372279035
544.0625 0.0803372193899
546.0625 0.0803372108764
548.0625 0.0803372023629
550.0625 0.0803371938493
552.0625 0.0803371853358
554.0625 0.0803371768222
556.0625 0.0803371683087
558.0625 0.0803371597952
560.0625 0.0803371512816
562.0625 0.0803371427681
564.0625 0.0803371342545
566.0625 0.080337125741
568.0625 0.0803371172275
570.0625 0.0803371087139
572.0625 0.0803371002004
574.0625 0.0803370916868
576.0625 0.0803278207091
578.0625 0.0803278121956
580.0625 0.080327803682
582.0625 0.0803277951685
584.0625 0.0803277866549
586.0625 0.0803277781414
588.0625 0.0803277696279
590.0625 0.0803277611143
592.0625 0.0803277526008
594.0625 0.0803277440872
596.0625 0.0803277355737
598.0625 0.0803277270602
600.0625 0.0803277185466
602.0625 0.0803277100331
604.0625 0.0803277015196
606.0625 0.080327693006
608.0625 0.0803276844925
610.0625 0.0803276759789
612.0625 0.0803276674654
614.0625 0.0803276589519
616.0625 0.0803276504383
618.0625 0.0803276419248
620.0625 0.0803276334112
622.0625 0.0803276248977
624.0625 0.0803276163842
626.0625 0.0803276078706
628.0625 0.0803275993571
630.0625 0.0803275908435
632.0625 0.08032758233
634.0625 0.0803275738165
636.0625 0.0803275653029
638.0625 0.0803275567894
640.0625 0.080317059862
642.0625 0.0803170513485
644.0625 0.080317042835
646.0625 0.0803170343214
648.0625 0.0803170258079
650.0625 0.0803170172944
652.0625 0.0803170087808
654.0625 0.0803170002673
656.0625 0.0803169917537
658.0625 0.0803169832402
660.0625 0.0803169747267
662.0625 0.0803169662131
664.0625 0.0803169576996
666.0625 0.080316949186
668.0625 0.0803169406725
670.0625 0.080316932159
672.0625 0.0803169236454
674.0625 0.0803169151319
676.0625 0.0803169066183
678.0625 0.0803168981048
680.0625 0.0803168895913
682.0625 0.0803168810777
684.0625 0.0803168725642
686.0625 0.0803168640507
688.0625 0.0803168555371
690.0625 0.0803168470236
692.0625 0.08031683851
694.0625 0.0803168299965
696.0625 0.080316821483
698.0625 0.0803168129694
700.0625 0.0803168044559
702.0625 0.0803167959423
704.0625 0.0803050730654
706.0625 0.0803050645519
708.0625 0.0803050560383
710.0625 0.0803050475248
712.0625 0.0803050390112
714.0625 0.0803050304977
716.0625 0.0803050219842
718.0625 0.0803050134706
720.0625 0.0803050049571
722.0625 0.0803049964436
724.0625 0.08030498793
726.0625 0.0803049794165
728.0625 0.0803049709029
730.0625 0.0803049623894
732.0625 0.0803049538759
734.0625 0.0803049453623
736.0625 0.0803049368488
738.0625 0.0803049283352
740.0625 0.0803049198217
742.0625 0.0803049113082
744.0625 0.0803049027946
746.0625 0.0803048942811
748.0625 0.0803048857675
750.0625 0.080304877254
752.0625 0.0803048687405
754.0625 0.0803048602269
756.0625 0.0803048517134
758.0625 0.0803048431999
760.0625 0.0803048346863
762.0625 0.0803048261728
764.0625 0.0803048176592
766.0625 0.0803048091457
768.0625 0.0802918603192
770.0625 0.0802918518056
772.0625 0.0802918432921
774.0625 0.0802918347786
776.0625 0.080291826265
778.0625 0.0802918177515
780.0625 0.0802918092379
782.0625 0.0802918007244
784.0625 0.0802917922109
786.0625 0.0802917836973
788.0625 0.0802917751838
790.0625 0.0802917666702
792.0625 0.0802917581567
794.0625 0.0802917496432
796.0625 0.0802917411296
798.0625 0.0802917326161
800.0625 0.0802917241025
802.0625 0.080291715589
804.0625 0.0802917070755
806.0625 0.0802916985619
808.0625 0.0802916900484
810.0625 0.0802916815349
812.0625 0.0802916730213
814.0625 0.0802916645078
816.0625 0.0802916559942
818.0625 0.0802916474807
820.0625 0.0802916389672
822.0625 0.0802916304536
824.0625 0.0802916219401
826.0625 0.0802916134265
828.0625 0.080291604913
830.0625 0.0802915963995
832.0625 0.0802774216233
834.0625 0.0802774131098
836.0625 0.0802774045963
838.0625 0.0802773960827
840.0625 0.0802773875692
842.0625 0.0802773790556
844.0625 0.0802773705421
846.0625 0.0802773620286
848.0625 0.080277353515
850.0625 0.0802773450015
852.0625 0.080277336488
854.0625 0.0802773279744
856.0625 0.0802773194609
858.0625 0.0802773109473
860.0625 0.0802773024338
862.0625 0.0802772939203
864.0625 0.0802772854067
866.0625 0.0802772768932
868.0625 0.0802772683796
870.0625 0.0802772598661
872.0625 0.0802772513526
874.0625 0.080277242839
876.0625 0.0802772343255
878.0625 0.0802772258119
880.0625 0.0802772172984
882.0625 0.0802772087849
884.0625 0.0802772002713
886.0625 0.0802771917578
888.0625 0.0802771832443
890.0625 0.0802771747307
892.0625 0.0802771662172
894.0625 0.0802771577036
896.0625 0.0802617569779
898.0625 0.0802617484644
900.0625 0.0802617399508
902.0625 0.0802617314373
904.0625 0.0802617229238
906.0625 0.0802617144102
908.0625 0.0802617058967
910.0625 0.0802616973831
912.0625 0.0802616888696
914.0625 0.0802616803561
916.0625 0.0802616718425
918.0625 0.080261663329
920.0625 0.0802616548155
922.0625 0.0802616463019
924.0625 0.0802616377884
926.0625 0.0802616292748
928.0625 0.0802616207613
930.0625 0.0802616122478
932.0625 0.0802616037342
934.0625 0.0802615952207
936.0625 0.0802615867071
938.0625 0.0802615781936
940.0625 0.0802615696801
942.0625 0.0802615611665
944.0625 0.080261552653
946.0625 0.0802615441394
948.0625 0.0802615356259
950.0625 0.0802615271124
952.0625 0.0802615185988
954.0625 0.0802615100853
956.0625 0.0802615015718
958.0625 0.0802614930582
960.0625 0.0802448663829
962.0625 0.0802448578694
964.0625 0.0802448493558
966.0625 0.0802448408423
968.0625 0.0802448323287
970.0625 0.0802448238152
972.0625 0.0802448153017
974.0625 0.0802448067881
976.0625 0.0802447982746
978.0625 0.0802447897611
980.0625 0.0802447812475
982.0625 0.080244772734
984.0625 0.0802447642204
986.0625 0.0802447557069
988.0625 0.0802447471934
990.0625 0.0802447386798
992.0625 0.0802447301663
994.0625 0.0802447216527
996.0625 0.0802447131392
998.0625 0.0802447046257
1000.0625 0.0802446961121
1002.0625 0.0802446875986
1004.0625 0.080244679085
1006.0625 0.0802446705715
1008.0625 0.080244662058
1010.0625 0.0802446535444
1012.0625 0.0802446450309
1014.0625 0.0802446365174
1016.0625 0.0802446280038
1018.0625 0.0802446194903
1020.0625 0.0802446109767
1022.0625 0.0802446024632
1024.0625 0.0802267413248
1028.0625 0.0802267242977
1032.0625 0.0802267072706
1036.0625 0.0802266902435
1040.0625 0.0802266732164
1044.0625 0.0802266561894
1048.0625 0.0802266391623
1052.0625 0.0802266221352
1056.0625 0.0802266051081
1060.0625 0.0802265880811
1064.0625 0.080226571054
1068.0625 0.0802265540269
1072.0625 0.0802265369998
1076.0625 0.0802265199727
1080.0625 0.0802265029457
1084.0625 0.0802264859186
1088.0625 0.0802073988306
1092.0625 0.0802073818035
1096.0625 0.0802073647764
1100.0625 0.0802073477493
1104.0625 0.0802073307222
1108.0625 0.0802073136952
1112.0625 0.0802072966681
1116.0625 0.080207279641
1120.0625 0.0802072626139
1124.0625 0.0802072455869
1128.0625 0.0802072285598
1132.0625 0.0802072115327
1136.0625 0.0802071945056
1140.0625 0.0802071774785
1144.0625 0.0802071604515
1148.0625 0.0802071434244
1152.0625 0.0801868303868
1156.0625 0.0801868133597
1160.0625 0.0801867963326
1164.0625 0.0801867793055
1168.0625 0.0801867622784
1172.0625 0.0801867452514
1176.0625 0.0801867282243
1180.0625 0.0801867111972
1184.0625 0.0801866941701
1188.0625 0.0801866771431
1192.0625 0.080186660116
1196.0625 0.0801866430889
1200.0625 0.0801866260618
1204.0625 0.0801866090347
1208.0625 0.0801865920077
1212.0625 0.0801865749806
1216.0625 0.0801650359934
1220.0625 0.0801650189663
1224.0625 0.0801650019392
1228.0625 0.0801649849121
1232.0625 0.0801649678851
1236.0625 0.080164950858
1240.0625 0.0801649338309
1244.0625 0.0801649168038
1248.0625 0.0801648997767
1252.0625 0.0801648827497
1256.0625 0.0801648657226
1260.0625 0.0801648486955
1264.0625 0.0801648316684
1268.0625 0.0801648146414
1272.0625 0.0801647976143
1276.0625 0.0801647805872
1280.0625 0.0801420160495
1284.0625 0.0801419992884
1288.0625 0.0801419822614
1292.0625 0.0801419647022
1296.0625 0.0801419476751
1300.0625 0.0801419309141
1304.0625 0.080141914153
1308.0625 0.0801418968599
1312.0625 0.0801418793007
1316.0625 0.0801418622737
1320.0625 0.0801418452466
1324.0625 0.0801418283525
1328.0625 0.0801418113255
1332.0625 0.0801417942984
1336.0625 0.0801417774043
1340.0625 0.0801417605103
1344.0625 0.0801177693578
1348.0625 0.0801177523307
1352.0625 0.0801177353037
1356.0625 0.0801177182766
1360.0625 0.0801177012495
1364.0625 0.0801176842224
1368.0625 0.0801176671953
1372.0625 0.0801176501683
1376.0625 0.0801176331412
1380.0625 0.0801176161141
1384.0625 0.080117599087
1388.0625 0.08011758206
1392.0625 0.0801175650329
1396.0625 0.0801175480058
1400.0625 0.0801175309787
1404.0625 0.0801175139516
1408.0625 0.0800922971156
1412.0625 0.0800922800886
1416.0625 0.0800922630615
1420.0625 0.0800922460344
1424.0625 0.0800922290073
1428.0625 0.0800922119803
1432.0625 0.0800921949532
1436.0625 0.0800921779261
1440.0625 0.080092160899
1444.0625 0.0800921438719
1448.0625 0.0800921268449
1452.0625 0.0800921098178
1456.0625 0.0800920927907
1460.0625 0.0800920757636
1464.0625 0.0800920587366
1468.0625 0.0800920417095
1472.0625 0.080065599456
1476.0625 0.0800655821629
1480.0625 0.0800655648697
1484.0625 0.0800655485078
1488.0625 0.0800655314807
1492.0625 0.0800655141876
1496.0625 0.0800654967614
1500.0625 0.0800654796013
1504.0625 0.0800654636384
1508.0625 0.0800654459462
1512.0625 0.0800654285201
1516.0625 0.0800654125572
1520.0625 0.080065394865
1524.0625 0.0800653774388
1528.0625 0.080065361476
1532.0625 0.0800653439168
1536.0625 0.0800376747825
1540.0625 0.0800376577554
1544.0625 0.0800376407284
1548.0625 0.0800376237013
1552.0625 0.0800376066742
1556.0625 0.0800375896471
1560.0625 0.0800375726201
1564.0625 0.080037555593
1568.0625 0.0800375385659
1572.0625 0.0800375215388
1576.0625 0.0800375045117
1580.0625 0.0800374874847
1584.0625 0.0800374704576
1588.0625 0.0800374534305
1592.0625 0.0800374364034
1596.0625 0.0800374193764
1600.0625 0.0800085246916
1604.0625 0.0800085076645
1608.0625 0.0800084906374
1612.0625 0.0800084736103
1616.0625 0.0800084565833
1620.0625 0.0800084395562
1624.0625 0.0800084225291
1628.0625 0.080008405502
1632.0625 0.080008388475
1636.0625 0.0800083714479
1640.0625 0.0800083544208
1644.0625 0.0800083373937
1648.0625 0.0800083203666
1652.0625 0.0800083033396
1656.0625 0.0800082863125
1660.0625 0.0800082692854
1664.0625 0.079978148651
1668.0625 0.079978131624
1672.0625 0.0799781145969
1676.0625 0.0799780975698
1680.0625 0.0799780805427
1684.0625 0.0799780635156
1688.0625 0.0799780464886
1692.0625 0.0799780294615
1696.0625 0.0799780124344
1700.0625 0.0799779954073
1704.0625 0.0799779783803
1708.0625 0.0799779613532
1712.0625 0.0799779443261
1716.0625 0.079977927299
1720.0625 0.0799779102719
1724.0625 0.0799778932449
1728.0625 0.0799465466609
1732.0625 0.0799465296338
1736.0625 0.0799465126067
1740.0625 0.0799464955797
1744.0625 0.0799464785526
1748.0625 0.0799464615255
1752.0625 0.0799464444984
1756.0625 0.0799464274714
1760.0625 0.0799464104443
1764.0625 0.0799463934172
1768.0625 0.0799463763901
1772.0625 0.079946359363
1776.0625 0.079946342336
1780.0625 0.0799463253089
1784.0625 0.0799463082818
1788.0625 0.0799462912547
1792.0625 0.0799137187212
1796.0625 0.0799137016941
1800.0625 0.079913684667
1804.0625 0.0799136676399
1808.0625 0.0799136506129
1812.0625 0.0799136335858
1816.0625 0.0799136165587
1820.0625 0.0799135995316
1824.0625 0.0799135825046
1828.0625 0.0799135654775
1832.0625 0.0799135484504
1836.0625 0.0799135314233
1840.0625 0.0799135143962
1844.0625 0.0799134973692
1848.0625 0.0799134803421
1852.0625 0.079913463315
1856.0625 0.0798796648319
1860.0625 0.0798796478048
1864.0625 0.0798796307777
1868.0625 0.0798796137506
1872.0625 0.0798795967235
1876.0625 0.0798795796965
1880.0625 0.0798795626694
1884.0625 0.0798795456423
1888.0625 0.0798795286152
1892.0625 0.0798795115882
1896.0625 0.0798794945611
1900.0625 0.079879477534
1904.0625 0.0798794605069
1908.0625 0.0798794434798
1912.0625 0.0798794264528
1916.0625 0.0798794094257
1920.0625 0.0798443849929
1924.0625 0.0798443679659
1928.0625 0.0798443509388
1932.0625 0.0798443339117
1936.0625 0.0798443168846
1940.0625 0.0798442998575
1944.0625 0.0798442828305
1948.0625 0.0798442658034
1952.0625 0.0798442487763
1956.0625 0.0798442317492
1960.0625 0.0798442147222
1964.0625 0.0798441976951
1968.0625 0.079844180668
1972.0625 0.0798441636409
1976.0625 0.0798441466138
1980.0625 0.0798441295868
1984.0625 0.0798078792044
1988.0625 0.0798078621774
1992.0625 0.0798078451503
1996.0625 0.0798078281232
2000.0625 0.0798078110961
2004.0625 0.079807794069
2008.0625 0.079807777042
2012.0625 0.0798077600149
2016.0625 0.0798077429878
2020.0625 0.0798077259607
2024.0625 0.0798077089337
2028.0625 0.0798076919066
2032.0625 0.0798076748795
2036.0625 0.0798076578524
2040.0625 0.0798076408253
2044.0625 0.0798076237983
2048.0625 0.0797701304392
2056.0625 0.0797700963851
2064.0625 0.0797700623309
2072.0625 0.0797700282768
2080.0625 0.0797699942226
2088.0625 0.0797699601685
2096.0625 0.0797699261143
2104.0625 0.0797698920602
2112.0625 0.0797311727516
2120.0625 0.0797311386974
2128.0625 0.0797311046432
2136.0625 0.0797310705891
2144.0625 0.0797310365349
2152.0625 0.0797310024808
2160.0625 0.0797309684266
2168.0625 0.0797309343725
2176.0625 0.0796909891143
2184.0625 0.0796909550601
2192.0625 0.079690921006
2200.0625 0.0796908869518
2208.0625 0.0796908528976
2216.0625 0.0796908188435
2224.0625 0.0796907847893
2232.0625 0.0796907507352
2240.0625 0.0796495795274
2248.0625 0.0796495454732
2256.0625 0.0796495114191
2264.0625 0.0796494773649
2272.0625 0.0796494433108
2280.0625 0.0796494092566
2288.0625 0.0796493752025
2296.0625 0.0796493411483
2304.0625 0.0796069439909
2312.0625 0.0796069099368
2320.0625 0.0796068758826
2328.0625 0.0796068418284
2336.0625 0.0796068077743
2344.0625 0.0796067737201
2352.0625 0.079606739666
2360.0625 0.0796067056118
2368.0625 0.0795630825048
2376.0625 0.0795630484507
2384.0625 0.0795630143965
2392.0625 0.0795629803424
2400.0625 0.0795629462882
2408.0625 0.0795629122341
2416.0625 0.0795628781799
2424.0625 0.0795628441258
2432.0625 0.0795179950692
2440.0625 0.079517961015
2448.0625 0.0795179269609
2456.0625 0.0795178929067
2464.0625 0.0795178588526
2472.0625 0.0795178247984
2480.0625 0.0795177907442
2488.0625 0.0795177566901
2496.0625 0.0794716816839
2504.0625 0.0794716476298
2512.0625 0.0794716135756
2520.0625 0.0794715795215
2528.0625 0.0794715454673
2536.0625 0.0794715114131
2544.0625 0.079471477359
2552.0625 0.0794714433048
2560.0625 0.0794241423491
2568.0625 0.0794241082949
2576.0625 0.0794240742408
2584.0625 0.0794240401866
2592.0625 0.0794240061325
2600.0625 0.0794239720783
2608.0625 0.0794239380241
2616.0625 0.07942390397
2624.0625 0.0793753770646
2632.0625 0.0793753430105
2640.0625 0.0793753089563
2648.0625 0.0793752749022
2656.0625 0.079375240848
2664.0625 0.0793752067939
2672.0625 0.0793751727397
2680.0625 0.0793751386855
2688.0625 0.0793253858306
2696.0625 0.0793253517764
2704.0625 0.0793253177223
2712.0625 0.0793252836681
2720.0625 0.079325249614
2728.0625 0.0793252155598
2736.0625 0.0793251815057
2744.0625 0.0793251474515
2752.0625 0.079274168647
2760.0625 0.0792741345928
2768.0625 0.0792741005387
2776.0625 0.0792740664845
2784.0625 0.0792740324304
2792.0625 0.0792739983762
2800.0625 0.079273964322
2808.0625 0.0792739302679
2816.0625 0.0792217255138
2824.0625 0.0792216914596
2832.0625 0.0792216574054
2840.0625 0.0792216233513
2848.0625 0.0792215892971
2856.0625 0.079221555243
2864.0625 0.0792215211888
2872.0625 0.0792214871347
2880.0625 0.0791680564309
2888.0625 0.0791680223768
2896.0625 0.0791679883226
2904.0625 0.0791679542685
2912.0625 0.0791679202143
2920.0625 0.0791678861602
2928.0625 0.079167852106
2936.0625 0.0791678180518
2944.0625 0.0791131613985
2952.0625 0.0791131273444
2960.0625 0.0791130932902
2968.0625 0.0791130592361
2976.0625 0.0791130251819
2984.0625 0.0791129911278
2992.0625 0.0791129570736
3000.0625 0.0791129230194
3008.0625 0.0790570404165
3016.0625 0.0790570063624
3024.0625 0.0790569723082
3032.0625 0.0790569382541
3040.0625 0.0790569041999
3048.0625 0.0790568701458
3056.0625 0.0790568360916
3064.0625 0.0790568020374
3072.0625 0.0789996934849
3080.0625 0.0789996594308
3088.0625 0.0789996253766
3096.0625 0.0789995913225
3104.0625 0.0789995572683
3112.0625 0.0789995232142
3120.0625 0.07899948916
3128.0625 0.0789994551058
3136.0625 0.0789411206037
3144.0625 0.0789410865496
3152.0625 0.0789410524954
3160.0625 0.0789410184413
3168.0625 0.0789409843871
3176.0625 0.078940950333
3184.0625 0.0789409162788
3192.0625 0.0789408822247
3200.0625 0.078881321773
3208.0625 0.0788812877188
3216.0625 0.0788812536647
3224.0625 0.0788812196105
3232.0625 0.0788811855563
3240.0625 0.0788811515022
3248.0625 0.078881117448
3256.0625 0.0788810833939
3264.0625 0.0788202969926
3272.0625 0.0788202629384
3280.0625 0.0788202288843
3288.0625 0.0788201948301
3296.0625 0.078820160776
3304.0625 0.0788201267218
3312.0625 0.0788200926677
3320.0625 0.0788200586135
3328.0625 0.0787580462626
3336.0625 0.0787580122085
3344.0625 0.0787579781543
3352.0625 0.0787579441002
3360.0625 0.078757910046
3368.0625 0.0787578759918
3376.0625 0.0787578419377
3384.0625 0.0787578078835
3392.0625 0.0786945695831
3400.0625 0.0786945355289
3408.0625 0.0786945014747
3416.0625 0.0786944674206
3424.0625 0.0786944333664
3432.0625 0.0786943993123
3440.0625 0.0786943652581
3448.0625 0.078694331204
3456.0625 0.0786298669539
3464.0625 0.0786298328998
3472.0625 0.0786297988456
3480.0625 0.0786297647914
3488.0625 0.0786297307373
3496.0625 0.0786296966831
3504.0625 0.078629662629
3512.0625 0.0786296285748
3520.0625 0.0785639383752
3528.0625 0.078563904321
3536.0625 0.0785638702668
3544.0625 0.0785638362127
3552.0625 0.0785638021585
3560.0625 0.0785637681044
3568.0625 0.0785637340502
3576.0625 0.0785636999961
3584.0625 0.0784967838468
3592.0625 0.0784967497927
3600.0625 0.0784967157385
3608.0625 0.0784966816844
3616.0625 0.0784966476302
3624.0625 0.078496613576
3632.0625 0.0784965795219
3640.0625 0.0784965454677
3648.0625 0.0784284033689
3656.0625 0.0784283693147
3664.0625 0.0784283352606
3672.0625 0.0784283012064
3680.0625 0.0784282671523
3688.0625 0.0784282330981
3696.0625 0.078428199044
3704.0625 0.0784281649898
3712.0625 0.0783587969414
3720.0625 0.0783587628872
3728.0625 0.078358728833
3736.0625 0.0783586947789
3744.0625 0.0783586607247
3752.0625 0.0783586266706
3760.0625 0.0783585926164
3768.0625 0.0783585585623
3776.0625 0.0782879645642
3784.0625 0.0782879305101
3792.0625 0.0782878964559
3800.0625 0.0782878624018
3808.0625 0.0782878283476
3816.0625 0.0782877942935
3824.0625 0.0782877602393
3832.0625 0.0782877261851
3840.0625 0.0782159062375
3848.0625 0.0782158721834
3856.0625 0.0782158381292
3864.0625 0.0782158040751
3872.0625 0.0782157700209
3880.0625 0.0782157359667
3888.0625 0.0782157019126
3896.0625 0.0782156678584
3904.0625 0.0781426219612
3912.0625 0.0781425879071
3920.0625 0.0781425538529
3928.0625 0.0781425197987
3936.0625 0.0781424857446
3944.0625 0.0781424516904
3952.0625 0.0781424176363
3960.0625 0.0781423835821
3968.0625 0.0780681117353
3976.0625 0.0780680776812
3984.0625 0.078068043627
3992.0625 0.0780680095728
4000.0625 0.0780679755187
4008.0625 0.0780679414645
4016.0625 0.0780679074104
4024.0625 0.0780678733562
4032.0625 0.0779923755598
4040.0625 0.0779923415057
4048.0625 0.0779923074515
4056.0625 0.0779922733974
4064.0625 0.0779922393432
4072.0625 0.077992205289
4080.0625 0.0779921712349
4088.0625 0.0779921371807
4096.0625 0.0779153793806
4112.0625 0.0779153112723
4128.0625 0.077915243164
4144.0625 0.0779151750556
4160.0625 0.0778371913059
4176.0625 0.0778371231976
4192.0625 0.0778370550893
4208.0625 0.077836986981
4224.0625 0.0777577772816
4240.0625 0.0777577091733
4256.0625 0.077757641065
4272.0625 0.0777575729567
4288.0625 0.0776771373078
4304.0625 0.0776770691994
4320.0625 0.0776770010911
4336.0625 0.0776769329828
4352.0625 0.0775952713843
4368.0625 0.077595203276
4384.0625 0.0775951351677
4400.0625 0.0775950670594
4416.0625 0.0775121795112
4432.0625 0.0775121114029
4448.0625 0.0775120432946
4464.0625 0.0775119751863
4480.0625 0.0774278616886
4496.0625 0.0774277935803
4512.0625 0.077427725472
4528.0625 0.0774276573637
4544.0625 0.0773423179163
4560.0625 0.077342249808
4576.0625 0.0773421816997
4592.0625 0.0773421135914
4608.0625 0.0772555481945
4624.0625 0.0772554800862
4640.0625 0.0772554119779
4656.0625 0.0772553438696
4672.0625 0.0771675525231
4688.0625 0.0771674844148
4704.0625 0.0771674163065
4720.0625 0.0771673481982
4736.0625 0.0770783309021
4752.0625 0.0770782627938
4768.0625 0.0770781946854
4784.0625 0.0770781265771
4800.0625 0.0769878833315
4816.0625 0.0769878152231
4832.0625 0.0769877471148
4848.0625 0.0769876790065
4864.0625 0.0768962098112
4880.0625 0.0768961417029
4896.0625 0.0768960735946
4912.0625 0.0768960054863
4928.0625 0.0768033103414
4944.0625 0.0768032422331
4960.0625 0.0768031741248
4976.0625 0.0768031060165
4992.0625 0.076709184922
5008.0625 0.0767091168137
5024.0625 0.0767090487054
5040.0625 0.0767089805971
5056.0625 0.0766138335531
5072.0625 0.0766137654448
5088.0625 0.0766136973364
5104.0625 0.0766136292281
5120.0625 0.0765172562345
5136.0625 0.0765171881262
5152.0625 0.0765171200179
5168.0625 0.0765170519095
5184.0625 0.0764194529663
5200.0625 0.076419384858
5216.0625 0.0764193167497
5232.0625 0.0764192486414
5248.0625 0.0763204237485
5264.0625 0.0763203556402
5280.0625 0.0763202875319
5296.0625 0.0763202194236
5312.0625 0.0762201685812
5328.0625 0.0762201004729
5344.0625 0.0762200323646
5360.0625 0.0762199642562
5376.0625 0.0761186874642
5392.0625 0.0761186193559
5408.0625 0.0761185512476
5424.0625 0.0761184831393
5440.0625 0.0760159803977
5456.0625 0.0760159122894
5472.0625 0.0760158441811
5488.0625 0.0760157760727
5504.0625 0.0759120473815
5520.0625 0.0759119792732
5536.0625 0.0759119111649
5552.0625 0.0759118430566
5568.0625 0.0758068884158
5584.0625 0.0758068203075
5600.0625 0.0758067521992
5616.0625 0.0758066840909
5632.0625 0.0757005035005
5648.0625 0.0757004353922
5664.0625 0.0757003672839
5680.0625 0.0757002991755
5696.0625 0.0755928926356
5712.0625 0.0755928245272
5728.0625 0.0755927564189
5744.0625 0.0755926883106
5760.0625 0.075484055821
5776.0625 0.0754839877127
5792.0625 0.0754839196044
5808.0625 0.0754838514961
5824.0625 0.0753739930569
5840.0625 0.0753739249486
5856.0625 0.0753738568403
5872.0625 0.075373788732
5888.0625 0.0752627043432
5904.0625 0.0752626362349
5920.0625 0.0752625681266
5936.0625 0.0752625000183
5952.0625 0.0751501896799
5968.0625 0.0751501215716
5984.0625 0.0751500534633
6000.0625 0.075149985355
6016.0625 0.0750364490671
6032.0625 0.0750363809587
6048.0625 0.0750363128504
6064.0625 0.0750362447421
6080.0625 0.0749214825046
6096.0625 0.0749214143963
6112.0625 0.074921346288
6128.0625 0.0749212781796
6144.0625 0.0748052899925
6160.0625 0.0748052218842
6176.0625 0.0748051537759
6192.0625 0.0748050856676
6208.0625 0.0746878715308
6224.0625 0.0746878034225
6240.0625 0.0746877353142
6256.0625 0.0746876672059
6272.0625 0.0745692271196
6288.0625 0.0745691590113
6304.0625 0.074569090903
6320.0625 0.0745690227946
6336.0625 0.0744493567587
6352.0625 0.0744492886504
6368.0625 0.0744492205421
6384.0625 0.0744491524338
6400.0625 0.0743282604483
6416.0625 0.07432819234
6432.0625 0.0743281242317
6448.0625 0.0743280561233
6464.0625 0.0742059381882
6480.0625 0.0742058700799
6496.0625 0.0742058019716
6512.0625 0.0742057338633
6528.0625 0.0740823899786
6544.0625 0.0740823218703
6560.0625 0.074082253762
6576.0625 0.0740821856537
6592.0625 0.0739576158194
6608.0625 0.0739575477111
6624.0625 0.0739574796028
6640.0625 0.0739574114944
6656.0625 0.0738316157106
6672.0625 0.0738315476022
6688.0625 0.0738314794939
6704.0625 0.0738314113856
6720.0625 0.0737043896521
6736.0625 0.0737043215438
6752.0625 0.0737042534355
6768.0625 0.0737041853272
6784.0625 0.0735759376441
6800.0625 0.0735758695358
6816.0625 0.0735758014275
6832.0625 0.0735757333192
6848.0625 0.0734462596865
6864.0625 0.0734461915782
6880.0625 0.0734461234699
6896.0625 0.0734460553616
6912.0625 0.0733153557793
6928.0625 0.073315287671
6944.0625 0.0733152195627
6960.0625 0.0733151514544
6976.0625 0.0731832259226
6992.0625 0.0731831578142
7008.0625 0.0731830897059
7024.0625 0.0731830215976
7040.0625 0.0730498701162
7056.0625 0.0730498020079
7072.0625 0.0730497338996
7088.0625 0.0730496657912
7104.0625 0.0729152883602
7120.0625 0.0729152202519
7136.0625 0.0729151521436
7152.0625 0.0729150840353
7168.0625 0.0727794806546
7184.0625 0.0727794125463
7200.0625 0.072779344438
7216.0625 0.0727792763297
7232.0625 0.0726424469995
7248.0625 0.0726423788912
7264.0625 0.0726423107829
7280.0625 0.0726422426745
7296.0625 0.0725041873947
7312.0625 0.0725041192864
7328.0625 0.0725040511781
7344.0625 0.0725039830698
7360.0625 0.0723647022394
7376.0625 0.0723646385209
7392.0625 0.0723645649586
7408.0625 0.0723644984466
7424.0625 0.072223987676
7440.0625 0.0722239247556
7456.0625 0.0722238538538
7472.0625 0.0722237866766
7488.0625 0.0720820560755
7504.0625 0.0720819827792
7520.0625 0.0720819197258
7536.0625 0.072081848691
7552.0625 0.0719388910761
7568.0625 0.0719388234998
7584.0625 0.0719387508687
7600.0625 0.0719386899437
7616.0625 0.0717944989298
7632.0625 0.0717944344132
7648.0625 0.071794361383
7664.0625 0.0717942973984
7680.0625 0.0716488825633
7696.0625 0.0716488128587
7712.0625 0.071648747677
7728.0625 0.0716486839584
7744.0625 0.0715020418435
7760.0625 0.0715019741343
7776.0625 0.0715019080213
7792.0625 0.0715018389819
7808.0625 0.0713539765044
7824.0625 0.071353907864
7840.0625 0.0713538405538
7856.0625 0.0713537724455
7872.0625 0.0712046809588
7888.0625 0.0712046120524
7904.0625 0.0712045456734
7920.0625 0.0712044766339
7936.0625 0.0710541595967
7952.0625 0.0710540956122
7968.0625 0.0710540251094
7984.0625 0.071053956203
8000.0625 0.0709024238581
8016.0625 0.0709023582773
8032.0625 0.0709022800592
8048.0625 0.0709022123499
8064.0625 0.0707494500648
8080.0625 0.0707493822225
8096.0625 0.0707493109216
8112.0625 0.0707492494645
8128.0625 0.0705952489916
8144.0625 0.0705951807502
8160.0625 0.0705951121098
8176.0625 0.0705950426713
8192.0625 0.0704397543925
8224.0625 0.0704396260243
8256.0625 0.0702832988278
8288.0625 0.0702832296553
8320.0625 0.0702658608389
8352.0625 0.0702657929966
8384.0625 0.0702482926194
8416.0625 0.0702482230478
8448.0625 0.0702305837935
8480.0625 0.0702305120935
8512.0625 0.0702127360904
8544.0625 0.0702126731701
8576.0625 0.0701947578908
8608.0625 0.0701946891174
8640.0625 0.0701766452039
8672.0625 0.0701765729719
8704.0625 0.0701583919106
8736.0625 0.070158322339
8768.0625 0.0701400021346
8800.0625 0.0701399320309
8832.0625 0.0701214710871
8864.0625 0.0701214052402
8896.0625 0.0701028161942
8928.0625 0.0701027508793
8960.0625 0.0700840124473
8992.0625 0.0700839454032
9024.0625 0.0700650798002
9056.0625 0.0700650112928
9088.0625 0.0700460090741
9120.0625 0.0700459413649
9152.0625 0.0700268037277
9184.0625 0.0700267378808
9216.0625 0.0700074617656
9248.0625 0.0700073937903
9280.0625 0.0699879807934
9312.0625 0.0699879133502
9344.0625 0.0699683727832
9376.0625 0.0699682992209
9408.0625 0.0699486157861
9440.0625 0.0699485480768
9472.0625 0.069928726563
9504.0625 0.0699286668352
9536.0625 0.0699087059123
9568.0625 0.0699086415286
9600.0625 0.0698885454532
9632.0625 0.0698884740193
9664.0625 0.0698682487775
9696.0625 0.0698681833297
9728.0625 0.0698478141559
9760.0625 0.0698477501714
9792.0625 0.0698272446479
9824.0625 0.0698271811955
9856.0625 0.0698065417168
9888.0625 0.0698064793286
9920.0625 0.0697856984454
9952.0625 0.0697856336627
9984.0625 0.0697647213517
10016.0625 0.0697646584313
10048.0625 0.0697436128303
10080.0625 0.0697435420615
10112.0625 0.0697223582485
10144.0625 0.0697222969244
10176.0625 0.0697009748994
10208.0625 0.0697009057269
10240.0625 0.0696794546685
10272.0625 0.0696793872254
10304.0625 0.0696577944964
10336.0625 0.0696577275853
10368.0625 0.0696359977086
10400.0625 0.0696359351873
10432.0625 0.0696140697591
10464.0625 0.0696140000545
10496.0625 0.0695920049278
10528.0625 0.0695919400121
10560.0625 0.0695698029487
10592.0625 0.0695697316478
10624.0625 0.0695474583679
10656.0625 0.0695473931861
10688.0625 0.069524985951
10720.0625 0.069524914251
10752.0625 0.0695023777165
10784.0625 0.0695023022918
10816.0625 0.069479625816
10848.0625 0.0694795561114
10880.0625 0.0694567415566
10912.0625 0.0694566714529
10944.0625 0.069433717622
10976.0625 0.0694336572291
11008.0625 0.0694105613284
11040.0625 0.0694104945504
11072.0625 0.069387267222
11104.0625 0.0693872047007
11136.0625 0.0693638391603
11168.0625 0.0693637783683
11200.0625 0.0693402780746
11232.0625 0.0693402059755
11264.0625 0.0693165783778
11296.0625 0.0693165084071
11328.0625 0.0692927351481
11360.0625 0.0692926650444
11392.0625 0.0692687615548
11424.0625 0.0692686935795
11456.0625 0.0692446541393
11488.0625 0.069244585765
11520.0625 0.069220403856
11552.0625 0.069220337477
11584.0625 0.0691960216129
11616.0625 0.0691959517752
11648.0625 0.069171502488
11680.0625 0.0691714406318
11712.0625 0.0691468491418
11744.0625 0.0691467794372
11776.0625 0.0691220582488
11808.0625 0.0691219917368
11840.0625 0.0690971340657
11872.0625 0.0690970684849
11904.0625 0.069072062492
11936.0625 0.0690719971772
11968.0625 0.0690468686691
12000.0625 0.0690467956389
12032.0625 0.0690215275887
12064.0625 0.0690214613427
12096.0625 0.0689960558786
12128.0625 0.0689959944215
12160.0625 0.0689704507454
12192.0625 0.068970387426
12224.0625 0.0689447058039
12256.0625 0.0689446371635
12288.0625 0.0689188226505
12320.0625 0.0689187544092
12352.0625 0.068892806606
12384.0625 0.0688927358372
12416.0625 0.0688666604641
12448.0625 0.0688665908925
12480.0625 0.068840364537
12512.0625 0.0688402958966
12544.0625 0.0688139389115
12576.0625 0.0688138725325
12608.0625 0.0687873783996
12640.0625 0.068787308695
12672.0625 0.0687606774144
12704.0625 0.0687606124986
12736.0625 0.0687338461986
12768.0625 0.0687337798196
12800.0625 0.0687068715828
12832.0625 0.0687068030755
12864.0625 0.0686797619477
12896.0625 0.0686797039492
12928.0625 0.0686525208848
12960.0625 0.0686524518453
12992.0625 0.068625141876
13024.0625 0.0686250731026
13056.0625 0.0685976245222
13088.0625 0.0685975544185
13120.0625 0.068569972282
13152.0625 0.068569906036
13184.0625 0.0685421870177
13216.0625 0.0685421193085
13248.0625 0.0685142654038
13280.0625 0.0685141927727
13312.0625 0.0684862047798
13344.0625 0.0684861407952
13376.0625 0.0684580031503
13408.0625 0.0684579331796
13440.0625 0.0684296750149
13472.0625 0.0684296108973
13504.0625 0.0684012037456
13536.0625 0.0684011361694
13568.0625 0.0683726047733
13600.0625 0.0683725373301
13632.0625 0.068343862002
13664.0625 0.0683437868434
13696.0625 0.0683149751656
13728.0625 0.0683149067913
13760.0625 0.0682859626215
13792.0625 0.0682858974398
13824.0625 0.0682568138608
13856.0625 0.0682567436241
13888.0625 0.0682275231635
13920.0625 0.0682274675594
13952.0625 0.0681981076895
13984.0625 0.0681980343933
14016.0625 0.0681685489487
14048.0625 0.0681684800423
14080.0625 0.0681388538583
14112.0625 0.0681387809611
14144.0625 0.0681090188265
14176.0625 0.0681089600299
14208.0625 0.0680790558256
14240.0625 0.0680789833275
14272.0625 0.0680489483606
14304.0625 0.0680488769267
14336.0625 0.0680187094679
14368.0625 0.0680186375019
14400.0625 0.0679883310329
14432.0625 0.0679882613283
14464.0625 0.0679578163813
14496.0625 0.0679577477409
14528.0625 0.0679271722973
14560.0625 0.0679271025927
14592.0625 0.0678963864097
14624.0625 0.0678963131135
14656.0625 0.0678654664338
14688.0625 0.0678654023163
14720.0625 0.0678344071818
14752.0625 0.0678343356149
14784.0625 0.0678032153048
14816.0625 0.0678031430728
14848.0625 0.0677718844177
14880.0625 0.0677718127177
14912.0625 0.0677404189102
14944.0625 0.0677403527973
14976.0625 0.0677088138605
15008.0625 0.0677087458852
15040.0625 0.0676770795115
15072.0625 0.0676770090087
15104.0625 0.0676452000332
15136.0625 0.0676451445621
15168.0625 0.0676131888611
15200.0625 0.0676131206197
15232.0625 0.0675810432017
15264.0625 0.0675809749603
15296.0625 0.0675487597294
15328.0625 0.0675486940155
15360.0625 0.0675163404395
15392.0625 0.0675162752577
15424.0625 0.0674837838688
15456.0625 0.0674837137651
15488.0625 0.0674510954713
15520.0625 0.0674510277621
15552.0625 0.0674182680637
15584.0625 0.0674181998223
15616.0625 0.0673853057697
15648.0625 0.0673852425832
15680.0625 0.0673522022041
15712.0625 0.0673521355591
15744.0625 0.0673189660136
15776.0625 0.0673188960429
15808.0625 0.0672855920102
15840.0625 0.0672855196451
15872.0625 0.0672520852487
15904.0625 0.0672520155441
15936.0625 0.0672184425367
15968.0625 0.0672183711028
16000.0625 0.067184657489
16032.0625 0.0671845877844
16064.0625 0.0671507456694
16096.0625 0.0671506699787
16128.0625 0.0671166891196
16160.0625 0.0671166158233
16192.0625 0.0670824919633
16224.0625 0.0670824233229
16256.0625 0.0670481656408
16288.0625 0.0670481079083
16320.0625 0.0670137035007
16352.0625 0.0670136365896
16384.0625 0.0669790450171
16448.0625 0.0669442991367
16512.0625 0.0669094270164
16576.0625 0.0668744333122
16640.0625 0.0668392827727
16704.0625 0.0668040025347
16768.0625 0.0667685823554
16832.0625 0.0667330264916
16896.0625 0.0666973471815
16960.0625 0.0666615159579
17024.0625 0.0666255592927
17088.0625 0.0665894568331
17152.0625 0.0665532351839
17216.0625 0.0665168592269
17280.0625 0.0664803563649
17344.0625 0.0664437103691
17408.0625 0.0664069316152
17472.0625 0.0663700193052
17536.0625 0.0663329639944
17600.0625 0.0662957751274
17664.0625 0.0662584548327
17728.0625 0.0662209891427
17792.0625 0.0661833989421
17856.0625 0.0661456697315
17920.0625 0.0661077936623
17984.0625 0.0660697970733
18048.0625 0.0660316557542
18112.0625 0.0659933808789
18176.0625 0.0659549626037
18240.0625 0.0659164129008
18304.0625 0.0658777263161
18368.0625 0.0658389087027
18432.0625 0.0657999495517
18496.0625 0.065760852987
18560.0625 0.0657216259256
18624.0625 0.0656822578587
18688.0625 0.0656427557036
18752.0625 0.0656031215886
18816.0625 0.0655633418123
18880.0625 0.0655234335348
18944.0625 0.0654833826555
19008.0625 0.0654432014127
19072.0625 0.0654028923337
19136.0625 0.065362424424
19200.0625 0.0653218300085
19264.0625 0.0652811008396
19328.0625 0.0652402417062
19392.0625 0.0651992313245
19456.0625 0.0651580993588
19520.0625 0.0651168376947
19584.0625 0.0650754150714
19648.0625 0.0650338660753
19712.0625 0.0649921921697
19776.0625 0.0649503635571
19840.0625 0.0649084174842
19904.0625 0.064866325617
19968.0625 0.0648240983313
20032.0625 0.0647817329667
20096.0625 0.0647392285919
20160.0625 0.064696601968
20224.0625 0.0646538236968
20288.0625 0.0646109234424
20352.0625 0.0645678707426
20416.0625 0.0645246947294
20480.0625 0.0644813726558
20544.0625 0.064437922081
20608.0625 0.0643943451334
20672.0625 0.0643506106853
20736.0625 0.0643067460066
20800.0625 0.0642627472398
20864.0625 0.0642186117242
20928.0625 0.0641743518311
20992.0625 0.0641299329743
21056.0625 0.0640853924005
21120.0625 0.0640407137477
21184.0625 0.0639958976811
21248.0625 0.0639509487234
21312.0625 0.0639058723288
21376.0625 0.0638606388327
21440.0625 0.0638152778996
21504.0625 0.0637697883323
21568.0625 0.0637241476496
21632.0625 0.0636783819243
21696.0625 0.0636324751936
21760.0625 0.0635864382323
21824.0625 0.0635402582702
21888.0625 0.0634939495407
21952.0625 0.06344748943
22016.0625 0.0634009072031
22080.0625 0.0633541920853
22144.0625 0.0633073258521
22208.0625 0.0632603365716
22272.0625 0.0632132044234
22336.0625 0.0631659335311
22400.0625 0.063118542518
22464.0625 0.0630709954678
22528.0625 0.0630233148614
22592.0625 0.0629755109417
22656.0625 0.0629275513839
22720.0625 0.0628794882004
22784.0625 0.0628312539479
22848.0625 0.0627828907952
22912.0625 0.0627343968798
22976.0625 0.0626857715366
23040.0625 0.0626370018624
23104.0625 0.0625881018246
23168.0625 0.06253906996
23232.0625 0.0624898974889
23296.0625 0.062440587205
23360.0625 0.0623911407044
23424.0625 0.0623415706245
23488.0625 0.062291848099
23552.0625 0.0622419877607
23616.0625 0.0621919849535
23680.0625 0.0621418629569
23744.0625 0.0620916011519
23808.0625 0.0620411935526
23872.0625 0.0619906691582
23936.0625 0.0619399903229
24000.0625 0.0618891743398
24064.0625 0.061838233048
24128.0625 0.0617871579341
24192.0625 0.0617359406174
24256.0625 0.0616845877493
24320.0625 0.0616330954719
24384.0625 0.0615814664459
24448.0625 0.0615297062581
24512.0625 0.0614778036016
24576.0625 0.0614257671228
24640.0625 0.0613736012117
24704.0625 0.0613212909695
24768.0625 0.061268857281
24832.0625 0.0612162674223
24896.0625 0.0611635506586
24960.0625 0.0611107023341
25024.0625 0.0610577224489
25088.0625 0.0610046056819
25152.0625 0.0609513328777
25216.0625 0.0608979330356
25280.0625 0.0608444044262
25344.0625 0.0607907350773
25408.0625 0.0607369220625
25472.0625 0.0606829801473
25536.0625 0.0606289214371
25600.0625 0.0605746876672
25664.0625 0.0605203450837
25728.0625 0.0604658726686
25792.0625 0.0604112323773
25856.0625 0.0603564742266
25920.0625 0.0603015777309
25984.0625 0.0602465559266
26048.0625 0.0601913766218
26112.0625 0.0601360817191
26176.0625 0.0600806483384
26240.0625 0.0600250639754
26304.0625 0.0599693677392
26368.0625 0.0599134965763
26432.0625 0.0598575188612
26496.0625 0.0598013917601
26560.0625 0.0597451434741
26624.0625 0.0596887378207
26688.0625 0.0596322181656
26752.0625 0.0595755487255
26816.0625 0.0595187574353
26880.0625 0.0594618082456
26944.0625 0.0594047302886
27008.0625 0.0593475247616
27072.0625 0.0592901761007
27136.0625 0.059232690558
27200.0625 0.0591750662713
27264.0625 0.0591173090936
27328.0625 0.0590594167634
27392.0625 0.0590013969962
27456.0625 0.0589432262467
27520.0625 0.0588849265969
27584.0625 0.0588264872718
27648.0625 0.0587679158539
27712.0625 0.0587092150036
27776.0625 0.0586503666296
27840.0625 0.0585913906855
27904.0625 0.0585322718737
27968.0625 0.0584730075335
28032.0625 0.0584136149582
28096.0625 0.0583540870974
28160.0625 0.0582944254144
28224.0625 0.0582346365604
28288.0625 0.0581746933985
28352.0625 0.0581146458128
28416.0625 0.0580544159841
28480.0625 0.0579940750803
28544.0625 0.0579335954325
28608.0625 0.0578729802331
28672.0625 0.0578122370647
28736.0625 0.0577513337353
28800.0625 0.057690325982
28864.0625 0.0576291512835
28928.0625 0.0575678580606
28992.0625 0.0575064270248
29056.0625 0.0574448443416
29120.0625 0.0573831440651
29184.0625 0.0573212983933
29248.0625 0.057259327945
29312.0625 0.0571972164912
29376.0625 0.0571349544542
29440.0625 0.0570725629848
29504.0625 0.0570100436793
29568.0625 0.0569473868269
29632.0625 0.0568845860425
29696.0625 0.0568216639402
29760.0625 0.0567585973738
29824.0625 0.0566953823525
29888.0625 0.056632050004
29952.0625 0.056568576251
30016.0625 0.0565049491213
30080.0625 0.0564412053294
30144.0625 0.0563773210642
30208.0625 0.0563132940642
30272.0625 0.0562491442829
30336.0625 0.0561848459138
30400.0625 0.0561204405934
30464.0625 0.0560558571538
30528.0625 0.0559911445479
30592.0625 0.0559263119542
30656.0625 0.0558613346304
30720.0625 0.0557962276082
30784.0625 0.0557309782502
30848.0625 0.055665594804
30912.0625 0.0556000715495
30976.0625 0.0555344111472
31040.0625 0.0554686189181
31104.0625 0.0554027001831
31168.0625 0.05533662581
31232.0625 0.0552704253301
31296.0625 0.0552040938216
31360.0625 0.0551376378025
31424.0625 0.0550710048614
31488.0625 0.0550042619095
31552.0625 0.0549373869977
31616.0625 0.0548703559156
31680.0625 0.0548032065752
31744.0625 0.0547359093121
31808.0625 0.054668484878
31872.0625 0.0546009238282
31936.0625 0.054533222704
32000.0625 0.0544654027894
32064.0625 0.0543974232459
32128.0625 0.0543293064217
32192.0625 0.0542610705409
32256.0625 0.054192684742
32320.0625 0.0541241749647
32384.0625 0.0540555102143
32448.0625 0.05398671816
32512.0625 0.0539178030584
32576.0625 0.0538487324518
32640.0625 0.053779539862
32704.0625 0.0537102063999
32768.0625 0.0535711326879
32896.0625 0.0534315037337
33024.0625 0.053291346807
33152.0625 0.0531506315784
33280.0625 0.0530093765382
33408.0625 0.052867573971
33536.0625 0.0527252303951
33664.0625 0.052582327054
33792.0625 0.0524389146298
33920.0625 0.0522949081203
34048.0625 0.0521503820189
34176.0625 0.052005316771
34304.0625 0.0518597130418
34432.0625 0.0517135495474
34560.0625 0.0515668337371
34688.0625 0.0514196012615
34816.0625 0.0512717913285
34944.0625 0.0511234619366
35072.0625 0.0509745653302
35200.0625 0.0508251549849
35328.0625 0.0506751613292
35456.0625 0.0505246564621
35584.0625 0.0503735934261
35712.0625 0.0502219661021
35840.0625 0.0500698226448
35968.0625 0.0499171270047
36096.0625 0.0497638825074
36224.0625 0.0496100991297
36352.0625 0.0494557538584
36480.0625 0.04930087117
36608.0625 0.0491454639678
36736.0625 0.0489894922115
36864.0625 0.0488329867628
36992.0625 0.0486759152967
37120.0625 0.0485183126657
37248.0625 0.0483601658333
37376.0625 0.0482014798544
37504.0625 0.0480422629766
37632.0625 0.0478824657148
37760.0625 0.0477221330313
37888.0625 0.0475612580088
38016.0625 0.047399867385
38144.0625 0.0472378825429
38272.0625 0.0470753852921
38400.0625 0.0469123244185
38528.0625 0.0467487315817
38656.0625 0.0465845968049
38784.0625 0.0464199111756
38912.0625 0.0462546768221
39040.0625 0.0460888978682
39168.0625 0.0459225683277
39296.0625 0.0457557122781
39424.0625 0.0455883037796
39552.0625 0.0454203440295
39680.0625 0.0452518485915
39808.0625 0.0450828064247
39936.0625 0.0449132066212
40064.0625 0.044743083235
40192.0625 0.0445723959598
40320.0625 0.0444011699373
40448.0625 0.0442294017088
40576.0625 0.0440571180121
40704.0625 0.0438842365054
40832.0625 0.0437108294206
40960.0625 0.0435368841206
41088.0625 0.0433623867708
41216.0625 0.0431873537331
41344.0625 0.0430117631917
41472.0625 0.0428356377606
41600.0625 0.0426589694584
41728.0625 0.0424817572209
41856.0625 0.0423039826907
41984.0625 0.0421256898989
42112.0625 0.0419468274981
42240.0625 0.0417674345974
42368.0625 0.0415874855232
42496.0625 0.0414070015592
42624.0625 0.0412259703344
42752.0625 0.0410444236414
42880.0625 0.0408622891152
43008.0625 0.0406796091903
43136.0625 0.040496395307
43264.0625 0.0403126315022
43392.0625 0.0401283422525
43520.0625 0.0399434966963
43648.0625 0.039758098159
43776.0625 0.0395721660624
43904.0625 0.0393856864387
44032.0625 0.0391986728566
44160.0625 0.0390110899315
44288.0625 0.0388229725158
44416.0625 0.0386343187472
44544.0625 0.0384451253001
44672.0625 0.0382553589183
44800.0625 0.0380650813252
44928.0625 0.0378742305315
45056.0625 0.0376828717189
45184.0625 0.0374909154954
45312.0625 0.0372984501888
45440.0625 0.0371054329655
45568.0625 0.0369118942879
45696.0625 0.036717762057
45824.0625 0.0365231014547
45952.0625 0.036327908357
46080.0625 0.0361321836953
46208.0625 0.0359358962089
46336.0625 0.0357390618606
46464.0625 0.0355416843752
46592.0625 0.0353437578995
46720.0625 0.0351453418953
46848.0625 0.0349463284802
46976.0625 0.0347468207477
47104.0625 0.0345467315671
47232.0625 0.0343461074968
47360.0625 0.034144977137
47488.0625 0.0339432763701
47616.0625 0.0337410436401
47744.0625 0.0335382478192
47872.0625 0.0333348927653
48000.0625 0.0331309794095
48128.0625 0.0329265654842
48256.0625 0.0327215517535
48384.0625 0.0325160500906
48512.0625 0.0323099894606
48640.0625 0.0321033295574
48768.0625 0.0318962479679
48896.0625 0.0316886703317
49024.0625 0.0314803121105
49152.0625 0.0312715086577
49280.0625 0.0310622384236
49408.0625 0.0308523691823
49536.0625 0.0306419832755
49664.0625 0.030430973353
49792.0625 0.03021949053
49920.0625 0.0300075780393
50048.0625 0.0297949102381
50176.0625 0.0295816990336
50304.0625 0.0293681252056
50432.0625 0.0291538688313
50560.0625 0.0289390505634
50688.0625 0.0287238428011
50816.0625 0.0285080525265
50944.0625 0.0282915693296
51072.0625 0.0280746867946
51200.0625 0.0278572158942
51328.0625 0.0276393105373
51456.0625 0.0274206726169
51584.0625 0.027201771176
51712.0625 0.026982056293
51840.0625 0.0267618477578
51968.0625 0.0265411425108
52096.0625 0.0263201205335
52224.0625 0.0260982748714
52352.0625 0.0258755640209
52480.0625 0.0256530461883
52608.0625 0.025430015814
52736.0625 0.0252057786456
52864.0625 0.0249811781885
52992.0625 0.0247568671918
53120.0625 0.0245315645008
53248.0625 0.0243043634236
53376.0625 0.0240778313244
53504.0625 0.0238506885118
53632.0625 0.0236228893586
53760.0625 0.0233947459391
53888.0625 0.023165763537
54016.0625 0.0229362708546
54144.0625 0.0227070756141
54272.0625 0.0224759999456
54400.0625 0.0222451532115
54528.0625 0.0220139342761
54656.0625 0.0217816926519
54784.0625 0.0215499807294
54912.0625 0.0213160269527
55040.0625 0.0210824765049
55168.0625 0.0208486114552
55296.0625 0.0206141714756
55424.0625 0.0203792893241
55552.0625 0.0201438552559
55680.0625 0.019906652899
55808.0625 0.0196700049863
55936.0625 0.0194326689402
56064.0625 0.0191945910191
56192.0625 0.0189558555601
56320.0625 0.0187169011435
56448.0625 0.018477676023
56576.0625 0.0182365398791
56704.0625 0.0179965602462
56832.0625 0.0177548904098
56960.0625 0.0175131239979
57088.0625 0.017271384856
57216.0625 0.0170279319653
57344.0625 0.0167842207419
57472.0625 0.0165403363212
57600.0625 0.0162964093328
57728.0625 0.0160514279959
57856.0625 0.015805622974
57984.0625 0.0155587902084
58112.0625 0.0153124216967
58240.0625 0.015064880312
58368.0625 0.0148173306798
58496.0625 0.0145687046171
58624.0625 0.0143196349191
58752.0625 0.0140706672507
58880.0625 0.0138200870647
59008.0625 0.0135697954079
59136.0625 0.0133195119985
59264.0625 0.0130668115423
59392.0625 0.012815736773
59520.0625 0.0125631124065
59648.0625 0.0123097069229
59776.0625 0.012057971157
59904.0625 0.0118024814527
60032.0625 0.0115466756832
60160.0625 0.0112909460034
60288.0625 0.0110345464146
60416.0625 0.0107789764967
60544.0625 0.0105217288796
60672.0625 0.0102640079629
60800.0625 0.0100056257837
60928.0625 0.00974739059609
61056.0625 0.00948823714348
61184.0625 0.00923033571319
61312.0625 0.00896802347162
61440.0625 0.00870797929002
61568.0625 0.00844385619214
61696.0625 0.00818391523719
61824.0625 0.00791957597524
61952.0625 0.00766042797662
62080.0625 0.0073947091223
62208.0625 0.0071298545252
62336.0625 0.00686570828114
62464.0625 0.00660071666927
62592.0625 0.00633500938805
62720.0625 0.00606992199887
62848.0625 0.00580186657722
62976.0625 0.00553548167151
63104.0625 0.00526884934108
63232.0625 0.00499916224649
63360.0625 0.00473012444227
63488.0625 0.00446028011326
63616.0625 0.0041910174984
63744.0625 0.00391947791098
63872.0625 0.00365115457889
64000.0625 0.00337739827879
64128.0625 0.00310650053238
64256.0625 0.00283196018856
64384.0625 0.00255941986124
64512.0625 0.00228697531124
64640.0625 0.00201008030881
64768.0625 0.00173828890686
64896.0625 0.00146079742462
65024.0625 0.00118526951029
65152.0625 0.000909456126363
65280.0625 0.000629500373693
65408.0625 0.000353505278922
65536.0625 4.3657427184e-05
