0 1
0.0625 0.879719525351
0.125 0.788385472851
0.1875 0.605897159295
0.25 0.600323624595
0.3125 0.554836389788
0.375 0.383135562747
0.4375 0.349694354549
0.5 0.304207119741
11.875 0.298655528091
11.9375 0.29292485284
12.0 0.292745769238
94.8125 0.292387602035
95.0625 0.202129466826
95.3125 0.201771299623
2024.0625 0.201769860116
2028.0625 0.196015385127
2032.0625 0.190311693501
2036.0625 0.19030994912
16096.0625 0.190278943624
16128.0625 0.141159305395
16160.0625 0.0995035598126
16192.0625 0.0993354795052
258560.0625 0.0993329261245
259072.0625 0.0992904537544
259584.0625 0.0909185853431
260096.0625 0.088404159836
261632.0625 0.0883226166308
2060288.0625 0.0883083660495
2064384.0625 0.0879650388301
2068480.0625 0.0205730147437
2072576.0625 0.0015552667567
2093056.0625 0.000584392970296
