0 1
0.0625 0.749173542735
0.125 0.748165184626
0.1875 0.390744554902
0.25 0.390741787194
0.3125 0.390738359277
0.375 0.390733553622
0.4375 0.390728442503
0.5 0.39072195749
0.5625 0.390718007417
0.625 0.390713035749
0.6875 0.390707340611
0.75 0.390696052041
0.8125 0.390686222992
0.875 0.39067472472
0.9375 0.390662886383
1.0 0.390649688483
1.0625 0.390636196302
1.125 0.39062697958
1.1875 0.39061781109
1.25 0.390606848256
1.3125 0.390588605641
1.375 0.390571061682
1.4375 0.390552665985
1.5 0.390532839077
1.5625 0.390512726626
1.625 0.390491272786
1.6875 0.390477915512
1.75 0.390463552372
1.8125 0.390448446888
1.875 0.390422299234
1.9375 0.390398204905
2.0 0.390371962186
2.0625 0.390345314744
2.125 0.390317340241
2.1875 0.39028909138
2.25 0.390270602716
2.3125 0.390252165429
2.375 0.390231927157
2.4375 0.390199037606
2.5 0.390167443659
2.5625 0.390134514615
2.625 0.390100103681
2.6875 0.390065427125
2.75 0.390029441684
2.8125 0.390006935493
2.875 0.389983439162
2.9375 0.389959180567
3.0 0.389918610356
3.0625 0.389880667703
3.125 0.389840114269
3.1875 0.389799094249
3.25 0.389756779674
3.3125 0.38971421066
3.375 0.389686707986
3.4375 0.389659259834
3.5 0.389630004057
3.5625 0.389582904448
3.625 0.38953767747
3.6875 0.38949064881
3.75 0.389442090378
3.8125 0.389393286246
3.875 0.389343205733
3.9375 0.389311808207
4.0 0.389279436268
4.0625 0.389246283193
4.125 0.389191728003
4.1875 0.389140355031
4.25 0.389085925662
4.3125 0.389030970642
4.375 0.388974753569
4.4375 0.388918301981
4.5 0.388882043229
4.5625 0.388845842145
4.625 0.388807826795
4.6875 0.388746954005
4.75 0.388688511303
4.8125 0.388627817108
4.875 0.388565548056
4.9375 0.388503053226
5.0 0.388439314168
5.0625 0.38839928289
5.125 0.388358292927
5.1875 0.388316502605
5.25 0.388248398615
5.3125 0.388184011929
5.375 0.388116140008
5.4375 0.388047686516
5.5 0.387978003475
5.5625 0.38790810584
5.625 0.387863348943
5.6875 0.38781865286
5.75 0.38777213587
5.8125 0.387697926776
5.875 0.387626685654
5.9375 0.387552760007
6.0 0.387477217213
6.0625 0.387401468562
6.125 0.387324508536
6.1875 0.387276102138
6.25 0.387226752783
6.3125 0.387176583845
6.375 0.387095368631
6.4375 0.387018386238
6.5 0.386937506545
6.5625 0.386855991458
6.625 0.386773279327
6.6875 0.386690372522
6.75 0.386637375413
6.8125 0.386584442263
6.875 0.386529681566
6.9375 0.386442573046
7.0 0.386358950811
7.0625 0.386272227792
7.125 0.386183848133
7.1875 0.386095282539
7.25 0.386005538074
7.3125 0.385949014139
7.375 0.385891562974
7.4375 0.385833273005
7.5 0.385739383095
7.5625 0.385650221599
7.625 0.385556767519
7.6875 0.385462627365
7.75 0.385367322671
7.8125 0.385271843225
7.875 0.385210863487
7.9375 0.385149950853
8.0 0.385087204381
8.0625 0.384987633314
8.125 0.38489204727
8.1875 0.384792960962
8.25 0.384692181316
8.3125 0.384591235656
8.375 0.38448914363
8.4375 0.38442476009
8.5 0.384359465049
8.5625 0.384293311979
8.625 0.384187184251
8.6875 0.384086261659
8.75 0.38398066797
8.8125 0.383874340327
8.875 0.383766880647
8.9375 0.383659266137
9.0 0.383590562401
9.0625 0.383521928914
9.125 0.383451454601
9.1875 0.383339857863
9.25 0.383232725316
9.3125 0.383121709801
9.375 0.383008967045
9.4375 0.382896078198
9.5 0.382782075488
9.5625 0.382710090276
9.625 0.38263720929
9.6875 0.382563451054
9.75 0.382445522386
9.8125 0.382333255653
9.875 0.382215956088
9.9375 0.382097877483
10.0 0.381978699345
10.0625 0.381859386299
10.125 0.381783216148
10.1875 0.381707119393
10.25 0.38162917517
10.3125 0.381505989639
10.375 0.381387727896
10.4375 0.381265217254
10.5 0.381140948267
10.5625 0.38101655311
10.625 0.380891076244
10.6875 0.380811746943
10.75 0.380731537596
10.8125 0.380650431776
10.875 0.380521138696
10.9375 0.380397944777
11.0 0.38026937307
11.0625 0.380139980381
11.125 0.380009520662
11.1875 0.379878945958
11.25 0.379795567325
11.3125 0.379712265234
11.375 0.379627109033
11.4375 0.379492771588
11.5 0.379363797953
11.5625 0.379230226267
11.625 0.379094867926
11.6875 0.378959403337
11.75 0.378822889891
11.8125 0.378736475133
11.875 0.378649196057
11.9375 0.378561001284
12.0 0.378420781369
12.0625 0.37828707827
12.125 0.378147669199
12.1875 0.378007399305
12.25 0.377866094884
12.3125 0.377724695398
12.375 0.377634366216
12.4375 0.377544116721
12.5 0.377452006476
12.5625 0.377306953994
12.625 0.377167685772
12.6875 0.377023487124
12.75 0.376877476307
12.8125 0.376731379163
12.875 0.376584265666
12.9375 0.376491023034
13.0 0.376396931811
13.0625 0.37630190567
13.125 0.376151195447
13.1875 0.376007400124
13.25 0.375857587422
13.3125 0.375706877199
13.375 0.375555164953
13.4375 0.375403377565
13.5 0.375306355766
13.5625 0.375209416799
13.625 0.375110610443
13.6875 0.374955279801
13.75 0.374806134299
13.8125 0.37465174277
13.875 0.374495516354
13.9375 0.374339223533
14.0 0.374181946864
14.0625 0.37408213429
14.125 0.373981488853
14.1875 0.373879888926
14.25 0.373719124924
14.3125 0.373565654332
14.375 0.373405871732
14.4375 0.373245157709
14.5 0.373083474167
14.5625 0.372921735403
14.625 0.37281827892
14.6875 0.372714908415
14.75 0.372609663879
14.8125 0.372444491956
14.875 0.372285886479
14.9375 0.37212173615
15.0 0.371955731014
15.0625 0.371789679394
15.125 0.371622676429
15.1875 0.371516551846
15.25 0.371409610128
15.3125 0.371301695046
15.375 0.371131314841
15.4375 0.370968586987
15.5 0.370799269269
15.5625 0.370628989022
15.625 0.37045777176
15.6875 0.370286519198
15.75 0.370176885963
15.8125 0.370067341852
15.875 0.369955917069
15.9375 0.369781340742
16.0 0.369613692246
16.0625 0.369440216851
16.125 0.369264869172
16.1875 0.369089494931
16.25 0.36891320185
16.3125 0.368801022492
16.375 0.368688041726
16.4375 0.368574068373
16.5 0.368394507796
16.5625 0.368222938934
16.625 0.368044519132
16.6875 0.367865108491
16.75 0.367684793338
16.8125 0.367504462807
16.875 0.367388910054
16.9375 0.36727344957
17.0 0.367156101775
17.0625 0.366972557222
17.125 0.366796283013
17.1875 0.366613916632
17.25 0.366429663988
17.3125 0.366245404704
17.375 0.366060259082
17.4375 0.36594228358
17.5 0.365823522398
17.5625 0.365703749407
17.625 0.365515446033
17.6875 0.365335454169
17.75 0.365148367063
17.8125 0.364960263604
17.875 0.364771288137
17.9375 0.364582317214
18.0 0.364461103575
18.0625 0.36433998535
18.125 0.364216973173
18.1875 0.364024897972
18.25 0.363840415355
18.3125 0.363649592071
18.375 0.363456870989
18.4375 0.363264163189
18.5 0.363070601555
18.5625 0.362947087493
18.625 0.362822803477
18.6875 0.36269748878
18.75 0.362500879487
18.8125 0.362312881928
18.875 0.362117561599
18.9375 0.3619212022
19.0 0.361724003297
19.0625 0.361526828859
19.125 0.361400212266
19.1875 0.361273694233
19.25 0.361145275607
19.3125 0.360945106635
19.375 0.360752833615
19.4375 0.360553988208
19.5 0.360353236266
19.5625 0.360152517527
19.625 0.359950977457
19.6875 0.359822183466
19.75 0.359692635249
19.8125 0.359562036778
19.875 0.359357558444
19.9375 0.359161972494
20.0 0.358958853024
20.0625 0.358754674563
20.125 0.358549689102
20.1875 0.358344748027
20.25 0.358212986413
20.3125 0.358081326504
20.375 0.357947759362
20.4375 0.357739933496
20.5 0.35754028703
20.5625 0.357333853231
20.625 0.357125506957
20.6875 0.356917213807
20.75 0.356708131831
20.8125 0.356574315494
20.875 0.356439760658
20.9375 0.356304136346
21.0 0.356092225849
21.0625 0.355889468813
21.125 0.355678984285
21.1875 0.355467423639
21.25 0.355255088497
21.3125 0.355042817663
21.375 0.35490616896
21.4375 0.354769625108
21.5 0.354631167382
21.5625 0.354416121501
21.625 0.354209518893
21.6875 0.353995930786
21.75 0.353780427057
21.8125 0.353564996374
21.875 0.353348809368
21.9375 0.353210228617
22.0 0.353070925096
22.0625 0.352930532876
22.125 0.352711627093
22.1875 0.352502116277
22.25 0.352284700772
22.3125 0.352066194819
22.375 0.351846946874
22.4375 0.351627783158
22.5 0.3514865053
22.5625 0.351345335437
22.625 0.35120224506
22.6875 0.350980416041
22.75 0.350767274597
22.8125 0.350546965913
22.875 0.350324741257
22.9375 0.350102609569
23.0 0.349879754063
23.0625 0.349736666482
23.125 0.349592871858
23.1875 0.349447969312
23.25 0.349222505121
23.3125 0.349006657832
23.375 0.34878274543
23.4375 0.348557731049
23.5 0.348332007178
23.5625 0.348106387458
23.625 0.347960738376
23.6875 0.347815200435
23.75 0.34766773534
23.8125 0.347439560061
23.875 0.347220297087
23.9375 0.346993702606
24.0 0.346765194601
24.0625 0.346536799485
24.125 0.346307712704
24.1875 0.346160376575
24.25 0.34601234913
24.3125 0.345863194541
24.375 0.345631608471
24.4375 0.345409841663
24.5 0.345179866098
24.5625 0.344948779816
24.625 0.344717016548
24.6875 0.344485377353
24.75 0.34433561463
24.8125 0.344185966194
24.875 0.344034383963
24.9375 0.343800298952
25.0 0.343575331404
25.0625 0.34334288451
25.125 0.343108529333
25.1875 0.342874306968
25.25 0.342639425791
25.3125 0.342488099046
25.375 0.342336096714
25.4375 0.342182948014
25.5 0.341945677291
25.5625 0.34171840862
25.625 0.341482804323
25.6875 0.341246083367
25.75 0.341008717929
25.8125 0.340771496485
25.875 0.340617878404
25.9375 0.340464377756
26.0 0.340308936672
26.0625 0.340069379156
26.125 0.339839124688
26.1875 0.339601259812
26.25 0.339361494691
26.3125 0.339121882304
26.375 0.338881643608
26.4375 0.33872658418
26.5 0.338570864892
26.5625 0.338413980015
26.625 0.338171461517
26.6875 0.337939108289
26.75 0.337698309341
26.8125 0.337456390589
26.875 0.337213859858
26.9375 0.336971493044
27.0 0.336814277537
27.0625 0.336657182609
27.125 0.336498140604
27.1875 0.336253547461
27.25 0.33601842338
27.3125 0.335775574602
27.375 0.335530836416
27.4375 0.335286270884
27.5 0.335041111547
27.5625 0.334882577369
27.625 0.334723399058
27.6875 0.334563035935
27.75 0.33431570654
27.8125 0.33407868606
27.875 0.333833126194
27.9375 0.333586446174
28.0 0.333339186679
28.0625 0.333092111022
28.125 0.332931555673
28.1875 0.332771124047
28.25 0.332608738705
28.3125 0.332359546812
28.375 0.332119970424
28.4375 0.331872571827
28.5 0.331623297452
28.5625 0.331374215653
28.625 0.331124572553
28.6875 0.330962821557
28.75 0.330800442156
28.8125 0.33063685872
28.875 0.330385155305
28.9375 0.330143884879
29.0 0.329893998876
29.0625 0.329642995164
29.125 0.329391444482
29.1875 0.329140097559
29.25 0.328976460999
29.3125 0.328812951308
29.375 0.328647481259
29.4375 0.328394127495
29.5 0.328150516104
29.5625 0.32789900177
29.625 0.327645628084
29.6875 0.327392466896
29.75 0.327138776911
29.8125 0.326974067029
29.875 0.326808744471
29.9375 0.326642198654
30.0 0.326386558098
30.0625 0.326141455031
30.125 0.325887676622
30.1875 0.325632785748
30.25 0.325377380406
30.3125 0.325122198746
30.375 0.324955738558
30.4375 0.324789408384
30.5 0.324621111213
30.5625 0.324364032455
30.625 0.324116803366
30.6875 0.323861607377
30.75 0.323604571258
30.8125 0.323347767558
30.875 0.323090467565
30.9375 0.322923056731
31.0 0.322755048947
31.0625 0.322585798683
31.125 0.322326657863
31.1875 0.322078139461
31.25 0.321820902728
31.3125 0.321562561568
31.375 0.321303738445
31.4375 0.321045158925
31.5 0.320876133041
31.5625 0.320707240318
31.625 0.320536373956
31.6875 0.320276007082
31.75 0.320025577602
31.8125 0.319767134038
31.875 0.319506872364
31.9375 0.319246863031
32.0 0.318986389908
32.0625 0.318646100628
32.1875 0.318212198943
32.3125 0.317700420838
32.4375 0.317177261544
32.5625 0.316744386696
32.6875 0.316400011037
32.8125 0.31588357966
32.9375 0.315359271553
33.0625 0.314833283389
33.1875 0.314488639312
33.3125 0.314049922536
33.4375 0.313532972847
33.5625 0.313004692299
33.6875 0.312567242817
33.8125 0.312218766798
33.9375 0.311697555281
34.0625 0.311168515963
34.1875 0.310637896546
34.3125 0.310289413887
34.4375 0.309846576829
34.5625 0.309325308343
34.6875 0.308792781692
34.8125 0.308351453785
34.9375 0.307999393972
35.0625 0.307474256496
35.1875 0.306941356927
35.3125 0.306406980012
35.4375 0.306055174636
35.5625 0.305608912108
35.6875 0.305084175511
35.8125 0.304548275816
35.9375 0.304103763595
36.0625 0.303748635502
36.1875 0.303220426251
36.3125 0.30268453739
36.4375 0.302147276733
36.5625 0.301792664506
36.6875 0.301343671317
36.8125 0.300816317998
36.9375 0.300277919012
37.0625 0.299830917287
37.1875 0.29947323678
37.3125 0.298942809939
37.4375 0.298404802745
37.5625 0.297865532101
37.6875 0.297508628887
37.8125 0.297057599848
37.9375 0.296528481194
38.0625 0.295988456674
38.1875 0.295539660255
38.3125 0.295179943199
38.4375 0.294648152949
38.5625 0.294108898383
38.6875 0.293568491507
38.8125 0.293209813171
38.9375 0.292757443093
39.0625 0.29222741049
39.1875 0.291686634191
39.3125 0.291236737889
39.4375 0.290875499799
39.5625 0.290343199626
39.6875 0.289803567947
39.8125 0.289262897896
39.9375 0.288902960304
40.0625 0.288449943647
40.1875 0.287919847784
40.3125 0.287379192762
40.4375 0.286928890688
40.5625 0.28656664743
40.6875 0.286034692216
40.8125 0.285495555082
40.9375 0.284955496311
41.0625 0.284594814628
41.1875 0.284141846202
41.3125 0.283612539166
41.4375 0.283072879876
41.5625 0.282622867539
41.6875 0.282260135328
41.8125 0.281729379255
41.9375 0.281191607626
42.0625 0.28065303389
42.1875 0.280292124681
42.3125 0.279839899647
42.4375 0.279312232824
42.5625 0.278774443021
42.6875 0.278325415231
42.8125 0.277962709932
42.9375 0.277434007184
43.0625 0.27689847202
43.1875 0.276362257073
43.3125 0.276001636204
43.4375 0.275550849371
43.5625 0.275025674149
43.6875 0.274490627588
43.8125 0.274043279157
43.9375 0.273681116634
44.0625 0.273155321395
44.1875 0.272622893654
44.3125 0.272089911253
44.4375 0.271730094588
44.5625 0.271281440767
44.6875 0.270759608533
44.8125 0.27022817897
44.9375 0.269783204707
45.0625 0.269422100826
45.1875 0.268900067279
45.3125 0.268371617921
45.4375 0.26784274182
45.5625 0.267484245226
45.6875 0.267038419226
45.8125 0.266520781367
45.9375 0.265993842558
46.0625 0.265551936574
46.1875 0.265192406501
46.3125 0.26467498813
46.4375 0.264151387765
46.5625 0.263627491721
46.6875 0.263270831061
46.8125 0.262828527694
46.9375 0.262315935598
47.0625 0.261794361297
47.1875 0.261356219801
47.3125 0.260998780799
47.4375 0.260486833186
47.5625 0.259968953472
47.6875 0.259450911239
47.8125 0.259096602379
47.9375 0.258658516454
48.0625 0.258151821159
48.1875 0.257636484423
48.3125 0.257202800827
48.4375 0.256847967364
48.5625 0.256342343293
48.6875 0.255831054141
48.8125 0.255319738777
48.9375 0.254968296883
49.0625 0.254535122512
49.1875 0.254035175404
49.3125 0.253526950687
49.4375 0.253098420501
49.5625 0.252746709141
49.6875 0.252248263494
49.8125 0.251744436563
49.9375 0.251240722521
50.0625 0.250892664158
50.1875 0.25046509685
50.3125 0.249972749666
50.4375 0.249472510724
50.5625 0.249049828757
50.6875 0.248701755365
50.8125 0.248211342327
50.9375 0.247715848576
51.0625 0.247220609612
51.1875 0.246876450644
51.3125 0.246455185209
51.4375 0.245971289337
51.5625 0.245479909925
51.6875 0.245063770988
51.8125 0.244719851429
51.9375 0.244238325182
52.0625 0.24375203557
52.1875 0.243266145439
52.3125 0.242926401732
52.4375 0.242512132981
52.5625 0.242037539809
52.6875 0.241555893682
52.8125 0.241146992585
52.9375 0.240807742725
53.0625 0.240335957103
53.1875 0.239859741891
53.3125 0.239384073649
53.4375 0.239049260369
53.5625 0.238642683112
53.6875 0.238178244025
53.8125 0.23770720494
53.9375 0.237306236494
54.0625 0.236972172197
54.1875 0.236510982082
54.3125 0.236045713627
54.4375 0.235581142428
54.5625 0.235251776838
54.6875 0.234853585885
54.8125 0.234400152272
54.9375 0.233940593983
55.0625 0.233548252998
55.1875 0.233219890129
55.3125 0.232770149356
55.4375 0.232316697918
55.5625 0.231864096819
55.6875 0.231540694085
55.8125 0.231151584247
55.9375 0.230710007494
56.0625 0.230262803408
56.1875 0.229879783994
56.3125 0.22955763772
56.4375 0.229120199772
56.5625 0.228679435612
56.6875 0.228239677669
56.8125 0.227922752958
56.9375 0.227543418345
57.0625 0.227114549142
57.1875 0.226680573013
57.3125 0.22630757068
57.4375 0.225992157566
57.5625 0.225567877326
57.6875 0.225140672102
57.8125 0.224714631769
57.9375 0.224404701644
58.0625 0.224035837767
58.1875 0.223620528198
58.3125 0.223200654132
58.4375 0.222838363691
58.5625 0.222530199601
58.6875 0.222119931251
58.8125 0.221707155923
58.9375 0.221295706955
59.0625 0.220993287283
59.1875 0.220635588951
59.3125 0.220234690405
59.4375 0.219829792156
59.5625 0.219478908417
59.6875 0.219178509216
59.8125 0.218783106941
59.9375 0.218385632468
60.0625 0.217989648621
60.1875 0.217695255266
60.3125 0.217349417289
60.4375 0.216963781153
60.5625 0.216574732478
60.6875 0.216235949552
60.8125 0.215943830407
60.9375 0.21556414769
61.0625 0.215182844682
61.1875 0.214803199711
61.3125 0.214517348538
61.4375 0.214184065727
61.5625 0.213814543388
61.6875 0.213442218041
61.8125 0.213116232137
61.9375 0.212832910311
62.0625 0.212469802734
62.1875 0.212105542849
62.3125 0.21174311051
62.4375 0.211466317384
62.5625 0.21114628455
62.6875 0.210793727395
62.8125 0.210438999132
62.9375 0.210126504361
63.0625 0.209852495019
63.1875 0.209506816067
63.3125 0.209160469914
63.4375 0.208816123963
63.5625 0.208548904749
63.6875 0.208242816702
63.8125 0.207908076118
63.9375 0.207571818695
64.0625 0.207009327827
64.3125 0.206354368823
64.5625 0.205771852181
64.8125 0.205164329707
65.0625 0.204563987406
65.3125 0.204001890077
65.5625 0.20338843096
65.8125 0.202865791725
66.0625 0.20227254257
66.3125 0.201761711965
66.5625 0.20118606339
66.8125 0.200665815449
67.0625 0.200129546679
67.3125 0.199602360771
67.5625 0.199103336
67.8125 0.198574090126
68.0625 0.198106963019
68.3125 0.197598364684
68.5625 0.197144037044
68.8125 0.196654598068
69.0625 0.196202176613
69.3125 0.195743346337
69.5625 0.195295591086
69.8125 0.194865119065
70.0625 0.194427065294
70.3125 0.194020293015
70.5625 0.193603246071
70.8125 0.193210264798
71.0625 0.192813983175
71.3125 0.192434948086
71.5625 0.192059741094
71.8125 0.19169590131
72.0625 0.191335630293
72.3125 0.190975726603
72.5625 0.190616201773
72.8125 0.190257066987
73.0625 0.189898333429
73.3125 0.189540012285
73.5625 0.189182114737
73.8125 0.188824651969
74.0625 0.188467635166
74.3125 0.188111075513
74.5625 0.187754984192
74.8125 0.187399372388
75.0625 0.187044251285
75.3125 0.186689632067
75.5625 0.186335525918
75.8125 0.185981944022
76.0625 0.185628897564
76.3125 0.185276397727
76.5625 0.184924455696
76.8125 0.184573082654
77.0625 0.184222289786
77.3125 0.183872086877
77.5625 0.18352248686
77.8125 0.183173501617
78.0625 0.182825141283
78.3125 0.182477417044
78.5625 0.182130340083
78.8125 0.181783921583
79.0625 0.18143817273
79.3125 0.181093104707
79.5625 0.180748728698
79.8125 0.180405053092
80.0625 0.180062093616
80.3125 0.179719859356
80.5625 0.179378361847
80.8125 0.179037612273
81.0625 0.178697621817
81.3125 0.178358401664
81.5625 0.178019962998
81.8125 0.177682317003
82.0625 0.177345474863
82.3125 0.177009447762
82.5625 0.176674246884
82.8125 0.176339883413
83.0625 0.176006368533
83.3125 0.175673713429
83.5625 0.175341929284
83.8125 0.175011027282
84.0625 0.174681018608
84.3125 0.174351914446
84.5625 0.174023725979
84.8125 0.173696464392
85.0625 0.173370140869
85.3125 0.173044766593
85.5625 0.17272035275
85.8125 0.172396910522
86.0625 0.172074451095
86.3125 0.171752984603
86.5625 0.17143252293
86.8125 0.171113079007
87.0625 0.170794662621
87.3125 0.170477284955
87.5625 0.170160957193
87.8125 0.169845687724
88.0625 0.169531491925
88.3125 0.169218379584
88.5625 0.168906361883
88.8125 0.168595450006
89.0625 0.168285655139
89.3125 0.167976988465
89.5625 0.167669461168
89.8125 0.167363084431
90.0625 0.16705786944
90.3125 0.166753827379
90.5625 0.16645096943
90.8125 0.166149306779
91.0625 0.165848850609
91.3125 0.165549612105
91.5625 0.165251602451
91.8125 0.16495483283
92.0625 0.164659314427
92.3125 0.164365058425
92.5625 0.16407207601
92.8125 0.163780378364
93.0625 0.163489976672
93.3125 0.163200882119
93.5625 0.162913105887
93.8125 0.162626659162
94.0625 0.162341553127
94.3125 0.162057798967
94.5625 0.161775407865
94.8125 0.161494391005
95.0625 0.161214759572
95.3125 0.160936524749
95.5625 0.160659697721
95.8125 0.160384285828
96.0625 0.160110305145
96.3125 0.159837766859
96.5625 0.159566681452
96.8125 0.159297059761
97.0625 0.159028912969
97.3125 0.158762252259
97.5625 0.158497088818
97.8125 0.158233433827
98.0625 0.157971298472
98.3125 0.157710693936
98.5625 0.157451631404
98.8125 0.157194122059
99.0625 0.156938177086
99.3125 0.156683807669
99.5625 0.156431024992
99.8125 0.156179840238
100.0625 0.155930264592
100.3125 0.155682309239
100.5625 0.155435985361
100.8125 0.155191304144
101.0625 0.15494827677
101.3125 0.154706914425
101.5625 0.154467228293
101.8125 0.154229229557
102.0625 0.153992929401
102.3125 0.15375833901
102.5625 0.153525469567
102.8125 0.153294332257
103.0625 0.153064938264
103.3125 0.152837298772
103.5625 0.152611422867
103.8125 0.152387324531
104.0625 0.152165014247
104.3125 0.151944503201
104.5625 0.151725802576
104.8125 0.151508923556
105.0625 0.151293877326
105.3125 0.151080675068
105.5625 0.150869327969
105.8125 0.150659846861
106.0625 0.15045224223
106.3125 0.150246527008
106.5625 0.150042712379
106.8125 0.149840808828
107.0625 0.149640827538
107.3125 0.149442779694
107.5625 0.149246676481
107.8125 0.149052529081
108.0625 0.148860348679
108.3125 0.14867014646
108.5625 0.148481933607
108.8125 0.148295721305
109.0625 0.148111520736
109.3125 0.147929343087
109.5625 0.147749199539
109.8125 0.147571101279
110.0625 0.147395059489
110.3125 0.147221085354
110.5625 0.147049190058
110.8125 0.146879384784
111.0625 0.146711680718
111.3125 0.146546089042
111.5625 0.146382618146
111.8125 0.146221283756
112.0625 0.146062094961
112.3125 0.145905063292
112.5625 0.145750199935
112.8125 0.145597516073
113.0625 0.145447022891
113.3125 0.145298731572
113.5625 0.145152653301
113.8125 0.145008799262
114.0625 0.144867180639
114.3125 0.144727808615
114.5625 0.144590694375
114.8125 0.144455849104
115.0625 0.144323283984
115.3125 0.144193010201
115.5625 0.144065038937
115.8125 0.143939381378
116.0625 0.143816048708
116.3125 0.14369505211
116.5625 0.14357640137
116.8125 0.14346010942
117.0625 0.143346188144
117.3125 0.143234647676
117.5625 0.143125499201
117.8125 0.143018753903
118.0625 0.142914422965
118.3125 0.142812517573
118.5625 0.14271304891
118.8125 0.142616028159
119.0625 0.142521466506
119.3125 0.142429375135
119.5625 0.142339762432
119.8125 0.142252643777
120.0625 0.142168028955
120.3125 0.142085929151
120.5625 0.142006355549
120.8125 0.141929319332
121.0625 0.141854831684
121.3125 0.141782903791
121.5625 0.141713546836
121.8125 0.141646772002
122.0625 0.141582590474
122.3125 0.141521013437
122.5625 0.141462052074
122.8125 0.141405717568
123.0625 0.141352021106
123.3125 0.141300973869
123.5625 0.141252587043
123.8125 0.141206871811
124.0625 0.141163839358
124.3125 0.141123500868
124.5625 0.141085867524
124.8125 0.141050950511
125.0625 0.141018768702
125.3125 0.140989317204
125.5625 0.140962615588
125.8125 0.14093867504
126.0625 0.140917506743
126.3125 0.140899122231
126.5625 0.140883531638
126.8125 0.140870747199
127.0625 0.140860779747
127.3125 0.140853640466
127.5625 0.140849341939
127.8125 0.140847889408
128.0625 0.14084783943
128.5625 0.140847789101
129.0625 0.140847738773
129.5625 0.140847688445
130.0625 0.140847638116
130.5625 0.140847587788
131.0625 0.14084753746
131.5625 0.140847487131
132.0625 0.140847436803
132.5625 0.140847386475
133.0625 0.140847336147
133.5625 0.140847285818
134.0625 0.14084723549
134.5625 0.140847185162
135.0625 0.140847131338
135.5625 0.14084707402
136.0625 0.140847020896
136.5625 0.140846967771
137.0625 0.140846914647
137.5625 0.140846861523
138.0625 0.140846808398
138.5625 0.140846755274
139.0625 0.140846700053
139.5625 0.140846646579
140.0625 0.140846593454
140.5625 0.14084654033
141.0625 0.140846487206
141.5625 0.140846434081
142.0625 0.140846380957
142.5625 0.140846327833
143.0625 0.14084626632
143.5625 0.14084621075
144.0625 0.140846154829
144.5625 0.140846098909
145.0625 0.140846042989
145.5625 0.140845987068
146.0625 0.140845931148
146.5625 0.140845875228
147.0625 0.140845819307
147.5625 0.140845763387
148.0625 0.140845707467
148.5625 0.140845651546
149.0625 0.140845595626
149.5625 0.140845539705
150.0625 0.140845483785
150.5625 0.140845427865
151.0625 0.140845361459
151.5625 0.140845302044
152.0625 0.140845243328
152.5625 0.140845184611
153.0625 0.140845125895
153.5625 0.140845067179
154.0625 0.140845008462
154.5625 0.140844949746
155.0625 0.140844891029
155.5625 0.140844832313
156.0625 0.140844773597
156.5625 0.14084471488
157.0625 0.140844656164
157.5625 0.140844597448
158.0625 0.140844538731
158.5625 0.140844480015
159.0625 0.140844411862
159.5625 0.14084435035
160.0625 0.140844288837
160.5625 0.140844227325
161.0625 0.140844165813
161.5625 0.1408441043
162.0625 0.140844042788
162.5625 0.140843981275
163.0625 0.140843919763
163.5625 0.140843856853
164.0625 0.140843794292
164.5625 0.140843732779
165.0625 0.140843671267
165.5625 0.140843609755
166.0625 0.140843548242
166.5625 0.140843484633
167.0625 0.140843415082
167.5625 0.140843350773
168.0625 0.140843286465
168.5625 0.140843222157
169.0625 0.140843157848
169.5625 0.14084309354
170.0625 0.140843029231
170.5625 0.140842964923
171.0625 0.140842900615
171.5625 0.140842836306
172.0625 0.140842771998
172.5625 0.14084270769
173.0625 0.140842643381
173.5625 0.140842579073
174.0625 0.140842514764
174.5625 0.140842442068
175.0625 0.140842375313
175.5625 0.140842308209
176.0625 0.140842241104
176.5625 0.140842172951
177.0625 0.140842104449
177.5625 0.140842037344
178.0625 0.14084197024
178.5625 0.140841903136
179.0625 0.140841836031
179.5625 0.140841768927
180.0625 0.140841701822
180.5625 0.140841634718
181.0625 0.140841567613
181.5625 0.140841500509
182.0625 0.140841433405
182.5625 0.140841357563
183.0625 0.140841287662
183.5625 0.140841217762
184.0625 0.140841147861
184.5625 0.140841077961
185.0625 0.140841008061
185.5625 0.14084093816
186.0625 0.14084086826
186.5625 0.140840798359
187.0625 0.140840728459
187.5625 0.140840662403
188.0625 0.140840592502
188.5625 0.140840522602
189.0625 0.140840452702
189.5625 0.140840382801
190.0625 0.140840312202
190.5625 0.140840235661
191.0625 0.140840162964
191.5625 0.140840090268
192.0625 0.140840015824
192.5625 0.140839940331
193.0625 0.140839864839
193.5625 0.140839789346
194.0625 0.140839713854
194.5625 0.140839638362
195.0625 0.140839562869
195.5625 0.140839487377
196.0625 0.140839411884
196.5625 0.140839336392
197.0625 0.140839260899
197.5625 0.140839185407
198.0625 0.140839106769
198.5625 0.140839015898
199.0625 0.14083893761
199.5625 0.140838859321
200.0625 0.140838781033
200.5625 0.140838702744
201.0625 0.140838624456
201.5625 0.140838546167
202.0625 0.140838467879
202.5625 0.14083838959
203.0625 0.140838311302
203.5625 0.140838233013
204.0625 0.140838154375
204.5625 0.14083807399
205.0625 0.140837995701
205.5625 0.140837917413
206.0625 0.140837822348
206.5625 0.140837741613
207.0625 0.140837660529
207.5625 0.140837579444
208.0625 0.14083749836
208.5625 0.140837417275
209.0625 0.140837336191
209.5625 0.140837255106
210.0625 0.140837174022
210.5625 0.140837092937
211.0625 0.140837011853
211.5625 0.140836930768
212.0625 0.140836849684
212.5625 0.140836768599
213.0625 0.140836687515
213.5625 0.14083660643
214.0625 0.140836507871
214.5625 0.14083642399
215.0625 0.14083634011
215.5625 0.140836256229
216.0625 0.140836172349
216.5625 0.140836088468
217.0625 0.140836004588
217.5625 0.140835920707
218.0625 0.140835836827
218.5625 0.140835752946
219.0625 0.140835666619
219.5625 0.140835582739
220.0625 0.140835498858
220.5625 0.140835414977
221.0625 0.140835331097
221.5625 0.140835241275
222.0625 0.140835144812
222.5625 0.140835058136
223.0625 0.140834971459
223.5625 0.140834884783
224.0625 0.140834798106
224.5625 0.14083471143
225.0625 0.140834624753
225.5625 0.140834538077
226.0625 0.1408344514
226.5625 0.140834364724
227.0625 0.140834278047
227.5625 0.14083419137
228.0625 0.140834104694
228.5625 0.140834018017
229.0625 0.140833931341
229.5625 0.140833827888
230.0625 0.140833738416
230.5625 0.140833648943
231.0625 0.140833559471
231.5625 0.140833469998
232.0625 0.140833380525
232.5625 0.140833291053
233.0625 0.14083320158
233.5625 0.140833112108
234.0625 0.140833020189
234.5625 0.140832930716
235.0625 0.140832841244
235.5625 0.140832751771
236.0625 0.140832662299
236.5625 0.140832572826
237.0625 0.140832483353
237.5625 0.140832376056
238.0625 0.140832283788
238.5625 0.140832191519
239.0625 0.140832099251
239.5625 0.140832006982
240.0625 0.140831914713
240.5625 0.140831822445
241.0625 0.140831730176
241.5625 0.140831637908
242.0625 0.140831545639
242.5625 0.140831453371
243.0625 0.140831361102
243.5625 0.140831268833
244.0625 0.140831176565
244.5625 0.140831084296
245.0625 0.140830977698
245.5625 0.140830880886
246.0625 0.140830785821
246.5625 0.140830690757
247.0625 0.140830595692
247.5625 0.140830500628
248.0625 0.140830405563
248.5625 0.140830310498
249.0625 0.140830215434
249.5625 0.140830118272
250.0625 0.140830033693
250.5625 0.140829938628
251.0625 0.140829843564
251.5625 0.140829748499
252.0625 0.140829653434
252.5625 0.14082955837
253.0625 0.140829446529
253.5625 0.140829348669
254.0625 0.140829250808
254.5625 0.140829152947
255.0625 0.140829055087
255.5625 0.140828955828
256.0625 0.140828755214
257.0625 0.140828553901
258.0625 0.140828352587
259.0625 0.140828151274
260.0625 0.140827949611
261.0625 0.140827728027
262.0625 0.140827521122
263.0625 0.140827314217
264.0625 0.140827107311
265.0625 0.140826898658
266.0625 0.140826691054
267.0625 0.140826484149
268.0625 0.140826251031
269.0625 0.140826037485
270.0625 0.140825824988
271.0625 0.140825612491
272.0625 0.140825399993
273.0625 0.140825187496
274.0625 0.140824974999
275.0625 0.140824762501
276.0625 0.140824521345
277.0625 0.140824303255
278.0625 0.140824085166
279.0625 0.140823867077
280.0625 0.140823648987
281.0625 0.140823430898
282.0625 0.140823210362
283.0625 0.140822992273
284.0625 0.140822744126
285.0625 0.140822520445
286.0625 0.140822296764
287.0625 0.140822073082
288.0625 0.140821849401
289.0625 0.140821625719
290.0625 0.140821402038
291.0625 0.140821178007
292.0625 0.14082092322
293.0625 0.140820693947
294.0625 0.140820464673
295.0625 0.1408202354
296.0625 0.140820006126
297.0625 0.140819776853
298.0625 0.14081954758
299.0625 0.140819288249
300.0625 0.140819053733
301.0625 0.140818818868
302.0625 0.140818584002
303.0625 0.140818349137
304.0625 0.140818114271
305.0625 0.140817879406
306.0625 0.14081764454
307.0625 0.140817381016
308.0625 0.140817140558
309.0625 0.140816900101
310.0625 0.140816659643
311.0625 0.140816419186
312.0625 0.140816165098
313.0625 0.14081592464
314.0625 0.140815684183
315.0625 0.140815427299
316.0625 0.14081518055
317.0625 0.140814932753
318.0625 0.140814686704
319.0625 0.140814438208
320.0625 0.140814186566
321.0625 0.140813934924
322.0625 0.140813681535
323.0625 0.140813400186
324.0625 0.140813142953
325.0625 0.140812885719
326.0625 0.140812628485
327.0625 0.140812371252
328.0625 0.140812114018
329.0625 0.140811856785
330.0625 0.1408115653
331.0625 0.140811295484
332.0625 0.140811032659
333.0625 0.140810769833
334.0625 0.140810506658
335.0625 0.140810241735
336.0625 0.14080997891
337.0625 0.140809716084
338.0625 0.14080941027
339.0625 0.140809141852
340.0625 0.140808873434
341.0625 0.140808605017
342.0625 0.140808336599
343.0625 0.140808068181
344.0625 0.140807799764
345.0625 0.140807531346
346.0625 0.140807218192
347.0625 0.140806944182
348.0625 0.140806670173
349.0625 0.140806396163
350.0625 0.140806122153
351.0625 0.140805848144
352.0625 0.140805574134
353.0625 0.14080526762
354.0625 0.140804977184
355.0625 0.140804697582
356.0625 0.140804417981
357.0625 0.140804138379
358.0625 0.140803858777
359.0625 0.140803579176
360.0625 0.140803299574
361.0625 0.140802977333
362.0625 0.140802692139
363.0625 0.140802406945
364.0625 0.140802121752
365.0625 0.140801836558
366.0625 0.140801551364
367.0625 0.14080126617
368.0625 0.140800980977
369.0625 0.140800651396
370.0625 0.14080036061
371.0625 0.140800069824
372.0625 0.140799776592
373.0625 0.140799485806
374.0625 0.14079919502
375.0625 0.140798918914
376.0625 0.140798609604
377.0625 0.140798274781
378.0625 0.140797978403
379.0625 0.140797682026
380.0625 0.140797385648
381.0625 0.14079708927
382.0625 0.140796792892
383.0625 0.140796493369
384.0625 0.140796149109
385.0625 0.140795841547
386.0625 0.140795533985
387.0625 0.140795226423
388.0625 0.140794918862
389.0625 0.1407946113
390.0625 0.140794303738
391.0625 0.140793996176
392.0625 0.140793625354
393.0625 0.1407933122
394.0625 0.140792999046
395.0625 0.140792685892
396.0625 0.140792372738
397.0625 0.140792059584
398.0625 0.140791746431
399.0625 0.140791408811
400.0625 0.140791057212
401.0625 0.140790738466
402.0625 0.14079041972
403.0625 0.140790100974
404.0625 0.140789782228
405.0625 0.140789463482
406.0625 0.140789144736
407.0625 0.140788766575
408.0625 0.140788442237
409.0625 0.140788117899
410.0625 0.140787793561
411.0625 0.140787469223
412.0625 0.140787142439
413.0625 0.140786818101
414.0625 0.140786493413
415.0625 0.140786107912
416.0625 0.140785777982
417.0625 0.140785448052
418.0625 0.140785118122
419.0625 0.140784788192
420.0625 0.140784458262
421.0625 0.140784128332
422.0625 0.140783740035
423.0625 0.140783404863
424.0625 0.14078306934
425.0625 0.140782733818
426.0625 0.140782398296
427.0625 0.140782062774
428.0625 0.140781727252
429.0625 0.14078139173
430.0625 0.140780996094
431.0625 0.14078065498
432.0625 0.140780312467
433.0625 0.140779970305
434.0625 0.140779629191
435.0625 0.140779288077
436.0625 0.140778946963
437.0625 0.140778577539
438.0625 0.140778212309
439.0625 0.140777865603
440.0625 0.140777518897
441.0625 0.140777172191
442.0625 0.140776825484
443.0625 0.140776478778
444.0625 0.140776132072
445.0625 0.1407757263
446.0625 0.140775374701
447.0625 0.140775014364
448.0625 0.140774656474
449.0625 0.140774298584
450.0625 0.140773940694
451.0625 0.140773582803
452.0625 0.140773224913
453.0625 0.140772785589
454.0625 0.140772420709
455.0625 0.140772057227
456.0625 0.140771693744
457.0625 0.140771330262
458.0625 0.14077096678
459.0625 0.140770603298
460.0625 0.140770185293
461.0625 0.140769793501
462.0625 0.140769424427
463.0625 0.140769055352
464.0625 0.140768686278
465.0625 0.140768317204
466.0625 0.14076794813
467.0625 0.140767579055
468.0625 0.140767130644
469.0625 0.140766755978
470.0625 0.140766381311
471.0625 0.140766006645
472.0625 0.140765631979
473.0625 0.140765257313
474.0625 0.140764882646
475.0625 0.140764479321
476.0625 0.140764048734
477.0625 0.140763668476
478.0625 0.140763288217
479.0625 0.140762907959
480.0625 0.140762527701
481.0625 0.140762147442
482.0625 0.140761767184
483.0625 0.140761308288
484.0625 0.140760922437
485.0625 0.140760536587
486.0625 0.140760150737
487.0625 0.140759764886
488.0625 0.140759379036
489.0625 0.140758993185
490.0625 0.140758599646
491.0625 0.140758140051
492.0625 0.140757748608
493.0625 0.140757357166
494.0625 0.140756965723
495.0625 0.140756574281
496.0625 0.140756182839
497.0625 0.14075578895
498.0625 0.140755318869
499.0625 0.140754922534
500.0625 0.140754525499
501.0625 0.140754128465
502.0625 0.14075373143
503.0625 0.140753334396
504.0625 0.140752937362
505.0625 0.140752539978
506.0625 0.140752074091
507.0625 0.140751671465
508.0625 0.140751268838
509.0625 0.140750866212
510.0625 0.140750455547
511.0625 0.14075004628
512.0625 0.14074915435
514.0625 0.140748302613
516.0625 0.140747474992
518.0625 0.140746647371
520.0625 0.140745714899
522.0625 0.140744876094
524.0625 0.140744037289
526.0625 0.140743198484
528.0625 0.140742254479
530.0625 0.140741404489
532.0625 0.1407405545
534.0625 0.140739704161
536.0625 0.140738746525
538.0625 0.140737885352
540.0625 0.140737024179
542.0625 0.140736083669
544.0625 0.140735188593
546.0625 0.140734316236
548.0625 0.140733443879
550.0625 0.140732469117
552.0625 0.140731585576
554.0625 0.140730702034
556.0625 0.140729818493
558.0625 0.140728829751
560.0625 0.140727935026
562.0625 0.140727045892
564.0625 0.140726150817
566.0625 0.140725145999
568.0625 0.140724240089
570.0625 0.140723334179
572.0625 0.140722330409
574.0625 0.140721368579
576.0625 0.140720440301
578.0625 0.140719512024
580.0625 0.140718455828
582.0625 0.140717516366
584.0625 0.140716576905
586.0625 0.140715637443
588.0625 0.140714566918
590.0625 0.140713613825
592.0625 0.140712663179
594.0625 0.140711692262
596.0625 0.140710627679
598.0625 0.140709665849
600.0625 0.140708704019
602.0625 0.140707616019
604.0625 0.140706643005
606.0625 0.140705669991
608.0625 0.140704696977
610.0625 0.140703594647
612.0625 0.140702610449
614.0625 0.140701623804
616.0625 0.140700639606
618.0625 0.140699522947
620.0625 0.140698527565
622.0625 0.140697532183
624.0625 0.140696439988
626.0625 0.140695377502
628.0625 0.140694370936
630.0625 0.140693364369
632.0625 0.140692201925
634.0625 0.140691184175
636.0625 0.14069016293
638.0625 0.140689129102
640.0625 0.140687938348
642.0625 0.14068689823
644.0625 0.140685858112
646.0625 0.140684762422
648.0625 0.140683615007
650.0625 0.140682563704
652.0625 0.140681512402
654.0625 0.14068030592
656.0625 0.140679243434
658.0625 0.140678180947
660.0625 0.140677118461
662.0625 0.1406758973
664.0625 0.14067482293
666.0625 0.140673747512
668.0625 0.140672645532
670.0625 0.140671438002
672.0625 0.140670353147
674.0625 0.140669268293
676.0625 0.140668028958
678.0625 0.140666932919
680.0625 0.140665836881
682.0625 0.140664740842
684.0625 0.140663486828
686.0625 0.140662379605
688.0625 0.140661272382
690.0625 0.140660148383
692.0625 0.140658863264
694.0625 0.140657744857
696.0625 0.14065662645
698.0625 0.140655323157
700.0625 0.140654173644
702.0625 0.140653032869
704.0625 0.140651892094
706.0625 0.140650562588
708.0625 0.140649410629
710.0625 0.14064825867
712.0625 0.140647079449
714.0625 0.140645762176
716.0625 0.140644599032
718.0625 0.140643433443
720.0625 0.140642085063
722.0625 0.140640910736
724.0625 0.140639736409
726.0625 0.140638562082
728.0625 0.140637198674
730.0625 0.140636013162
732.0625 0.140634827651
734.0625 0.140633600899
736.0625 0.140632263703
738.0625 0.140631067008
740.0625 0.140629870313
742.0625 0.140628488032
744.0625 0.140627277706
746.0625 0.140626069826
748.0625 0.140624861947
750.0625 0.140623431085
752.0625 0.140622212021
754.0625 0.140620992958
756.0625 0.140619680577
758.0625 0.140618327654
760.0625 0.140617097407
762.0625 0.140615867159
764.0625 0.140614389464
766.0625 0.140613136848
768.0625 0.140611884233
770.0625 0.140610631267
772.0625 0.140609152174
774.0625 0.140607888374
776.0625 0.140606624575
778.0625 0.140605145481
780.0625 0.140603868401
782.0625 0.140602593417
784.0625 0.140601318433
786.0625 0.140599821865
788.0625 0.140598535697
790.0625 0.140597249529
792.0625 0.140595935051
794.0625 0.140594451414
796.0625 0.140593154062
798.0625 0.14059185671
800.0625 0.140590338124
802.0625 0.140589029588
804.0625 0.140587721051
806.0625 0.140586412515
808.0625 0.140584881696
810.0625 0.140583561976
812.0625 0.140582254838
814.0625 0.14058081384
816.0625 0.140579351873
818.0625 0.140578020969
820.0625 0.140576690064
822.0625 0.140575102276
824.0625 0.140573760188
826.0625 0.140572416352
828.0625 0.140571022188
830.0625 0.140569426711
832.0625 0.140568062254
834.0625 0.140566697798
836.0625 0.140565078554
838.0625 0.140563702914
840.0625 0.140562327273
842.0625 0.140560951633
844.0625 0.140559316662
846.0625 0.140557929837
848.0625 0.140556543013
850.0625 0.140555005203
852.0625 0.140553505489
854.0625 0.140552107481
856.0625 0.140550709472
858.0625 0.140549051783
860.0625 0.140547642591
862.0625 0.140546233398
864.0625 0.140544780867
866.0625 0.140543114091
868.0625 0.140541693714
870.0625 0.140540273338
872.0625 0.140538598523
874.0625 0.140537166962
876.0625 0.140535735402
878.0625 0.140534302792
880.0625 0.140532573106
882.0625 0.140531130361
884.0625 0.140529687616
886.0625 0.140527951989
888.0625 0.140526495613
890.0625 0.140525015821
892.0625 0.140523547562
894.0625 0.140521784674
896.0625 0.140520308376
898.0625 0.140518832079
900.0625 0.140517203399
902.0625 0.140515576816
904.0625 0.140514089335
906.0625 0.140512601854
908.0625 0.140510817995
910.0625 0.14050931933
912.0625 0.140507820664
914.0625 0.14050625804
916.0625 0.140504522063
918.0625 0.140503009767
920.0625 0.140501499918
922.0625 0.140499653148
924.0625 0.140498132115
926.0625 0.140496611082
928.0625 0.140495065933
930.0625 0.140493269841
932.0625 0.140491737624
934.0625 0.140490205406
936.0625 0.140488250641
938.0625 0.140486707239
940.0625 0.140485163838
942.0625 0.140483602961
944.0625 0.140481735221
946.0625 0.140480180636
948.0625 0.140478623604
950.0625 0.140476733147
952.0625 0.140475167377
954.0625 0.140473571201
956.0625 0.140471987956
958.0625 0.140470076179
960.0625 0.140468488041
962.0625 0.140466899903
964.0625 0.140464999311
966.0625 0.140463377271
968.0625 0.140461777949
970.0625 0.14046017688
972.0625 0.14045823889
974.0625 0.140456628384
976.0625 0.140455017879
978.0625 0.140453110645
980.0625 0.140451426744
982.0625 0.140449805054
984.0625 0.140448182665
986.0625 0.140446176872
988.0625 0.140444543998
990.0625 0.140442911124
992.0625 0.140440994454
994.0625 0.140439278398
996.0625 0.14043763434
998.0625 0.140435989234
1000.0625 0.140433961772
1002.0625 0.140432306529
1004.0625 0.140430651287
1006.0625 0.1404287119
1008.0625 0.140426950758
1010.0625 0.140425282235
1012.0625 0.140423614061
1014.0625 0.140421564581
1016.0625 0.14041987299
1018.0625 0.140418159032
1020.0625 0.140416185742
1022.0625 0.140414391398
1024.0625 0.140410989694
1028.0625 0.140407195848
1032.0625 0.140403449534
1036.0625 0.140399902437
1040.0625 0.140396048127
1044.0625 0.140392580367
1048.0625 0.14038867503
1052.0625 0.14038516428
1056.0625 0.140381276768
1060.0625 0.140377401139
1064.0625 0.140373803363
1068.0625 0.140369835815
1072.0625 0.140366279281
1076.0625 0.140362280976
1080.0625 0.140358575904
1084.0625 0.140354594375
1088.0625 0.14035049122
1092.0625 0.140346845563
1096.0625 0.140342508591
1100.0625 0.140338840216
1104.0625 0.14033473042
1108.0625 0.140330662215
1112.0625 0.140326847399
1116.0625 0.140322703701
1120.0625 0.140318968222
1124.0625 0.14031474379
1128.0625 0.140310940507
1132.0625 0.140306732851
1136.0625 0.140302473468
1140.0625 0.140298652012
1144.0625 0.140294308399
1148.0625 0.140290461079
1152.0625 0.140286068885
1156.0625 0.140281907713
1160.0625 0.140277832518
1164.0625 0.140273405024
1168.0625 0.1402694906
1172.0625 0.140265089319
1176.0625 0.140261021464
1180.0625 0.140256526167
1184.0625 0.140252083296
1188.0625 0.140248108058
1192.0625 0.140243586549
1196.0625 0.140239564128
1200.0625 0.140234976214
1204.0625 0.140230360339
1208.0625 0.140226260329
1212.0625 0.140221595174
1216.0625 0.140217500756
1220.0625 0.1402128363
1224.0625 0.140208293821
1228.0625 0.140203997041
1232.0625 0.140199295888
1236.0625 0.140195135414
1240.0625 0.140190375544
1244.0625 0.140185769106
1248.0625 0.140181430736
1252.0625 0.140176279074
1256.0625 0.140172051496
1260.0625 0.140167165456
1264.0625 0.14016259187
1268.0625 0.140157996616
1272.0625 0.14015305151
1276.0625 0.140148734459
1280.0625 0.140143818013
1284.0625 0.140139229748
1288.0625 0.140134474422
1292.0625 0.140129524423
1296.0625 0.140125140268
1300.0625 0.140120099398
1304.0625 0.140115533153
1308.0625 0.140110685208
1312.0625 0.140105546128
1316.0625 0.140101092422
1320.0625 0.140095797465
1324.0625 0.140091015227
1328.0625 0.140086123944
1332.0625 0.140080872325
1336.0625 0.140076331593
1340.0625 0.140071071585
1344.0625 0.140066142906
1348.0625 0.140061250924
1352.0625 0.140055951073
1356.0625 0.140051343237
1360.0625 0.140045983971
1364.0625 0.140040830562
1368.0625 0.140035964443
1372.0625 0.140030206045
1376.0625 0.140025503494
1380.0625 0.140020135141
1384.0625 0.140014665432
1388.0625 0.140009944706
1392.0625 0.140004464513
1396.0625 0.139999569385
1400.0625 0.13999411855
1404.0625 0.139988625424
1408.0625 0.139983816275
1412.0625 0.139978226337
1416.0625 0.139973171487
1420.0625 0.139967774825
1424.0625 0.139961941634
1428.0625 0.139957061885
1432.0625 0.139951369892
1436.0625 0.139945837972
1440.0625 0.139940747473
1444.0625 0.139934981037
1448.0625 0.139929976516
1452.0625 0.139924275437
1456.0625 0.139918380384
1460.0625 0.13991337062
1464.0625 0.139907474868
1468.0625 0.139902121893
1472.0625 0.139896518325
1476.0625 0.139890158085
1480.0625 0.139885051858
1484.0625 0.139879151213
1488.0625 0.139873213871
1492.0625 0.139868091567
1496.0625 0.139862123818
1500.0625 0.139856758261
1504.0625 0.139850978543
1508.0625 0.139844899303
1512.0625 0.139839708846
1516.0625 0.139833673643
1520.0625 0.139827424545
1524.0625 0.139821953787
1528.0625 0.139815744532
1532.0625 0.139810191991
1536.0625 0.13980422564
1540.0625 0.139797976541
1544.0625 0.139792628809
1548.0625 0.139786370623
1552.0625 0.139780259927
1556.0625 0.139774713328
1560.0625 0.139767900483
1564.0625 0.139762043875
1568.0625 0.139756195306
1572.0625 0.13974971973
1576.0625 0.139744201091
1580.0625 0.139737802755
1584.0625 0.139731300966
1588.0625 0.139725798404
1592.0625 0.139719305703
1596.0625 0.139712965384
1600.0625 0.139707061943
1604.0625 0.139700489555
1608.0625 0.139694644831
1612.0625 0.139688315696
1616.0625 0.139681624477
1620.0625 0.139675946465
1624.0625 0.139669324098
1628.0625 0.139662696139
1632.0625 0.139656930752
1636.0625 0.139649607983
1640.0625 0.139642869581
1644.0625 0.139637054215
1648.0625 0.139630264436
1652.0625 0.139624046094
1656.0625 0.139617694591
1660.0625 0.139610864271
1664.0625 0.139604954189
1668.0625 0.1395982074
1672.0625 0.139591009053
1676.0625 0.139585123786
1680.0625 0.139578144927
1684.0625 0.139571184592
1688.0625 0.139565263676
1692.0625 0.139558199888
1696.0625 0.139551435623
1700.0625 0.139545194912
1704.0625 0.139537490487
1708.0625 0.139530583975
1712.0625 0.139524289441
1716.0625 0.139517156102
1720.0625 0.139510716525
1724.0625 0.139503889349
1728.0625 0.13949662984
1732.0625 0.139490270998
1736.0625 0.139483062516
1740.0625 0.139475760018
1744.0625 0.139469520356
1748.0625 0.139462273429
1752.0625 0.139454885652
1756.0625 0.139448670106
1760.0625 0.139441314134
1764.0625 0.139433952919
1768.0625 0.139427493071
1772.0625 0.139419394757
1776.0625 0.139411853898
1780.0625 0.139405587324
1784.0625 0.139398105881
1788.0625 0.13939051784
1792.0625 0.139384211423
1796.0625 0.139376685942
1800.0625 0.13936907763
1804.0625 0.139362393401
1808.0625 0.139354690723
1812.0625 0.139347249822
1816.0625 0.139340533789
1820.0625 0.139332697252
1824.0625 0.139324759708
1828.0625 0.139317771063
1832.0625 0.139309795773
1836.0625 0.139302008865
1840.0625 0.139295507077
1844.0625 0.139287604134
1848.0625 0.13928001784
1852.0625 0.139273227013
1856.0625 0.139265004625
1860.0625 0.139257228901
1864.0625 0.139250347903
1868.0625 0.139242272656
1872.0625 0.139234473165
1876.0625 0.139227464599
1880.0625 0.139219358595
1884.0625 0.139210983475
1888.0625 0.139203778138
1892.0625 0.139195589303
1896.0625 0.139187395574
1900.0625 0.139180605097
1904.0625 0.139172400184
1908.0625 0.13916424525
1912.0625 0.139157314623
1916.0625 0.139148679822
1920.0625 0.139140288276
1924.0625 0.139133222041
1928.0625 0.139125018526
1932.0625 0.139115804951
1936.0625 0.139108398301
1940.0625 0.139100540444
1944.0625 0.139092056978
1948.0625 0.139084538488
1952.0625 0.139076704047
1956.0625 0.139068014375
1960.0625 0.139059967437
1964.0625 0.139051979216
1968.0625 0.139043288496
1972.0625 0.139034937142
1976.0625 0.139027462688
1980.0625 0.139018774414
1984.0625 0.139009621652
1988.0625 0.139001972098
1992.0625 0.138993470458
1996.0625 0.138984772398
2000.0625 0.138977345827
2004.0625 0.138968882632
2008.0625 0.138959530304
2012.0625 0.138951496298
2016.0625 0.138943312355
2020.0625 0.138934194543
2024.0625 0.138925654807
2028.0625 0.138917779126
2032.0625 0.138907990968
2036.0625 0.138899019248
2040.0625 0.138891456021
2044.0625 0.138882677226
2048.0625 0.138865551271
2056.0625 0.138847382401
2064.0625 0.138830506689
2072.0625 0.13881120718
2080.0625 0.138794259471
2088.0625 0.138776360417
2096.0625 0.138758089144
2104.0625 0.138740485768
2112.0625 0.138720915745
2120.0625 0.138703806566
2128.0625 0.138684604218
2136.0625 0.138666653438
2144.0625 0.138648045593
2152.0625 0.138628261325
2160.0625 0.138610344796
2168.0625 0.138590540256
2176.0625 0.138572553477
2184.0625 0.138551782564
2192.0625 0.138533498359
2200.0625 0.13851361553
2208.0625 0.138494495316
2216.0625 0.138475077326
2224.0625 0.138454475571
2232.0625 0.138435410928
2240.0625 0.138414941635
2248.0625 0.138395787169
2256.0625 0.138375155358
2264.0625 0.13835480874
2272.0625 0.138334038526
2280.0625 0.138314202531
2288.0625 0.138292870667
2296.0625 0.138272477566
2304.0625 0.138251321501
2312.0625 0.138231149285
2320.0625 0.138209257519
2328.0625 0.138188045184
2336.0625 0.138166405758
2344.0625 0.138145981901
2352.0625 0.138123719662
2360.0625 0.138102254288
2368.0625 0.138080395724
2376.0625 0.138059067355
2384.0625 0.13803665483
2392.0625 0.138014193375
2400.0625 0.137992228562
2408.0625 0.137969732856
2416.0625 0.137946402888
2424.0625 0.13792395716
2432.0625 0.137902110829
2440.0625 0.13787875395
2448.0625 0.137855595238
2456.0625 0.137832265969
2464.0625 0.13780979263
2472.0625 0.137784957706
2480.0625 0.137762311364
2488.0625 0.137738924777
2496.0625 0.137714958715
2504.0625 0.137691232761
2512.0625 0.137666923838
2520.0625 0.137643233533
2528.0625 0.137617840104
2536.0625 0.137593740183
2544.0625 0.137570018423
2552.0625 0.137543729221
2560.0625 0.137520229395
2568.0625 0.137495245233
2576.0625 0.137468816579
2584.0625 0.137444998706
2592.0625 0.137418883905
2600.0625 0.137393230097
2608.0625 0.137368288924
2616.0625 0.137341594299
2624.0625 0.137316450414
2632.0625 0.137290299265
2640.0625 0.137262861249
2648.0625 0.137237693249
2656.0625 0.137211027632
2664.0625 0.137183519017
2672.0625 0.137156661873
2680.0625 0.137130278305
2688.0625 0.13710288817
2696.0625 0.137075109739
2704.0625 0.137048439579
2712.0625 0.137018979692
2720.0625 0.136992646802
2728.0625 0.136965489436
2736.0625 0.136936173195
2744.0625 0.13690801765
2752.0625 0.13688054014
2760.0625 0.136851847062
2768.0625 0.136822417582
2776.0625 0.136793904148
2784.0625 0.13676589819
2792.0625 0.136736488283
2800.0625 0.136706091731
2808.0625 0.136677094236
2816.0625 0.136646982878
2824.0625 0.136617512856
2832.0625 0.136585838873
2840.0625 0.136556078765
2848.0625 0.136526645091
2856.0625 0.136496568683
2864.0625 0.136465785931
2872.0625 0.136433823959
2880.0625 0.136402958025
2888.0625 0.136371263422
2896.0625 0.136341012263
2904.0625 0.136308216728
2912.0625 0.136276672061
2920.0625 0.136244439574
2928.0625 0.136213389803
2936.0625 0.136181362124
2944.0625 0.1361486641
2952.0625 0.136115985299
2960.0625 0.136082672152
2968.0625 0.136049515931
2976.0625 0.136014405992
2984.0625 0.135981645058
2992.0625 0.135949171065
3000.0625 0.135915178486
3008.0625 0.135881328852
3016.0625 0.135847138454
3024.0625 0.135812859632
3032.0625 0.135776212234
3040.0625 0.135741933761
3048.0625 0.135706572881
3056.0625 0.135671336423
3064.0625 0.135635052507
3072.0625 0.135600029944
3080.0625 0.135563196611
3088.0625 0.135526472672
3096.0625 0.135490829044
3104.0625 0.13545454373
3112.0625 0.135417354254
3120.0625 0.135379807587
3128.0625 0.135341584283
3136.0625 0.135304390264
3144.0625 0.135267253213
3152.0625 0.135229022221
3160.0625 0.135190667155
3168.0625 0.135151191236
3176.0625 0.135113013717
3184.0625 0.135074029897
3192.0625 0.13503551441
3200.0625 0.134995150755
3208.0625 0.134954663727
3216.0625 0.134915543601
3224.0625 0.134875955841
3232.0625 0.134833727243
3240.0625 0.134792613906
3248.0625 0.134751229356
3256.0625 0.134710458531
3264.0625 0.134667471164
3272.0625 0.134626072983
3280.0625 0.13458458463
3288.0625 0.134540335211
3296.0625 0.134497506867
3304.0625 0.134455379624
3312.0625 0.134412647044
3320.0625 0.134365961245
3328.0625 0.134322826038
3336.0625 0.134279469597
3344.0625 0.134234510338
3352.0625 0.134188235204
3360.0625 0.134143576867
3368.0625 0.134097055684
3376.0625 0.134051134945
3384.0625 0.134004800745
3392.0625 0.133958601802
3400.0625 0.133910820314
3408.0625 0.133863728743
3416.0625 0.133815124876
3424.0625 0.133768237763
3432.0625 0.13371760993
3440.0625 0.133669460765
3448.0625 0.133620660478
3456.0625 0.133569765974
3464.0625 0.133519921025
3472.0625 0.133468988774
3480.0625 0.133418134463
3488.0625 0.133365811194
3496.0625 0.133314675533
3504.0625 0.133263573775
3512.0625 0.13320971025
3520.0625 0.133157811276
3528.0625 0.133103460895
3536.0625 0.133050332024
3544.0625 0.132995871549
3552.0625 0.132938548652
3560.0625 0.132884831918
3568.0625 0.132827280796
3576.0625 0.132773074409
3584.0625 0.132712672398
3592.0625 0.132659428191
3600.0625 0.132599627323
3608.0625 0.132538567549
3616.0625 0.132483208854
3624.0625 0.132420705286
3632.0625 0.132362277613
3640.0625 0.132301901814
3648.0625 0.132237982763
3656.0625 0.132177399709
3664.0625 0.132115184131
3672.0625 0.132050747118
3680.0625 0.131985569159
3688.0625 0.131919277687
3696.0625 0.131858397907
3704.0625 0.131790662641
3712.0625 0.131722296524
3720.0625 0.131654690924
3728.0625 0.131584759037
3736.0625 0.131514902993
3744.0625 0.131445008853
3752.0625 0.131378087927
3760.0625 0.131306438237
3768.0625 0.131233929821
3776.0625 0.131159469784
3784.0625 0.131085691277
3792.0625 0.131010719919
3800.0625 0.130928210149
3808.0625 0.130851683506
3816.0625 0.130774118143
3824.0625 0.130694345324
3832.0625 0.130614097532
3840.0625 0.130534047208
3848.0625 0.1304464043
3856.0625 0.130362475551
3864.0625 0.130277394494
3872.0625 0.130188987573
3880.0625 0.130102448742
3888.0625 0.130006485586
3896.0625 0.129917996882
3904.0625 0.129822403848
3912.0625 0.129727077484
3920.0625 0.129631160812
3928.0625 0.129529967705
3936.0625 0.129427174227
3944.0625 0.129323466452
3952.0625 0.129217560658
3960.0625 0.129111287188
3968.0625 0.128999102238
3976.0625 0.128883547738
3984.0625 0.128765767958
3992.0625 0.128642354552
4000.0625 0.128519628268
4008.0625 0.12839093703
4016.0625 0.128254876539
4024.0625 0.128119364068
4032.0625 0.12797740433
4040.0625 0.1278244178
4048.0625 0.127655312579
4056.0625 0.127489815619
4064.0625 0.127305146718
4072.0625 0.127131100935
4080.0625 0.126933037014
4088.0625 0.126728296204
4096.0625 0.126228653513
4112.0625 0.125555961119
4128.0625 0.124367874672
4144.0625 0.124360870299
4160.0625 0.124354772884
4176.0625 0.124348876433
4192.0625 0.124342941188
4208.0625 0.124336112265
4224.0625 0.124330031976
4240.0625 0.124324035917
4256.0625 0.124317811633
4272.0625 0.124311149773
4288.0625 0.124305079619
4304.0625 0.124298549521
4320.0625 0.124291863195
4336.0625 0.124285642756
4352.0625 0.124279059882
4368.0625 0.124272682167
4384.0625 0.124266216727
4400.0625 0.124259899825
4416.0625 0.124252880074
4432.0625 0.124246432458
4448.0625 0.12423958641
4464.0625 0.124232832281
4480.0625 0.124226274572
4496.0625 0.124219892662
4512.0625 0.124212552768
4528.0625 0.124205898945
4544.0625 0.124199426166
4560.0625 0.124192036991
4576.0625 0.124185292648
4592.0625 0.124178714668
4608.0625 0.124172191909
4624.0625 0.124164611207
4640.0625 0.124157919639
4656.0625 0.124151155374
4672.0625 0.124144344975
4688.0625 0.124136966635
4704.0625 0.124129894459
4720.0625 0.124122995286
4736.0625 0.124115894801
4752.0625 0.124108402173
4768.0625 0.124101410033
4784.0625 0.124094516103
4800.0625 0.12408669075
4816.0625 0.124079585371
4832.0625 0.124072634822
4848.0625 0.12406574194
4864.0625 0.124057919732
4880.0625 0.12405089404
4896.0625 0.124043526534
4912.0625 0.124036219493
4928.0625 0.124028589162
4944.0625 0.124021047954
4960.0625 0.1240137493
4976.0625 0.124005826436
4992.0625 0.123998329964
5008.0625 0.123990971546
5024.0625 0.123983918592
5040.0625 0.12397573465
5056.0625 0.123968339533
5072.0625 0.123960795879
5088.0625 0.123953342396
5104.0625 0.123945741423
5120.0625 0.123937429563
5136.0625 0.12392986354
5152.0625 0.123921679598
5168.0625 0.12391383642
5184.0625 0.123906202594
5200.0625 0.123898862699
5216.0625 0.123889962976
5232.0625 0.123882366896
5248.0625 0.123874844212
5264.0625 0.123867098894
5280.0625 0.123858864973
5296.0625 0.123850587364
5312.0625 0.123842774593
5328.0625 0.123833994399
5344.0625 0.123826044623
5360.0625 0.123818287772
5376.0625 0.123810553639
5392.0625 0.123802039767
5408.0625 0.123793639133
5424.0625 0.12378563099
5440.0625 0.123777710223
5456.0625 0.123768514821
5472.0625 0.123760408468
5488.0625 0.123752639035
5504.0625 0.123743473341
5520.0625 0.123735389006
5536.0625 0.123727176754
5552.0625 0.123718940736
5568.0625 0.123709595398
5584.0625 0.123701391534
5600.0625 0.123693225066
5616.0625 0.12368514213
5632.0625 0.123676093519
5648.0625 0.123667282919
5664.0625 0.123658985039
5680.0625 0.123650202399
5696.0625 0.123640992668
5712.0625 0.12363255254
5728.0625 0.123624433256
5744.0625 0.123614403942
5760.0625 0.123606273124
5776.0625 0.123597680963
5792.0625 0.123589070627
5808.0625 0.123580016774
5824.0625 0.123571491368
5840.0625 0.123562927866
5856.0625 0.123553122234
5872.0625 0.123544315478
5888.0625 0.123535836206
5904.0625 0.123527285287
5920.0625 0.123517097299
5936.0625 0.123507305646
5952.0625 0.123499705722
5968.0625 0.123490483409
5984.0625 0.123480100398
6000.0625 0.12347088193
6016.0625 0.12346207832
6032.0625 0.123452173079
6048.0625 0.123443195068
6064.0625 0.123434004559
6080.0625 0.123424973074
6096.0625 0.123415451936
6112.0625 0.123405449883
6128.0625 0.12339657183
6144.0625 0.123386784721
6160.0625 0.123377682636
6176.0625 0.123367800812
6192.0625 0.123358680553
6208.0625 0.123348761332
6224.0625 0.123339484846
6240.0625 0.123329672923
6256.0625 0.123320063011
6272.0625 0.123310485604
6288.0625 0.123301136771
6304.0625 0.123291122136
6320.0625 0.123280706622
6336.0625 0.12327147627
6352.0625 0.123262125689
6368.0625 0.123252172916
6384.0625 0.123241852467
6400.0625 0.123232153433
6416.0625 0.123223055892
6432.0625 0.123211524767
6448.0625 0.12320158912
6464.0625 0.123191668152
6480.0625 0.123182740119
6496.0625 0.12317102236
6512.0625 0.123161567628
6528.0625 0.123151832595
6544.0625 0.123142067504
6560.0625 0.123131185405
6576.0625 0.123121758983
6592.0625 0.123111900575
6608.0625 0.1231007207
6624.0625 0.123089875299
6640.0625 0.123081164657
6656.0625 0.123071511757
6672.0625 0.123059424574
6688.0625 0.123050032752
6704.0625 0.123039860142
6720.0625 0.123026802742
6736.0625 0.123017681085
6752.0625 0.123006589983
6768.0625 0.122997744084
6784.0625 0.122986076304
6800.0625 0.122975771233
6816.0625 0.122966042491
6832.0625 0.122954356537
6848.0625 0.122942188968
6864.0625 0.122933501044
6880.0625 0.122921929027
6896.0625 0.122909744683
6912.0625 0.122899611917
6928.0625 0.122889257566
6944.0625 0.122878136058
6960.0625 0.122866654912
6976.0625 0.122856643423
6992.0625 0.122846078671
7008.0625 0.122834623039
7024.0625 0.122824572755
7040.0625 0.122813848631
7056.0625 0.122803539715
7072.0625 0.122789814766
7088.0625 0.122778886882
7104.0625 0.122768877489
7120.0625 0.122756735785
7136.0625 0.122746168237
7152.0625 0.122735622359
7168.0625 0.122725111431
7184.0625 0.122712238218
7200.0625 0.122702103704
7216.0625 0.12269087455
7232.0625 0.122677227189
7248.0625 0.122666340197
7264.0625 0.122654921962
7280.0625 0.122644671063
7296.0625 0.122631977145
7312.0625 0.122621165296
7328.0625 0.122610193025
7344.0625 0.122598279545
7360.0625 0.122586412549
7376.0625 0.122576150467
7392.0625 0.122564683301
7408.0625 0.122550182456
7424.0625 0.122538592965
7440.0625 0.122527491029
7456.0625 0.122515509745
7472.0625 0.122503975126
7488.0625 0.122493461751
7504.0625 0.122481901268
7520.0625 0.122466770272
7536.0625 0.122456548732
7552.0625 0.12244438361
7568.0625 0.122431269241
7584.0625 0.122420543019
7600.0625 0.122408078724
7616.0625 0.122398225559
7632.0625 0.122384266792
7648.0625 0.122373017367
7664.0625 0.122361328966
7680.0625 0.122348694812
7696.0625 0.122335991458
7712.0625 0.12232426566
7728.0625 0.122313306321
7744.0625 0.12229737112
7760.0625 0.122285640429
7776.0625 0.122274971526
7792.0625 0.122261806829
7808.0625 0.122249934939
7824.0625 0.122238720464
7840.0625 0.122227036257
7856.0625 0.12221160364
7872.0625 0.122198251959
7888.0625 0.122188076203
7904.0625 0.122172929129
7920.0625 0.122160154476
7936.0625 0.122148898409
7952.0625 0.122136432367
7968.0625 0.122121983947
7984.0625 0.12210989991
8000.0625 0.122097836144
8016.0625 0.122084588964
8032.0625 0.122071533661
8048.0625 0.122059703013
8064.0625 0.122047628762
8080.0625 0.1220344036
8096.0625 0.12202180894
8112.0625 0.122009926566
8128.0625 0.121995023444
8144.0625 0.121981908026
8160.0625 0.121967872719
8176.0625 0.121956169989
8192.0625 0.121930485774
8224.0625 0.121902809747
8256.0625 0.121876590445
8288.0625 0.12184748006
8320.0625 0.121822725522
8352.0625 0.121795804069
8384.0625 0.121770428815
8416.0625 0.121743540216
8448.0625 0.121713693081
8480.0625 0.121686598626
8512.0625 0.121657674177
8544.0625 0.121632338066
8576.0625 0.121604571168
8608.0625 0.121577834952
8640.0625 0.121549227851
8672.0625 0.121520643118
8704.0625 0.121494230192
8736.0625 0.121463474701
8768.0625 0.121435134969
8800.0625 0.121405443013
8832.0625 0.121376188984
8864.0625 0.121349215806
8896.0625 0.121319879643
8928.0625 0.121293820063
8960.0625 0.12126089696
8992.0625 0.121234237634
9024.0625 0.121203242036
9056.0625 0.12117274238
9088.0625 0.121145712233
9120.0625 0.121113041121
9152.0625 0.121083475685
9184.0625 0.121053173149
9216.0625 0.121021045862
9248.0625 0.120993037458
9280.0625 0.120962853753
9312.0625 0.120933619995
9344.0625 0.120899631959
9376.0625 0.120868012498
9408.0625 0.120838463489
9440.0625 0.120806279932
9472.0625 0.120777531633
9504.0625 0.120746563994
9536.0625 0.120716054553
9568.0625 0.120681592592
9600.0625 0.120649780206
9632.0625 0.120620687996
9664.0625 0.120586254345
9696.0625 0.120555376878
9728.0625 0.120521473071
9760.0625 0.120487864594
9792.0625 0.120458124757
9824.0625 0.120426086943
9856.0625 0.120395579249
9888.0625 0.120359495947
9920.0625 0.120325679167
9952.0625 0.120295654485
9984.0625 0.120259862319
10016.0625 0.120227127248
10048.0625 0.120191983758
10080.0625 0.120155383892
10112.0625 0.120124950991
10144.0625 0.120090941985
10176.0625 0.120059218024
10208.0625 0.120022591596
10240.0625 0.119985424837
10272.0625 0.119953680954
10304.0625 0.119920147621
10336.0625 0.119887506915
10368.0625 0.119848208543
10400.0625 0.119812988162
10432.0625 0.119781283424
10464.0625 0.119746025297
10496.0625 0.119711299811
10528.0625 0.119673630818
10560.0625 0.119634585485
10592.0625 0.11960168475
10624.0625 0.119565128223
10656.0625 0.119530276217
10688.0625 0.119493649789
10720.0625 0.119458285064
10752.0625 0.119425245576
10784.0625 0.119383673343
10816.0625 0.119344039449
10848.0625 0.119309415319
10880.0625 0.11927433439
10912.0625 0.119240206553
10944.0625 0.119197121674
10976.0625 0.1191605627
11008.0625 0.119126945486
11040.0625 0.119083364664
11072.0625 0.119050103242
11104.0625 0.119013586558
11136.0625 0.118968355736
11168.0625 0.118933881543
11200.0625 0.118896374719
11232.0625 0.118858495675
11264.0625 0.118816997187
11296.0625 0.118778499175
11328.0625 0.118743762155
11360.0625 0.118703429257
11392.0625 0.118659840746
11424.0625 0.11862317063
11456.0625 0.118582952718
11488.0625 0.118546255691
11520.0625 0.118504412943
11552.0625 0.118459750412
11584.0625 0.118424002283
11616.0625 0.11838596771
11648.0625 0.118343402192
11680.0625 0.118301785223
11712.0625 0.118260103945
11744.0625 0.118223626755
11776.0625 0.118184279103
11808.0625 0.118135723817
11840.0625 0.118097993311
11872.0625 0.118058693192
11904.0625 0.118016240563
11936.0625 0.117972860355
11968.0625 0.11793173898
12000.0625 0.117894337356
12032.0625 0.117847591443
12064.0625 0.117805622874
12096.0625 0.117767213286
12128.0625 0.117719396498
12160.0625 0.117677381096
12192.0625 0.117638410907
12224.0625 0.117590574546
12256.0625 0.117551907375
12288.0625 0.117509912594
12320.0625 0.117458660899
12352.0625 0.117419636886
12384.0625 0.117378798608
12416.0625 0.117330630919
12448.0625 0.117287598117
12480.0625 0.117241871352
12512.0625 0.117198674283
12544.0625 0.117156346776
12576.0625 0.117110713328
12608.0625 0.117070663875
12640.0625 0.117024017221
12672.0625 0.116970990753
12704.0625 0.116930816179
12736.0625 0.11688551336
12768.0625 0.116840100448
12800.0625 0.116799680174
12832.0625 0.116744933457
12864.0625 0.116701477058
12896.0625 0.116659719589
12928.0625 0.116611912936
12960.0625 0.116569382019
12992.0625 0.116516362192
13024.0625 0.116471751388
13056.0625 0.11643042066
13088.0625 0.116374897699
13120.0625 0.11632971406
13152.0625 0.11628843506
13184.0625 0.116232825422
13216.0625 0.11618666842
13248.0625 0.11614568335
13280.0625 0.116088251059
13312.0625 0.116043244268
13344.0625 0.1160002223
13376.0625 0.115943414919
13408.0625 0.115900130474
13440.0625 0.115855513379
13472.0625 0.115796783386
13504.0625 0.115753789727
13536.0625 0.115708919242
13568.0625 0.115648702467
13600.0625 0.115605058386
13632.0625 0.115556701267
13664.0625 0.1155058861
13696.0625 0.11546210047
13728.0625 0.115401946256
13760.0625 0.11535362898
13792.0625 0.115311881996
13824.0625 0.115251346475
13856.0625 0.115202712901
13888.0625 0.115158579865
13920.0625 0.115103206491
13952.0625 0.115052433963
13984.0625 0.115005233347
14016.0625 0.114943559148
14048.0625 0.114895372936
14080.0625 0.11485008934
14112.0625 0.114787723127
14144.0625 0.114739874883
14176.0625 0.114691698458
14208.0625 0.114637938735
14240.0625 0.114586886955
14272.0625 0.114531254599
14304.0625 0.114476515921
14336.0625 0.114424757797
14368.0625 0.114371152205
14400.0625 0.11431754871
14432.0625 0.114265811905
14464.0625 0.114207678862
14496.0625 0.114154987567
14528.0625 0.114106583616
14560.0625 0.114052225545
14592.0625 0.113991836116
14624.0625 0.113939536613
14656.0625 0.113887180491
14688.0625 0.113829033468
14720.0625 0.113774608643
14752.0625 0.113716314479
14784.0625 0.113663939134
14816.0625 0.113605973502
14848.0625 0.113549243361
14880.0625 0.113497327611
14912.0625 0.113440531064
14944.0625 0.113386018165
14976.0625 0.113322477973
15008.0625 0.113269480165
15040.0625 0.113219202183
15072.0625 0.113153554494
15104.0625 0.113097812395
15136.0625 0.113048562998
15168.0625 0.112978803416
15200.0625 0.112925545228
15232.0625 0.112873638916
15264.0625 0.112807801796
15296.0625 0.112752391025
15328.0625 0.112700762217
15360.0625 0.112633605028
15392.0625 0.112571760622
15424.0625 0.112520538634
15456.0625 0.112459374359
15488.0625 0.11240019875
15520.0625 0.1123399645
15552.0625 0.112281170898
15584.0625 0.112214140578
15616.0625 0.112155347325
15648.0625 0.112102778706
15680.0625 0.112036894054
15712.0625 0.111969404489
15744.0625 0.111917826009
15776.0625 0.111859766012
15808.0625 0.111787150648
15840.0625 0.111732076098
15872.0625 0.111674817858
15904.0625 0.111604128601
15936.0625 0.111549256762
15968.0625 0.111493491946
16000.0625 0.111418754754
16032.0625 0.111360845392
16064.0625 0.111308234133
16096.0625 0.111232534413
16128.0625 0.111170972054
16160.0625 0.111114565552
16192.0625 0.111045560545
16224.0625 0.110985967981
16256.0625 0.110924078838
16288.0625 0.110855497427
16320.0625 0.110796441698
16352.0625 0.110726197357
16384.0625 0.11060262318
16448.0625 0.11047043797
16512.0625 0.110333291226
16576.0625 0.110213060038
16640.0625 0.110075126565
16704.0625 0.109940971211
16768.0625 0.10980933367
16832.0625 0.10967064702
16896.0625 0.109547035796
16960.0625 0.109402378251
17024.0625 0.109273609424
17088.0625 0.109126001382
17152.0625 0.10899043334
17216.0625 0.108851989944
17280.0625 0.108718148442
17344.0625 0.108567603883
17408.0625 0.10843415697
17472.0625 0.108290962092
17536.0625 0.108138079363
17600.0625 0.108003165589
17664.0625 0.107857721315
17728.0625 0.107716919129
17792.0625 0.107565333752
17856.0625 0.107416027479
17920.0625 0.107263581279
17984.0625 0.107118508875
18048.0625 0.106961839641
18112.0625 0.106823906517
18176.0625 0.106665422667
18240.0625 0.106517054808
18304.0625 0.106354022187
18368.0625 0.106216840494
18432.0625 0.106045205576
18496.0625 0.105898137515
18560.0625 0.105737053369
18624.0625 0.105590041928
18688.0625 0.105425790942
18752.0625 0.105261195698
18816.0625 0.105104178359
18880.0625 0.104946323962
18944.0625 0.10477269863
19008.0625 0.104623596466
19072.0625 0.104450494689
19136.0625 0.104282993334
19200.0625 0.104114755228
19264.0625 0.103952168572
19328.0625 0.103795899867
19392.0625 0.103614907728
19456.0625 0.103452080964
19520.0625 0.10327423819
19584.0625 0.103105816945
19648.0625 0.102923450215
19712.0625 0.10276068042
19776.0625 0.102593178365
19840.0625 0.102408533929
19904.0625 0.102228653557
19968.0625 0.102054364171
20032.0625 0.101871792283
20096.0625 0.10170018952
20160.0625 0.1015095319
20224.0625 0.101341028172
20288.0625 0.101151415214
20352.0625 0.100960614647
20416.0625 0.100776524521
20480.0625 0.100596473592
20544.0625 0.100407787164
20608.0625 0.100221419333
20672.0625 0.100024554554
20736.0625 0.0998492523103
20800.0625 0.0996556074948
20864.0625 0.0994503906629
20928.0625 0.0992663473706
20992.0625 0.0990592781773
21056.0625 0.0988765892059
21120.0625 0.0986863841906
21184.0625 0.0984815776742
21248.0625 0.0982683970861
21312.0625 0.0980875664177
21376.0625 0.0978808226109
21440.0625 0.0976742906023
21504.0625 0.0974703627344
21568.0625 0.0972757054111
21632.0625 0.0970599297695
21696.0625 0.096851776071
21760.0625 0.0966479949939
21824.0625 0.0964219555225
21888.0625 0.0962210071604
21952.0625 0.0960155065327
22016.0625 0.0958076789197
22080.0625 0.0955732723667
22144.0625 0.0953582593388
22208.0625 0.0951539788231
22272.0625 0.0949389025354
22336.0625 0.0947136403568
22400.0625 0.0944758922136
22464.0625 0.0942563517348
22528.0625 0.0940484360472
22592.0625 0.0938193723336
22656.0625 0.0935883622425
22720.0625 0.0933688836256
22784.0625 0.0931252474196
22848.0625 0.0928952526322
22912.0625 0.0926606328829
22976.0625 0.0924234547777
23040.0625 0.0922082460286
23104.0625 0.0919606524097
23168.0625 0.0917204647415
23232.0625 0.0914814063147
23296.0625 0.0912371214327
23360.0625 0.0909968257683
23424.0625 0.0907581738125
23488.0625 0.0905035545012
23552.0625 0.0902698850482
23616.0625 0.0900274665077
23680.0625 0.0897801178898
23744.0625 0.0895147360091
23808.0625 0.0892577865669
23872.0625 0.0890001360234
23936.0625 0.0887546879983
24000.0625 0.0885080401322
24064.0625 0.0882375328023
24128.0625 0.0879745268373
24192.0625 0.0877098170492
24256.0625 0.0874577599382
24320.0625 0.0871771271814
24384.0625 0.0869170252298
24448.0625 0.086653010252
24512.0625 0.0863836982195
24576.0625 0.0861097360609
24640.0625 0.0858325217847
24704.0625 0.0855583544682
24768.0625 0.0852890686484
24832.0625 0.0850082146568
24896.0625 0.0847169245307
24960.0625 0.084428869047
25024.0625 0.0841480503551
25088.0625 0.0838547285729
25152.0625 0.0835826512794
25216.0625 0.0832581937481
25280.0625 0.0829804559177
25344.0625 0.0826932186186
25408.0625 0.0823908111784
25472.0625 0.0821072604281
25536.0625 0.0817799380276
25600.0625 0.081506227161
25664.0625 0.0811863026727
25728.0625 0.0808819296324
25792.0625 0.0805654204792
25856.0625 0.0802625814038
25920.0625 0.0799418908068
25984.0625 0.0796182214029
26048.0625 0.0792962659575
26112.0625 0.0789683106087
26176.0625 0.0786628988479
26240.0625 0.0783438260964
26304.0625 0.0780134452026
26368.0625 0.0776938590324
26432.0625 0.077349122687
26496.0625 0.076983888739
26560.0625 0.0766857885634
26624.0625 0.0763427123533
26688.0625 0.0759869436228
26752.0625 0.0756348554995
26816.0625 0.075287353893
26880.0625 0.0749607217593
26944.0625 0.0745868393805
27008.0625 0.0742365882406
27072.0625 0.0738495946379
27136.0625 0.0735180628335
27200.0625 0.0731185755772
27264.0625 0.0727616657221
27328.0625 0.0724011025211
27392.0625 0.0720105177837
27456.0625 0.0716289152518
27520.0625 0.0712691506631
27584.0625 0.0708759191459
27648.0625 0.070492937828
27712.0625 0.0701420914859
27776.0625 0.0697332270867
27840.0625 0.0692928529711
27904.0625 0.0689041660305
27968.0625 0.0685335074596
28032.0625 0.0681297353069
28096.0625 0.0676885458027
28160.0625 0.0672522944146
28224.0625 0.0668519802362
28288.0625 0.0664398864371
28352.0625 0.0660404746733
28416.0625 0.0655667346352
28480.0625 0.065140031646
28544.0625 0.0646891165453
28608.0625 0.0642457741079
28672.0625 0.0638459380485
28736.0625 0.0633505274787
28800.0625 0.062897746386
28864.0625 0.0624475428718
28928.0625 0.061963153503
28992.0625 0.0615099334357
29056.0625 0.0610718649858
29120.0625 0.0605268576135
29184.0625 0.0600769176238
29248.0625 0.0595485752134
29312.0625 0.0590552385894
29376.0625 0.0585573346713
29440.0625 0.0580601318545
29504.0625 0.0575914812669
29568.0625 0.0570171066263
29632.0625 0.0565034307244
29696.0625 0.0559918284187
29760.0625 0.0554141939715
29824.0625 0.0549008126999
29888.0625 0.0543296405476
29952.0625 0.053745205837
30016.0625 0.0531789613156
30080.0625 0.0526090323425
30144.0625 0.052036204249
30208.0625 0.0514814164083
30272.0625 0.0508242198922
30336.0625 0.0502490382511
30400.0625 0.0496061129566
30464.0625 0.0489706547756
30528.0625 0.0483341057983
30592.0625 0.047674036724
30656.0625 0.0470265315531
30720.0625 0.046375583786
30784.0625 0.0456678111623
30848.0625 0.0449738526113
30912.0625 0.0443034665827
30976.0625 0.0435709359252
31040.0625 0.0428297536912
31104.0625 0.0421042571141
31168.0625 0.0412937899221
31232.0625 0.0405590741771
31296.0625 0.0397156671058
31360.0625 0.0389339380781
31424.0625 0.0381038068463
31488.0625 0.0372150878689
31552.0625 0.0363237521688
31616.0625 0.0354534184029
31680.0625 0.0345261133388
31744.0625 0.0335419771271
31808.0625 0.0325731344307
31872.0625 0.031573118938
31936.0625 0.0304963639557
32000.0625 0.0294349811268
32064.0625 0.0282649999392
32128.0625 0.0271008851452
32192.0625 0.0257615030582
32256.0625 0.0244867743267
32320.0625 0.023148245025
32384.0625 0.0216567711329
32448.0625 0.0200498968711
32512.0625 0.0182506405452
32576.0625 0.0163779324964
32640.0625 0.0141845418892
32704.0625 0.01159097306
32768.0625 0.00236407452903
32896.0625 4.58099466994e-05
