0 1
0.0625 0.999446275728
0.125 0.780992387512
0.1875 0.7806640999
0.25 0.780656461941
0.3125 0.780648289143
0.375 0.780637289841
0.4375 0.780625676414
0.5 0.780611328288
0.5625 0.780602020437
0.625 0.78058573535
0.6875 0.780573651766
0.75 0.780549035307
0.8125 0.780527940155
0.875 0.780503686746
0.9375 0.780478674549
1.0 0.780450945736
1.0625 0.780422638964
1.125 0.780402825615
1.1875 0.780378216111
1.25 0.780355616597
1.3125 0.780317158335
1.375 0.780280679461
1.4375 0.780242693442
1.5 0.780201750861
1.5625 0.780160258837
1.625 0.780116071758
1.6875 0.780088018147
1.75 0.78005307076
1.8125 0.780022224029
1.875 0.779967996739
1.9375 0.7799184891
2.0 0.779864841856
2.0625 0.77981033428
2.125 0.779753149037
2.1875 0.779695450517
2.25 0.779657134832
2.3125 0.779614132186
2.375 0.779573012253
2.4375 0.779505391062
2.5 0.779440903784
2.5625 0.779373969049
2.625 0.779303953258
2.6875 0.779233452704
2.75 0.779160296739
2.8125 0.779114010646
2.875 0.779060914932
2.9375 0.779011816245
3.0 0.778928849584
3.0625 0.778851758491
3.125 0.778769580524
3.1875 0.778686445553
3.25 0.778600672557
3.3125 0.778514450964
3.375 0.778458146222
3.4375 0.778397263711
3.5 0.778338136638
3.5625 0.778242222584
3.625 0.778150555938
3.6875 0.778055535599
3.75 0.777957314579
3.8125 0.777858674173
3.875 0.777757417999
3.9375 0.777693412006
4.0 0.777622680547
4.0625 0.777555844573
4.125 0.777445007913
4.1875 0.777341166572
4.25 0.777231323083
4.3125 0.777120431479
4.375 0.777006941494
4.4375 0.776893067593
4.5 0.776819286375
4.5625 0.776741037278
4.625 0.776664416341
4.6875 0.776541079494
4.75 0.776423063902
4.8125 0.776300821769
4.875 0.776175266283
4.9375 0.776049355398
5.0 0.775920867692
5.0625 0.775839654382
5.125 0.77575179976
5.1875 0.775667738385
5.25 0.775529899707
5.3125 0.775400135762
5.375 0.775263489169
5.4375 0.775125709608
5.5 0.774985371311
5.5625 0.77484471378
5.625 0.774753970754
5.6875 0.774658868347
5.75 0.774565266129
5.8125 0.774415375166
5.875 0.774271841054
5.9375 0.774123240935
6.0 0.773971219661
6.0625 0.773818907668
6.125 0.773664059194
6.1875 0.773566152539
6.25 0.773461689423
6.3125 0.773360917316
6.375 0.773196947384
6.4375 0.773042094042
6.5 0.772879509543
6.5625 0.7727157114
6.625 0.772549394162
6.6875 0.772382822373
6.75 0.772275630122
6.8125 0.772164187683
6.875 0.772054118853
6.9375 0.771878543145
7.0 0.771710320939
7.0625 0.771536226642
7.125 0.771358608256
7.1875 0.77118076453
7.25 0.771000423965
7.3125 0.770886337937
7.375 0.77076577891
7.4375 0.770648808652
7.5 0.770459576144
7.5625 0.770280461742
7.625 0.770092801755
7.6875 0.769903853706
7.75 0.769712426206
7.8125 0.769520808835
7.875 0.769397679942
7.9375 0.769270410053
8.0 0.769144387193
8.0625 0.768943995418
8.125 0.76875191415
8.1875 0.768553188789
8.25 0.76835084336
8.3125 0.768148336576
8.375 0.767943372597
8.4375 0.767813618389
8.5 0.767677476031
8.5625 0.767544820205
8.625 0.767331193798
8.6875 0.767128649456
8.75 0.766916778486
8.8125 0.766703550599
8.875 0.766487882905
8.9375 0.76627209002
9.0 0.766133538457
9.0625 0.765990955092
9.125 0.765849490783
9.1875 0.765625152314
9.25 0.765410044496
9.3125 0.765187552574
9.375 0.764961349475
9.4375 0.764735049701
9.5 0.764506332376
9.5625 0.764361425352
9.625 0.764210213637
9.6875 0.764062386217
9.75 0.763825235977
9.8125 0.763600092122
9.875 0.763364873976
9.9375 0.763128235624
10.0 0.762889197108
10.0625 0.762650098083
10.125 0.762496637128
10.1875 0.762339253563
10.25 0.762182861779
10.3125 0.761935446684
10.375 0.761698142044
10.4375 0.761452747371
10.5 0.761203555974
10.5625 0.760954332584
10.625 0.76070273059
10.6875 0.760543182635
10.75 0.760377414146
10.8125 0.760214927712
10.875 0.759955122319
10.9375 0.759708208678
11.0 0.759450506471
11.0625 0.759191327025
11.125 0.75892978706
11.1875 0.758668251267
11.25 0.758500394197
11.3125 0.758328723711
11.375 0.758157917729
11.4375 0.757888296076
11.5 0.757629624344
11.5625 0.757362190728
11.625 0.75709087971
11.6875 0.756819602076
11.75 0.756545986177
11.8125 0.756372311961
11.875 0.756192501366
11.9375 0.756015870587
12.0 0.755734280803
12.0625 0.755466429192
12.125 0.755187108123
12.1875 0.754906256958
12.25 0.754623084915
12.3125 0.754339981727
12.375 0.75415824182
12.4375 0.75397279769
12.5 0.753788090788
12.5625 0.753497131254
12.625 0.753217924246
12.6875 0.752929315495
12.75 0.752636754925
12.8125 0.752344292419
12.875 0.752049531292
12.9375 0.751862243397
13.0 0.751668903277
13.0625 0.751478640737
13.125 0.751176135239
13.1875 0.750888175388
13.25 0.750588098569
13.3125 0.750286445056
13.375 0.74998251031
13.4375 0.749678709099
13.5 0.749483599632
13.5625 0.749284895136
13.625 0.749086800592
13.6875 0.748775372549
13.75 0.748476459994
13.8125 0.748167539917
13.875 0.747854599862
13.9375 0.747541821857
14.0 0.747226784875
14.0625 0.747026395882
14.125 0.746820039516
14.1875 0.746616657795
14.25 0.746294105261
14.3125 0.745986866899
14.375 0.745666897444
14.4375 0.745345310261
14.5 0.745021481487
14.5625 0.744697850931
14.625 0.744489885182
14.6875 0.744278433597
14.75 0.744067464688
14.8125 0.743736437509
14.875 0.743418649832
14.9375 0.743090282238
15.0 0.742757831375
15.0625 0.742425607244
15.125 0.742091163779
15.1875 0.741878188358
15.25 0.741659329023
15.3125 0.741443342095
15.375 0.741101613287
15.4375 0.740775927534
15.5 0.740436930643
15.5625 0.740096280553
15.625 0.739753428516
15.6875 0.739410839378
15.75 0.739190530625
15.8125 0.738966845228
15.875 0.738743515232
15.9375 0.73839375829
16.0 0.738057925915
16.0625 0.737711063636
16.125 0.737360158427
16.1875 0.737009993923
16.25 0.736657824994
16.3125 0.736433417671
16.375 0.73620338655
16.4375 0.735975955202
16.5 0.735616742963
16.5625 0.735274092621
16.625 0.734917761831
16.6875 0.734559574062
16.75 0.734199404123
16.8125 0.733839386498
16.875 0.733608090266
16.9375 0.733373350624
17.0 0.73313902202
17.0625 0.732772075843
17.125 0.732419884658
17.1875 0.73205588948
17.25 0.731687886842
17.3125 0.731320059469
17.375 0.730950279137
17.4375 0.730714355061
17.5 0.730472903862
17.5625 0.730233937678
17.625 0.729857343552
17.6875 0.729497950484
17.75 0.729124375515
17.8125 0.728748906705
17.875 0.728371507887
17.9375 0.727994313547
18.0 0.727751757896
18.0625 0.727505854814
18.125 0.727260248014
18.1875 0.726876354636
18.25 0.726507835242
18.3125 0.726127027093
18.375 0.725742176709
18.4375 0.725357554449
18.5 0.724971031392
18.5625 0.724724103146
18.625 0.72447174445
18.6875 0.724221756708
18.75 0.723828650066
18.8125 0.723453344698
18.875 0.723063389358
18.9375 0.72267150888
19.0 0.722277750557
19.0625 0.721884248873
19.125 0.721630946386
19.1875 0.721374393142
19.25 0.721118021422
19.3125 0.720718050215
19.375 0.720334034429
19.4375 0.719937278509
19.5 0.719536451839
19.5625 0.719135905454
19.625 0.718733510436
19.6875 0.718476092688
19.75 0.718213341164
19.8125 0.717952845141
19.875 0.717544095357
19.9375 0.717153707418
20.0 0.716748235516
20.0625 0.716340812742
20.125 0.715931564286
20.1875 0.71552262463
20.25 0.715259088585
20.3125 0.714992398456
20.375 0.714725775095
20.4375 0.714310595431
20.5 0.713911912982
20.5625 0.713500072404
20.625 0.71308413882
20.6875 0.712668536989
20.75 0.712251138686
20.8125 0.711983744018
20.875 0.711711112249
20.9375 0.711440621223
21.0 0.711017097668
21.0625 0.710612458973
21.125 0.710192334318
21.1875 0.709770238621
21.25 0.709346369404
21.3125 0.708922861151
21.375 0.708649604825
21.4375 0.708373291089
21.5 0.708096929364
21.5625 0.70766740992
21.625 0.707254891232
21.6875 0.706828829805
21.75 0.706398657985
21.8125 0.705968870079
21.875 0.705537337864
21.9375 0.705260479554
22.0 0.704978480817
22.0625 0.704698508065
22.125 0.704261080113
22.1875 0.703843020392
22.25 0.703409106792
22.3125 0.702973207545
22.375 0.70253558694
22.4375 0.702098379461
22.5 0.701815916131
22.5625 0.701530492066
22.625 0.701244905254
22.6875 0.700801916795
22.75 0.700376392293
22.8125 0.69993697313
22.875 0.69949343175
22.9375 0.699050326447
23.0 0.698605528997
23.0625 0.698319719626
23.125 0.698028866503
23.1875 0.697739924609
23.25 0.697289460936
23.3125 0.696858810613
23.375 0.696411971877
23.4375 0.695963138452
23.5 0.695512635831
23.5625 0.695062598499
23.625 0.694771441443
23.6875 0.694477420327
23.75 0.694183121706
23.8125 0.693727532908
23.875 0.693289833017
23.9375 0.692837921317
24.0 0.692381881141
24.0625 0.691926329205
24.125 0.691469136588
24.1875 0.691174888739
24.25 0.690875695203
24.3125 0.690578298139
24.375 0.690115668814
24.4375 0.689673257618
24.5 0.689214356859
24.5625 0.688753457933
24.625 0.688290941974
24.6875 0.687828943466
24.75 0.687529605267
24.8125 0.68722749968
24.875 0.686925001833
24.9375 0.686457681373
25.0 0.686008635126
25.0625 0.685545093308
25.125 0.685077422317
25.1875 0.684610291729
25.25 0.684141573319
25.3125 0.683839403051
25.375 0.683532382379
25.4375 0.683227043422
25.5 0.682753117818
25.5625 0.68229977687
25.625 0.681829678591
25.6875 0.681357584233
25.75 0.680883925004
25.8125 0.680410835388
25.875 0.680103830018
25.9375 0.679794153935
26.0 0.679483970834
26.0625 0.679005788781
26.125 0.678546228689
26.1875 0.678071921256
26.25 0.677593489519
26.3125 0.677115650347
26.375 0.676636275515
26.4375 0.676326694715
26.5 0.676012360186
26.5625 0.675699592614
26.625 0.675215240102
26.6875 0.674751799827
26.75 0.674271367838
26.8125 0.673788946724
26.875 0.673305013597
26.9375 0.672821702246
27.0 0.672507542983
27.0625 0.672190809681
27.125 0.671873454603
27.1875 0.67138528033
27.25 0.670916036123
27.3125 0.670431826883
27.375 0.669943503773
27.4375 0.66945582539
27.5 0.668966663509
27.5625 0.668650185454
27.625 0.668329050345
27.6875 0.668009367435
27.75 0.667515457389
27.8125 0.667042748211
27.875 0.666552845624
27.9375 0.666060967823
28.0 0.665567629476
28.0625 0.665074965067
28.125 0.664754164492
28.1875 0.664430886553
28.25 0.664106872082
28.3125 0.66360957496
28.375 0.663131477062
28.4375 0.662638229826
28.5 0.662140884714
28.5625 0.661644236492
28.625 0.661146156935
28.6875 0.660823294208
28.75 0.660495871796
28.8125 0.660169786827
28.875 0.659667188619
28.9375 0.659186040962
29.0 0.658687532978
29.0625 0.658187068558
29.125 0.657685195754
29.1875 0.65718404905
29.25 0.656857121832
29.3125 0.656527813925
29.375 0.656197654033
29.4375 0.655692103435
29.5 0.655205982272
29.5625 0.654704560846
29.625 0.654199063106
29.6875 0.653694314418
29.75 0.653188186557
29.8125 0.652859453826
29.875 0.652526257389
29.9375 0.652194283638
30.0 0.65168386664
30.0625 0.65119511093
30.125 0.650688860661
30.1875 0.650180678299
30.25 0.649671139715
30.3125 0.649162379394
30.375 0.648829838116
30.4375 0.648495012823
30.5 0.648159221482
30.5625 0.647646286781
30.625 0.647152972081
30.6875 0.646644240276
30.75 0.64613145928
30.8125 0.645619479498
30.875 0.645106172706
30.9375 0.644772082554
31.0 0.644433625369
31.0625 0.644096276113
31.125 0.643578909698
31.1875 0.64308337636
31.25 0.642570247615
31.3125 0.642055216683
31.375 0.641538881692
31.4375 0.641023377126
31.5 0.640685735065
31.5625 0.640345905663
31.625 0.640004995457
31.6875 0.639485546025
31.75 0.638985869605
31.8125 0.638470691227
31.875 0.637951496348
31.9375 0.637433154845
32.0 0.636913538494
32.0625 0.636231398848
32.1875 0.63536573882
32.3125 0.634345113474
32.4375 0.633301839928
32.5625 0.632438228837
32.6875 0.631748391419
32.8125 0.630718086826
32.9375 0.629672584905
33.0625 0.628623693126
33.1875 0.627932987725
33.3125 0.627057768771
33.4375 0.626026874396
33.5625 0.624973431973
33.6875 0.62410074046
33.8125 0.623402832481
33.9375 0.622363050336
34.0625 0.621308154322
34.1875 0.620250068754
34.3125 0.61955182485
34.4375 0.618668428925
34.5625 0.617628962536
34.6875 0.616567092068
34.8125 0.615686704868
34.9375 0.614981754276
35.0625 0.61393419368
35.1875 0.612871636755
35.3125 0.611806096143
35.4375 0.61110134029
35.5625 0.610211150045
35.6875 0.609164804484
35.8125 0.608096244715
35.9375 0.607209543088
36.0625 0.606498575742
36.1875 0.605444937885
36.3125 0.604376453229
36.4375 0.603305196319
36.5625 0.602594955073
36.6875 0.601699353157
36.8125 0.600647821963
36.9375 0.599574310943
37.0625 0.598682677539
37.1875 0.597966719994
37.3125 0.596908703976
37.4375 0.595836024772
37.5625 0.594760790308
37.6875 0.594046090224
37.8125 0.593146459287
37.9375 0.592091438084
38.0625 0.591014714558
38.1875 0.590119532027
38.3125 0.589399610839
38.4375 0.588338916458
38.5625 0.587263775886
38.6875 0.586186302614
38.8125 0.585468170247
38.9375 0.584565892245
39.0625 0.58350907457
39.1875 0.582430877284
39.3125 0.581533528276
39.4375 0.580810669304
39.5625 0.579748994966
39.6875 0.578673124817
39.8125 0.57759515009
39.9375 0.576874611996
40.0625 0.575971070273
40.1875 0.574914148274
40.3125 0.573836214582
40.4375 0.572938080357
40.5625 0.572213310156
40.6875 0.57115235705
40.8125 0.570077491895
40.9375 0.569000755851
41.0625 0.568278837192
41.1875 0.567375412314
41.3125 0.566320083004
41.4375 0.565244153042
41.5625 0.564346617642
41.6875 0.563620963463
41.8125 0.562562431385
41.9375 0.561490304406
42.0625 0.560416545789
42.1875 0.559694274513
42.3125 0.558792352606
42.4375 0.557740309525
42.5625 0.556668122038
42.6875 0.555772568111
42.8125 0.55504705651
42.9375 0.553992645258
43.0625 0.552924989637
43.1875 0.551855947192
43.3125 0.551134349853
43.4375 0.550235312177
43.5625 0.549188248862
43.6875 0.548121542596
43.8125 0.547229352793
43.9375 0.546505010324
44.0625 0.545456419695
44.1875 0.544394968612
44.3125 0.543332381085
44.4375 0.542612484239
44.5625 0.541717713444
44.6875 0.54067732552
44.8125 0.539617839219
44.9375 0.53873039619
45.0625 0.538008249408
45.1875 0.536967179201
45.3125 0.535913665837
45.4375 0.534859271973
45.5625 0.534142102175
45.6875 0.53325298091
45.8125 0.532220961915
45.9375 0.531170433629
46.0625 0.530289118634
46.1875 0.529570192704
46.3125 0.528538341323
46.4375 0.527494498165
46.5625 0.526450036709
46.6875 0.525736620514
46.8125 0.52485453143
46.9375 0.523832575597
47.0625 0.522792745462
47.1875 0.521918943933
47.3125 0.521204268192
47.4375 0.520183338217
47.5625 0.519150899837
47.6875 0.518118109534
47.8125 0.517409473497
47.9375 0.516535798549
48.0625 0.515525599415
48.1875 0.514498203395
48.3125 0.513633294505
48.4375 0.512923892725
48.5625 0.511915581172
48.6875 0.510896278664
48.8125 0.509876896868
48.9375 0.509174066154
49.0625 0.508310187992
49.1875 0.50731343979
49.3125 0.506300219412
49.4375 0.505445588593
49.5625 0.504742488721
49.6875 0.503748496778
49.8125 0.502744064714
49.9375 0.501739831562
50.0625 0.501043834117
50.1875 0.500191136086
50.3125 0.499209533746
50.4375 0.49821222706
50.5625 0.497369256265
50.6875 0.496673484857
50.8125 0.495695511626
50.9375 0.494707683187
51.0625 0.493720337424
51.1875 0.493032199803
51.3125 0.492192064554
51.4375 0.491227302309
51.5625 0.490247648059
51.6875 0.48941771994
51.8125 0.48873030355
51.9375 0.487770050219
52.0625 0.486800558587
52.1875 0.485831838958
52.3125 0.485152587716
52.4375 0.484326397899
52.5625 0.483380169982
52.6875 0.482419906914
52.8125 0.481604404121
52.9375 0.480926369304
53.0625 0.47998553428
53.1875 0.479036111245
53.3125 0.478087755104
53.4375 0.477418414709
53.5625 0.476607552974
53.6875 0.475681553619
53.8125 0.474742420479
53.9375 0.473942725661
54.0625 0.473275098973
54.1875 0.472355383443
54.3125 0.471427764969
54.4375 0.470501513843
54.5625 0.469843115024
54.6875 0.469048964022
54.8125 0.468144887462
54.9375 0.467228622993
55.0625 0.466446118106
55.1875 0.465789926102
55.3125 0.464893029169
55.4375 0.463988947044
55.5625 0.463086538289
55.6875 0.462440105514
55.8125 0.461664047894
55.9375 0.460783588362
56.0625 0.45989192992
56.1875 0.459127996918
56.3125 0.458484264762
56.4375 0.457611884831
56.5625 0.456733070848
56.6875 0.455856241816
56.8125 0.45522280025
56.9375 0.454466217271
57.0625 0.45361106761
57.1875 0.452745755331
57.3125 0.452001778951
57.4375 0.451371534589
57.5625 0.450525372849
57.6875 0.449673561579
57.8125 0.448824052407
57.9375 0.448204629995
58.0625 0.4474689057
58.1875 0.446640761533
58.3125 0.445803534162
58.4375 0.445080896358
58.5625 0.444465166346
58.6875 0.443646921899
58.8125 0.442823846523
58.9375 0.442003395956
59.0625 0.441399019254
59.1875 0.440685536292
59.3125 0.439886091853
59.4375 0.439078688135
59.5625 0.438378771558
59.6875 0.437778582451
59.8125 0.436989956485
59.9375 0.436197350183
60.0625 0.435407696967
60.1875 0.434819392531
60.3125 0.434129533551
60.4375 0.433360483074
60.5625 0.432584641754
60.6875 0.431908827663
60.8125 0.431325204624
60.9375 0.430567894851
61.0625 0.42980749011
61.1875 0.429050372989
61.3125 0.428479167373
61.4375 0.427814314332
61.5625 0.42707735205
61.6875 0.426334811873
61.8125 0.4256844857
61.9375 0.425118458067
62.0625 0.424394167065
62.1875 0.423667698458
62.3125 0.422944856177
62.4375 0.422391775937
62.5625 0.421753312874
62.6875 0.42105013302
62.8125 0.420342632037
62.9375 0.419719175041
63.0625 0.419171767978
63.1875 0.418482194153
63.3125 0.417791394165
63.4375 0.417104565471
63.5625 0.416570637161
63.6875 0.415959946032
63.8125 0.41529224284
63.9375 0.414621521185
64.0625 0.413498551211
64.3125 0.412191989913
64.5625 0.411029158162
64.8125 0.409817083755
65.0625 0.408619303225
65.3125 0.407497171326
65.5625 0.406273317269
65.8125 0.40522976761
66.0625 0.404046146726
66.3125 0.403026201577
66.5625 0.40187757746
66.8125 0.400838903244
67.0625 0.39976870975
67.3125 0.398716597119
67.5625 0.397720225182
67.8125 0.396664039019
68.0625 0.395731201527
68.3125 0.394716122083
68.5625 0.393808838581
68.8125 0.392831880082
69.0625 0.39192842321
69.3125 0.391012419554
69.5625 0.390118460404
69.8125 0.389258753839
70.0625 0.388384122581
70.3125 0.387571634076
70.5625 0.386738827986
70.8125 0.385953843648
71.0625 0.385162376573
71.3125 0.38440520103
71.5625 0.383655694745
71.8125 0.382928813708
72.0625 0.382209033705
72.3125 0.381489985367
72.5625 0.380771690949
72.8125 0.380054172707
73.0625 0.379337452201
73.3125 0.378621553078
73.5625 0.377906496899
73.8125 0.37719230592
74.0625 0.376479002396
74.3125 0.375766608583
74.5625 0.375055146738
74.8125 0.374344639116
75.0625 0.373635107974
75.3125 0.372926575567
75.5625 0.372219064151
75.8125 0.371512595982
76.0625 0.370807192621
76.3125 0.370102877714
76.5625 0.369399672822
76.8125 0.368697600201
77.0625 0.367996682107
77.3125 0.367296938014
77.5625 0.366598393654
77.8125 0.365901072676
78.0625 0.365204995249
78.3125 0.364510183628
78.5625 0.363816660069
78.8125 0.363124446829
79.0625 0.362433566163
79.3125 0.361744039632
79.5625 0.361055890187
79.8125 0.360369135215
80.0625 0.359683805319
80.3125 0.358999917887
80.5625 0.358317497259
80.8125 0.357636564998
81.0625 0.356957143358
81.3125 0.356279254597
81.5625 0.355602920968
81.8125 0.35492816473
82.0625 0.354255008137
82.3125 0.35358347275
82.5625 0.352913582216
82.8125 0.352245358096
83.0625 0.351578822644
83.3125 0.350913998118
83.5625 0.350250906774
83.8125 0.349589570866
84.0625 0.348930012652
84.3125 0.348272254386
84.5625 0.347616318326
84.8125 0.346962226726
85.0625 0.346310001843
85.3125 0.345659665933
85.5625 0.345011240556
85.8125 0.34436474936
86.0625 0.343720213904
86.3125 0.343077654358
86.5625 0.342437094369
86.8125 0.34179855967
87.0625 0.341162069736
87.3125 0.340527646822
87.5625 0.339895313184
87.8125 0.339265085515
88.0625 0.338636994415
88.3125 0.338011058664
88.5625 0.337387301909
88.8125 0.336765745014
89.0625 0.336146410931
89.3125 0.335529322611
89.5625 0.334914501615
89.8125 0.334301970198
90.0625 0.333691750617
90.3125 0.333083865128
90.5625 0.332478335986
90.8125 0.331875185448
91.0625 0.331274435769
91.3125 0.330676109205
91.5625 0.330080228012
91.8125 0.329486814447
92.0625 0.328895890765
92.3125 0.328307478526
92.5625 0.327721601378
92.8125 0.327138280881
93.0625 0.32655753929
93.3125 0.325979398863
93.5625 0.325403881854
93.8125 0.32483101052
94.0625 0.324260807117
94.3125 0.3236932939
94.5625 0.323128493125
94.8125 0.322566427049
95.0625 0.322007117928
95.3125 0.321450588016
95.5625 0.320896859571
95.8125 0.320345946503
96.0625 0.319797882194
96.3125 0.31925268751
96.5625 0.318710384708
96.8125 0.318170994651
97.0625 0.317634539596
97.3125 0.317101041799
97.5625 0.316570523516
97.8125 0.316043007003
98.0625 0.315518514515
98.3125 0.314997068309
98.5625 0.314478689944
98.8125 0.313963403069
99.0625 0.313451229243
99.3125 0.312942190027
99.5625 0.312436309068
99.8125 0.311933607926
100.0625 0.311434108857
100.3125 0.310937834117
100.5625 0.310444805962
100.8125 0.309955046649
101.0625 0.309468578432
101.3125 0.308985423568
101.5625 0.308505604312
101.8125 0.308029142922
102.0625 0.307556061652
102.3125 0.307086382759
102.5625 0.306620128498
102.8125 0.30615732043
103.0625 0.305697982202
103.3125 0.305242135375
103.5625 0.304789798726
103.8125 0.304340997989
104.0625 0.303895756116
104.3125 0.303454093972
104.5625 0.303016035203
104.8125 0.302581601371
105.0625 0.30215081473
105.3125 0.301723697537
105.5625 0.301300272048
105.8125 0.300880559823
106.0625 0.300464581727
106.3125 0.300052363494
106.5625 0.299643926684
106.8125 0.299239293553
107.0625 0.298838485661
107.3125 0.298441525265
107.5625 0.29804843462
107.8125 0.297659235982
108.0625 0.297273951607
108.3125 0.296892603752
108.5625 0.296515213976
108.8125 0.296141805927
109.0625 0.295772401164
109.3125 0.295407021944
109.5625 0.295045690524
109.8125 0.294688429158
110.0625 0.294335259407
110.3125 0.293986204918
110.5625 0.293641287252
110.8125 0.293300528664
111.0625 0.292963951411
111.3125 0.292631577748
111.5625 0.292303424368
111.8125 0.291979522567
112.0625 0.291659890429
112.3125 0.291344550209
112.5625 0.291033525556
112.8125 0.290726838028
113.0625 0.290424509882
113.3125 0.290126563374
113.5625 0.28983302076
113.8125 0.2895439036
114.0625 0.289259235541
114.3125 0.288979038144
114.5625 0.288703333665
114.8125 0.288432144359
115.0625 0.288165492482
115.3125 0.287903400291
115.5625 0.287645890041
115.8125 0.287392983989
116.0625 0.28714470439
116.3125 0.2869010735
116.5625 0.286662110793
116.8125 0.286427842002
117.0625 0.286198290775
117.3125 0.285973477281
117.5625 0.285753423776
117.8125 0.28553815182
118.0625 0.28532768506
118.3125 0.285122045057
118.5625 0.284921254066
118.8125 0.284725334344
119.0625 0.284534308147
119.3125 0.284348197034
119.5625 0.284167019089
119.8125 0.283990804219
120.0625 0.283819571897
120.3125 0.283653343683
120.5625 0.283492143225
120.8125 0.283335992083
121.0625 0.283184912513
121.3125 0.283038926771
121.5625 0.282898056418
121.8125 0.282762325099
122.0625 0.282631754377
122.3125 0.282506366506
122.5625 0.282386183743
122.8125 0.282271228343
123.0625 0.282161522563
123.3125 0.282057088658
123.5625 0.281957948884
123.8125 0.281864125498
124.0625 0.281775640755
124.3125 0.281692516911
124.5625 0.281614776223
124.8125 0.281542440945
125.0625 0.281475564632
125.3125 0.281414102771
125.5625 0.281358114481
125.8125 0.281307620625
126.0625 0.28126264346
126.3125 0.281223204546
126.5625 0.281189328225
126.8125 0.281161033972
127.0625 0.281138346825
127.3125 0.281121286257
127.5625 0.281109880089
127.8125 0.281104848856
128.0625 0.281104749399
128.5625 0.281104649248
129.0625 0.281104549096
129.5625 0.281104448249
130.0625 0.281104348097
130.5625 0.28110424725
131.0625 0.281104147098
131.5625 0.281104046946
132.0625 0.281103946795
132.5625 0.281103846643
133.0625 0.281103746491
133.5625 0.281103645644
134.0625 0.281103545492
134.5625 0.281103445341
135.0625 0.281103338929
135.5625 0.281103224172
136.0625 0.281103117761
136.5625 0.281103012045
137.0625 0.28110290633
137.5625 0.281102799918
138.0625 0.281102694203
138.5625 0.281102588487
139.0625 0.281102478598
139.5625 0.281102372187
140.0625 0.281102266471
140.5625 0.281102160756
141.0625 0.28110205504
141.5625 0.281101948629
142.0625 0.281101842218
142.5625 0.281101736502
143.0625 0.281101614094
143.5625 0.28110150351
144.0625 0.281101391535
144.5625 0.281101280255
145.0625 0.281101168975
145.5625 0.281101057696
146.0625 0.28110094572
146.5625 0.281100834441
147.0625 0.281100723161
147.5625 0.281100611881
148.0625 0.281100500602
148.5625 0.281100389322
149.0625 0.281100278042
149.5625 0.281100166763
150.0625 0.281100055483
150.5625 0.281099943508
151.0625 0.281099811363
151.5625 0.281099693128
152.0625 0.281099575589
152.5625 0.281099458746
153.0625 0.281099341902
153.5625 0.281099225058
154.0625 0.281099107519
154.5625 0.28109898998
155.0625 0.281098873136
155.5625 0.281098756293
156.0625 0.281098639449
156.5625 0.281098522605
157.0625 0.281098405762
157.5625 0.281098288918
158.0625 0.281098172074
158.5625 0.28109805523
159.0625 0.281097918913
159.5625 0.281097796505
160.0625 0.281097673402
160.5625 0.281097550994
161.0625 0.281097428587
161.5625 0.281097306179
162.0625 0.281097183771
162.5625 0.281097061364
163.0625 0.281096938956
163.5625 0.281096813071
164.0625 0.281096688577
164.5625 0.281096566169
165.0625 0.281096443761
165.5625 0.281096321354
166.0625 0.281096198946
166.5625 0.281096073061
167.0625 0.281095933266
167.5625 0.281095805294
168.0625 0.281095675932
168.5625 0.28109554796
169.0625 0.281095419988
169.5625 0.281095292017
170.0625 0.281095164045
170.5625 0.281095036073
171.0625 0.281094908102
171.5625 0.28109478013
172.0625 0.281094652158
172.5625 0.281094524187
173.0625 0.28109439552
173.5625 0.281094267548
174.0625 0.281094139576
174.5625 0.281093994913
175.0625 0.281093862073
175.5625 0.281093728537
176.0625 0.281093594306
176.5625 0.281093458684
177.0625 0.281093322366
177.5625 0.281093188135
178.0625 0.281093054599
178.5625 0.281092921064
179.0625 0.281092787528
179.5625 0.281092653992
180.0625 0.281092519761
180.5625 0.281092386226
181.0625 0.28109225269
181.5625 0.281092119154
182.0625 0.281091984923
182.5625 0.281091834
183.0625 0.281091694901
183.5625 0.281091555801
184.0625 0.281091416006
184.5625 0.281091276906
185.0625 0.281091137807
185.5625 0.281090998707
186.0625 0.281090859607
186.5625 0.281090720508
187.0625 0.281090580713
187.5625 0.281090449263
188.0625 0.281090310164
188.5625 0.281090171064
189.0625 0.281090031965
189.5625 0.281089892865
190.0625 0.281089752374
190.5625 0.28108960006
191.0625 0.281089455397
191.5625 0.281089310733
192.0625 0.281089161897
192.5625 0.281089011669
193.0625 0.281088861441
193.5625 0.281088711214
194.0625 0.281088560291
194.5625 0.281088410063
195.0625 0.281088259836
195.5625 0.281088109608
196.0625 0.28108795938
196.5625 0.281087809153
197.0625 0.28108765823
197.5625 0.281087508002
198.0625 0.281087352211
198.5625 0.281087170686
199.0625 0.281087014894
199.5625 0.281086859102
200.0625 0.281086703311
200.5625 0.281086546824
201.0625 0.281086391032
201.5625 0.281086235241
202.0625 0.281086078754
202.5625 0.281085922962
203.0625 0.28108576717
203.5625 0.281085611379
204.0625 0.281085454892
204.5625 0.281085294927
205.0625 0.281085139136
205.5625 0.281084983344
206.0625 0.281084794169
206.5625 0.281084633509
207.0625 0.281084471458
207.5625 0.281084310102
208.0625 0.281084148051
208.5625 0.281083986
209.0625 0.281083824644
209.5625 0.281083663289
210.0625 0.281083501933
210.5625 0.281083340578
211.0625 0.281083179222
211.5625 0.281083017867
212.0625 0.281082855815
212.5625 0.28108269446
213.0625 0.281082533104
213.5625 0.281082371749
214.0625 0.281082175618
214.5625 0.281082008699
215.0625 0.281081841779
215.5625 0.28108167486
216.0625 0.28108150794
216.5625 0.281081340325
217.0625 0.28108117271
217.5625 0.281081005791
218.0625 0.281080838871
218.5625 0.281080671952
219.0625 0.281080500163
219.5625 0.281080333244
220.0625 0.281080166324
220.5625 0.281079999405
221.0625 0.281079832485
221.5625 0.281079654438
222.0625 0.281079461785
222.5625 0.28107928791
223.0625 0.281079115427
223.5625 0.281078942943
224.0625 0.28107877046
224.5625 0.281078597281
225.0625 0.281078424797
225.5625 0.281078252314
226.0625 0.28107807983
226.5625 0.281077907347
227.0625 0.281077734863
227.5625 0.28107756238
228.0625 0.281077389201
228.5625 0.281077216717
229.0625 0.281077044234
229.5625 0.281076838366
230.0625 0.281076660319
230.5625 0.281076482271
231.0625 0.281076304224
231.5625 0.281076126176
232.0625 0.281075948129
232.5625 0.281075769386
233.0625 0.281075590643
233.5625 0.281075412595
234.0625 0.281075229679
234.5625 0.281075051632
235.0625 0.281074873584
235.5625 0.281074695537
236.0625 0.281074517489
236.5625 0.281074339442
237.0625 0.281074161394
237.5625 0.281073947876
238.0625 0.281073763569
238.5625 0.281073579262
239.0625 0.281073395651
239.5625 0.281073212039
240.0625 0.281073028428
240.5625 0.281072844121
241.0625 0.281072660509
241.5625 0.281072476898
242.0625 0.281072293286
242.5625 0.281072109675
243.0625 0.281071926063
243.5625 0.281071742452
244.0625 0.281071558145
244.5625 0.281071374533
245.0625 0.281071163102
245.5625 0.281070969753
246.0625 0.281070780578
246.5625 0.281070591402
247.0625 0.281070402227
247.5625 0.281070213051
248.0625 0.281070023876
248.5625 0.281069834005
249.0625 0.281069644829
249.5625 0.281069450786
250.0625 0.281069282475
250.5625 0.2810690933
251.0625 0.281068904124
251.5625 0.281068714949
252.0625 0.281068525773
252.5625 0.281068336598
253.0625 0.281068114038
253.5625 0.281067918603
254.0625 0.281067723864
254.5625 0.281067529124
255.0625 0.281067334385
255.5625 0.281067136863
256.0625 0.281066736952
257.0625 0.281066336345
258.0625 0.281065935738
259.0625 0.281065535131
260.0625 0.281065133829
261.0625 0.281064692188
262.0625 0.281064280453
263.0625 0.281063868718
264.0625 0.281063456288
265.0625 0.281063041075
266.0625 0.281062627254
267.0625 0.281062215519
268.0625 0.281061752317
269.0625 0.281061325977
270.0625 0.281060903114
271.0625 0.281060480251
272.0625 0.281060055997
273.0625 0.281059633135
274.0625 0.281059210272
275.0625 0.281058787409
276.0625 0.281058307515
277.0625 0.281057873525
278.0625 0.281057438838
279.0625 0.281057004847
280.0625 0.281056570161
281.0625 0.28105613617
282.0625 0.281055697311
283.0625 0.28105526332
284.0625 0.281054768821
285.0625 0.281054323702
286.0625 0.281053877888
287.0625 0.281053432769
288.0625 0.281052986955
289.0625 0.281052541836
290.0625 0.281052096022
291.0625 0.281051650208
292.0625 0.28105114319
293.0625 0.281050686943
294.0625 0.281050230696
295.0625 0.281049774449
296.0625 0.281049316812
297.0625 0.281048860565
298.0625 0.281048404318
299.0625 0.281047888954
300.0625 0.281047421579
301.0625 0.281046954205
302.0625 0.281046486135
303.0625 0.281046018064
304.0625 0.281045549994
305.0625 0.281045082619
306.0625 0.281044615245
307.0625 0.281044090839
308.0625 0.281043611641
309.0625 0.281043133138
310.0625 0.281042654636
311.0625 0.281042176133
312.0625 0.28104166981
313.0625 0.281041191308
314.0625 0.281040712805
315.0625 0.281040200918
316.0625 0.281039709897
317.0625 0.281039216789
318.0625 0.281038727158
319.0625 0.281038232659
320.0625 0.2810377319
321.0625 0.281037229751
322.0625 0.281036725514
323.0625 0.281036165639
324.0625 0.281035653752
325.0625 0.281035141865
326.0625 0.281034629979
327.0625 0.281034117397
328.0625 0.281033604815
329.0625 0.281033092928
330.0625 0.281032512883
331.0625 0.281031975958
332.0625 0.281031452944
333.0625 0.281030929929
334.0625 0.281030405523
335.0625 0.281029878336
336.0625 0.281029354626
337.0625 0.281028831611
338.0625 0.28102822305
339.0625 0.281027688212
340.0625 0.281027153374
341.0625 0.281026619232
342.0625 0.281026085089
343.0625 0.281025550947
344.0625 0.281025016109
345.0625 0.281024481966
346.0625 0.2810238588
347.0625 0.281023312834
348.0625 0.281022767564
349.0625 0.281022222293
350.0625 0.281021677023
351.0625 0.281021131752
352.0625 0.281020585786
353.0625 0.28101997653
354.0625 0.28101939718
355.0625 0.281018840781
356.0625 0.281018284383
357.0625 0.281017727984
358.0625 0.281017170891
359.0625 0.281016614492
360.0625 0.281016056703
361.0625 0.281015415453
362.0625 0.281014847927
363.0625 0.281014280401
364.0625 0.281013712874
365.0625 0.281013145348
366.0625 0.281012577821
367.0625 0.281012009599
368.0625 0.281011441377
369.0625 0.281010785523
370.0625 0.281010206868
371.0625 0.281009628214
372.0625 0.281009044691
373.0625 0.281008466037
374.0625 0.281007886687
375.0625 0.281007337243
376.0625 0.281006721727
377.0625 0.281006054049
378.0625 0.281005464267
379.0625 0.281004874485
380.0625 0.281004284702
381.0625 0.281003694224
382.0625 0.281003104442
383.0625 0.2810025084
384.0625 0.281001823334
385.0625 0.281001211296
386.0625 0.281000599258
387.0625 0.28099998722
388.0625 0.280999374486
389.0625 0.280998762447
390.0625 0.280998150409
391.0625 0.280997538371
392.0625 0.280996800447
393.0625 0.280996176586
394.0625 0.280995553419
395.0625 0.280994929558
396.0625 0.280994306391
397.0625 0.280993682529
398.0625 0.280993059363
399.0625 0.280992388208
400.0625 0.280991687145
401.0625 0.280991052851
402.0625 0.280990417861
403.0625 0.280989783567
404.0625 0.280989149273
405.0625 0.280988514979
406.0625 0.280987880684
407.0625 0.280987128156
408.0625 0.280986482038
409.0625 0.28098583592
410.0625 0.280985190498
411.0625 0.280984545076
412.0625 0.280983894785
413.0625 0.280983249363
414.0625 0.280982603245
415.0625 0.280981836111
416.0625 0.28098117817
417.0625 0.280980520924
418.0625 0.280979864374
419.0625 0.280979207823
420.0625 0.280978551273
421.0625 0.280977894723
422.0625 0.28097712272
423.0625 0.280976454347
424.0625 0.280975785973
425.0625 0.280975118295
426.0625 0.280974450617
427.0625 0.280973782938
428.0625 0.28097311526
429.0625 0.280972447582
430.0625 0.280971660278
431.0625 0.280970980777
432.0625 0.280970298493
433.0625 0.2809696176
434.0625 0.280968938794
435.0625 0.280968259988
436.0625 0.280967581182
437.0625 0.280966846736
438.0625 0.280966117854
439.0625 0.28096542792
440.0625 0.28096473729
441.0625 0.280964047356
442.0625 0.280963357422
443.0625 0.280962667488
444.0625 0.280961977554
445.0625 0.280961169385
446.0625 0.280960469019
447.0625 0.28095975196
448.0625 0.28095903977
449.0625 0.28095832758
450.0625 0.28095761539
451.0625 0.2809569032
452.0625 0.28095619101
453.0625 0.280955316769
454.0625 0.280954590669
455.0625 0.280953867351
456.0625 0.280953144033
457.0625 0.28095242002
458.0625 0.280951696702
459.0625 0.280950972688
460.0625 0.280950140872
461.0625 0.280949361219
462.0625 0.280948626773
463.0625 0.280947892327
464.0625 0.280947157881
465.0625 0.28094642274
466.0625 0.280945688294
467.0625 0.280944953848
468.0625 0.280944060133
469.0625 0.280943314559
470.0625 0.280942568985
471.0625 0.280941823411
472.0625 0.280941077837
473.0625 0.280940331567
474.0625 0.280939585993
475.0625 0.280938784084
476.0625 0.280937926535
477.0625 0.280937169833
478.0625 0.280936413131
479.0625 0.280935656429
480.0625 0.280934899727
481.0625 0.280934141635
482.0625 0.280933384933
483.0625 0.280932470353
484.0625 0.280931702523
485.0625 0.280930934693
486.0625 0.280930166863
487.0625 0.280929399033
488.0625 0.280928631203
489.0625 0.280927862678
490.0625 0.280927080243
491.0625 0.280926164967
492.0625 0.280925386009
493.0625 0.280924607051
494.0625 0.280923828094
495.0625 0.280923049136
496.0625 0.280922270178
497.0625 0.280921485656
498.0625 0.280920550907
499.0625 0.280919760125
500.0625 0.280918970039
501.0625 0.280918179954
502.0625 0.280917389868
503.0625 0.280916599087
504.0625 0.280915809001
505.0625 0.280915017524
506.0625 0.280914090425
507.0625 0.280913288516
508.0625 0.280912487302
509.0625 0.280911686088
510.0625 0.280910869573
511.0625 0.28091005445
512.0625 0.280908280234
514.0625 0.280906583914
516.0625 0.280904936975
518.0625 0.280903290035
520.0625 0.280901433751
522.0625 0.28089976386
524.0625 0.280898093969
526.0625 0.280896424774
528.0625 0.280894545538
530.0625 0.280892853391
532.0625 0.28089116194
534.0625 0.280889469793
536.0625 0.280887563433
538.0625 0.28088584903
540.0625 0.280884135323
542.0625 0.280882264433
544.0625 0.280880481871
546.0625 0.280878745908
548.0625 0.280877008554
550.0625 0.28087506881
552.0625 0.280873309895
554.0625 0.280871551676
556.0625 0.280869792761
558.0625 0.280867825197
560.0625 0.280866044027
562.0625 0.28086427468
564.0625 0.280862492814
566.0625 0.280860493257
568.0625 0.28085868983
570.0625 0.280856887099
572.0625 0.280854888933
574.0625 0.280852977704
576.0625 0.280851130461
578.0625 0.280849283219
580.0625 0.280847180728
582.0625 0.280845311229
584.0625 0.280843441035
586.0625 0.280841571536
588.0625 0.280839441225
590.0625 0.280837543907
592.0625 0.280835651456
594.0625 0.280833720058
596.0625 0.28083160018
598.0625 0.280829685474
600.0625 0.280827770768
602.0625 0.280825605682
604.0625 0.280823669415
606.0625 0.280821732453
608.0625 0.280819795491
610.0625 0.28081760189
612.0625 0.280815643368
614.0625 0.280813679976
616.0625 0.280811720063
618.0625 0.280809497947
620.0625 0.280807516473
622.0625 0.280805535694
624.0625 0.280803361567
626.0625 0.280801246557
628.0625 0.280799243523
630.0625 0.280797240488
632.0625 0.280794926566
634.0625 0.28079290058
636.0625 0.280790870422
638.0625 0.280788814529
640.0625 0.280786444967
642.0625 0.280784374469
644.0625 0.280782304667
646.0625 0.280780124281
648.0625 0.28077783957
650.0625 0.280775747511
652.0625 0.280773654758
654.0625 0.280771253898
656.0625 0.280769138889
658.0625 0.280767024574
660.0625 0.280764909565
662.0625 0.280762479494
664.0625 0.280760340838
666.0625 0.28075820079
668.0625 0.28075600858
670.0625 0.280753604244
672.0625 0.280751444026
674.0625 0.2807492852
676.0625 0.280746818964
678.0625 0.280744637187
680.0625 0.280742455409
682.0625 0.280740274327
684.0625 0.28073777888
686.0625 0.280735575542
688.0625 0.280733370813
690.0625 0.280731134787
692.0625 0.280728576745
694.0625 0.280726351151
696.0625 0.280724124862
698.0625 0.280721529959
700.0625 0.280719243161
702.0625 0.280716973055
704.0625 0.28071470295
706.0625 0.280712056579
708.0625 0.280709764218
710.0625 0.280707471856
712.0625 0.280705125941
714.0625 0.280702503218
716.0625 0.280700187905
718.0625 0.280697868419
720.0625 0.280695184491
722.0625 0.280692847618
724.0625 0.280690510049
726.0625 0.28068817248
728.0625 0.280685458646
730.0625 0.280683099517
732.0625 0.280680740387
734.0625 0.280678299189
736.0625 0.280675636823
738.0625 0.280673255437
740.0625 0.280670874052
742.0625 0.280668123357
744.0625 0.280665713456
746.0625 0.280663309815
748.0625 0.280660906173
750.0625 0.280658058804
752.0625 0.280655631516
754.0625 0.280653204923
756.0625 0.280650594023
758.0625 0.280647901055
760.0625 0.280645452206
762.0625 0.280643004053
764.0625 0.280640063487
766.0625 0.280637570822
768.0625 0.280635078157
770.0625 0.280632584796
772.0625 0.280629641448
774.0625 0.280627125832
776.0625 0.280624610911
778.0625 0.280621667563
780.0625 0.280619124822
782.0625 0.280616587645
784.0625 0.280614049077
786.0625 0.280611070954
788.0625 0.280608511521
790.0625 0.280605952088
792.0625 0.28060333632
794.0625 0.28060038254
796.0625 0.280597800851
798.0625 0.280595219162
800.0625 0.280592196527
802.0625 0.280589592582
804.0625 0.280586987942
806.0625 0.280584383997
808.0625 0.280581336325
810.0625 0.280578710124
812.0625 0.280576075577
814.0625 0.280573208039
816.0625 0.280570297379
818.0625 0.280567648922
820.0625 0.280565000466
822.0625 0.280561840818
824.0625 0.280559168714
826.0625 0.280556494524
828.0625 0.280553750784
830.0625 0.28055057514
832.0625 0.280547859916
834.0625 0.280545143996
836.0625 0.280541921058
838.0625 0.280539183577
840.0625 0.280536446097
842.0625 0.280533707921
844.0625 0.280530453685
846.0625 0.280527693949
848.0625 0.280524933517
850.0625 0.280521874021
852.0625 0.280518888943
854.0625 0.280516106255
856.0625 0.280513323568
858.0625 0.28051002482
860.0625 0.280507220572
862.0625 0.280504416324
864.0625 0.280501525138
866.0625 0.280498206917
868.0625 0.280495380413
870.0625 0.280492553909
872.0625 0.280489220386
874.0625 0.280486371626
876.0625 0.280483522171
878.0625 0.280480671324
880.0625 0.280477228608
882.0625 0.280474357592
884.0625 0.280471486576
886.0625 0.280468032733
888.0625 0.280465133201
890.0625 0.28046219194
892.0625 0.280459266675
894.0625 0.280455758583
896.0625 0.280452819408
898.0625 0.280449881624
900.0625 0.280446641298
902.0625 0.280443403755
904.0625 0.280440443715
906.0625 0.28043748298
908.0625 0.280433932462
910.0625 0.280430950166
912.0625 0.280427967175
914.0625 0.280424858299
916.0625 0.280421403064
918.0625 0.280418392949
920.0625 0.280415387701
922.0625 0.280411712689
924.0625 0.280408685882
926.0625 0.280405658379
928.0625 0.280402582886
930.0625 0.280399008026
932.0625 0.280395958963
934.0625 0.280392909899
936.0625 0.280389019283
938.0625 0.280385947963
940.0625 0.280382875948
942.0625 0.280379770549
944.0625 0.280376052417
946.0625 0.280372958841
948.0625 0.280369860397
950.0625 0.280366097057
952.0625 0.280362981226
954.0625 0.28035981045
956.0625 0.280356659148
958.0625 0.280352854774
960.0625 0.28034969443
962.0625 0.280346533392
964.0625 0.280342751273
966.0625 0.280339523467
968.0625 0.280336340867
970.0625 0.280333154095
972.0625 0.280329296863
974.0625 0.280326092008
976.0625 0.280322887153
978.0625 0.28031909182
980.0625 0.280315740214
982.0625 0.280312513103
984.0625 0.280309283906
986.0625 0.280305292442
988.0625 0.28030204238
990.0625 0.280298793013
992.0625 0.280294978901
994.0625 0.280291561919
996.0625 0.280288290296
998.0625 0.280285016587
1000.0625 0.280280982002
1002.0625 0.280277687428
1004.0625 0.280274393549
1006.0625 0.280270533535
1008.0625 0.28026702892
1010.0625 0.280263707917
1012.0625 0.280260388304
1014.0625 0.280256309904
1016.0625 0.280252948561
1018.0625 0.280249531579
1020.0625 0.280245604797
1022.0625 0.28024203411
1024.0625 0.280235264827
1028.0625 0.2802277145
1032.0625 0.280220258761
1036.0625 0.280213200151
1040.0625 0.280205528111
1044.0625 0.280198627379
1048.0625 0.280190854493
1052.0625 0.280183868215
1056.0625 0.280176131494
1060.0625 0.28016841842
1064.0625 0.280161258268
1068.0625 0.280153362974
1072.0625 0.280146284194
1076.0625 0.280138327696
1080.0625 0.280130955417
1084.0625 0.280123030216
1088.0625 0.280114865764
1092.0625 0.280107610328
1096.0625 0.280098978501
1100.0625 0.280091678554
1104.0625 0.280083499496
1108.0625 0.280075403899
1112.0625 0.280067811146
1116.0625 0.280059564625
1120.0625 0.280052129751
1124.0625 0.280043723266
1128.0625 0.280036154856
1132.0625 0.280027780363
1136.0625 0.280019303633
1140.0625 0.280011705316
1144.0625 0.280003054711
1148.0625 0.279995397973
1152.0625 0.279986657648
1156.0625 0.279978377048
1160.0625 0.27997026615
1164.0625 0.27996145558
1168.0625 0.279953664611
1172.0625 0.279944906203
1176.0625 0.279936811301
1180.0625 0.279927863718
1184.0625 0.279918965516
1188.0625 0.279911042402
1192.0625 0.279902043352
1196.0625 0.27989403956
1200.0625 0.279884908366
1204.0625 0.279875784822
1208.0625 0.279867625239
1212.0625 0.279858342426
1216.0625 0.279850194666
1220.0625 0.279840911158
1224.0625 0.279831871769
1228.0625 0.279823319925
1232.0625 0.279813963389
1236.0625 0.27980568418
1240.0625 0.279796211496
1244.0625 0.279787045527
1248.0625 0.279778410918
1252.0625 0.279768157886
1256.0625 0.279759744446
1260.0625 0.279750021382
1264.0625 0.279740920095
1268.0625 0.27973176734
1272.0625 0.279721926042
1276.0625 0.27971333525
1280.0625 0.279703550983
1284.0625 0.27969442118
1288.0625 0.279684956146
1292.0625 0.279675105111
1296.0625 0.279666380088
1300.0625 0.279656348919
1304.0625 0.279647261541
1308.0625 0.279637613592
1312.0625 0.279627386293
1316.0625 0.279618522865
1320.0625 0.279607985374
1324.0625 0.279598468874
1328.0625 0.279588733987
1332.0625 0.279578282738
1336.0625 0.279569246131
1340.0625 0.27955877958
1344.0625 0.279548971667
1348.0625 0.279539235389
1352.0625 0.279528688161
1356.0625 0.279519518018
1360.0625 0.279508852555
1364.0625 0.279498597436
1368.0625 0.27948891193
1372.0625 0.279477452904
1376.0625 0.279468094977
1380.0625 0.279457411431
1384.0625 0.279446525495
1388.0625 0.279437131403
1392.0625 0.279426226688
1396.0625 0.279416484151
1400.0625 0.279405635077
1404.0625 0.279394703933
1408.0625 0.279385133184
1412.0625 0.279374009388
1416.0625 0.279363951095
1420.0625 0.279353210518
1424.0625 0.279341601264
1428.0625 0.279331891416
1432.0625 0.279320562447
1436.0625 0.279309553408
1440.0625 0.279299422783
1444.0625 0.279287947761
1448.0625 0.279277988228
1452.0625 0.279266642568
1456.0625 0.279254910906
1460.0625 0.279244940941
1464.0625 0.279233207889
1468.0625 0.279222556336
1472.0625 0.279211404024
1476.0625 0.279198746655
1480.0625 0.279188586123
1484.0625 0.279176842638
1488.0625 0.279165026126
1492.0625 0.279154832906
1496.0625 0.279142956581
1500.0625 0.27913227999
1504.0625 0.279120776452
1508.0625 0.279108678958
1512.0625 0.279098348725
1516.0625 0.279086338169
1520.0625 0.279073901968
1524.0625 0.279063014641
1528.0625 0.279050658422
1532.0625 0.279039609044
1536.0625 0.279027734805
1540.0625 0.279015299995
1544.0625 0.279004658179
1548.0625 0.278992202504
1552.0625 0.278980042416
1556.0625 0.278969004166
1560.0625 0.278955445431
1564.0625 0.278943791665
1568.0625 0.278932151809
1572.0625 0.278919264925
1576.0625 0.27890828301
1580.0625 0.278895550527
1584.0625 0.278882610785
1588.0625 0.278871660168
1592.0625 0.278858738509
1596.0625 0.278846122174
1600.0625 0.278834373821
1604.0625 0.278821294284
1608.0625 0.278809664165
1612.0625 0.278797068695
1616.0625 0.278783751298
1620.0625 0.278772452931
1624.0625 0.278759273243
1628.0625 0.278746084513
1632.0625 0.27873460949
1636.0625 0.278720036719
1640.0625 0.27870662682
1644.0625 0.278695053732
1648.0625 0.278681541596
1652.0625 0.278669167989
1656.0625 0.278656526616
1660.0625 0.278642934497
1664.0625 0.27863117432
1668.0625 0.27861774773
1672.0625 0.278603421861
1676.0625 0.278591709673
1680.0625 0.278577821272
1684.0625 0.278563970428
1688.0625 0.278552186604
1692.0625 0.278538129892
1696.0625 0.278524669222
1700.0625 0.278512248322
1704.0625 0.278496916762
1708.0625 0.27848317372
1712.0625 0.278470646409
1716.0625 0.278456449902
1720.0625 0.27844363535
1724.0625 0.278430048795
1728.0625 0.278415602605
1732.0625 0.278402948713
1736.0625 0.278388602674
1740.0625 0.278374070937
1744.0625 0.278361653514
1748.0625 0.278347231666
1752.0625 0.278332529532
1756.0625 0.278320160099
1760.0625 0.27830552056
1764.0625 0.278290871284
1768.0625 0.278278017784
1772.0625 0.278261901007
1776.0625 0.278246893549
1780.0625 0.278234423964
1784.0625 0.278219534742
1788.0625 0.278204434783
1792.0625 0.27819188452
1796.0625 0.278176909055
1800.0625 0.278161769453
1804.0625 0.278148465271
1808.0625 0.278133136493
1812.0625 0.278118330034
1816.0625 0.278104963952
1820.0625 0.278089369494
1824.0625 0.278073573342
1828.0625 0.278059665467
1832.0625 0.278043794201
1836.0625 0.278028298504
1840.0625 0.278015358066
1844.0625 0.277999631464
1848.0625 0.277984534983
1852.0625 0.277971020759
1856.0625 0.277954657776
1860.0625 0.27793918503
1864.0625 0.277925491369
1868.0625 0.277909420495
1872.0625 0.277893898369
1876.0625 0.277879952241
1880.0625 0.277863819468
1884.0625 0.277847153247
1888.0625 0.277832814859
1892.0625 0.277816519339
1896.0625 0.277800212691
1900.0625 0.277786699859
1904.0625 0.277770371651
1908.0625 0.277754142898
1912.0625 0.277740350476
1916.0625 0.277723166805
1920.0625 0.277706467201
1924.0625 0.277692407012
1928.0625 0.277676080194
1932.0625 0.277657744778
1936.0625 0.277643005783
1940.0625 0.277627368204
1944.0625 0.277610484989
1948.0625 0.277595524129
1952.0625 0.277579932453
1956.0625 0.277562640285
1960.0625 0.277546626442
1964.0625 0.277530730137
1968.0625 0.277513434491
1972.0625 0.277496814869
1976.0625 0.277481940252
1980.0625 0.27746465017
1984.0625 0.277446436466
1988.0625 0.2774312141
1992.0625 0.277414295413
1996.0625 0.277396985857
2000.0625 0.277382207914
2004.0625 0.277365364342
2008.0625 0.277346752813
2012.0625 0.277330766094
2016.0625 0.277314480311
2020.0625 0.277296333375
2024.0625 0.277279340271
2028.0625 0.277263667222
2032.0625 0.277244187711
2036.0625 0.27722633358
2040.0625 0.277211283002
2044.0625 0.277193812786
2048.0625 0.277159732684
2056.0625 0.277123575826
2064.0625 0.277089991615
2072.0625 0.277051585515
2080.0625 0.277017858727
2088.0625 0.276982240184
2096.0625 0.276945878849
2104.0625 0.276910848002
2112.0625 0.276871903587
2120.0625 0.276837855479
2128.0625 0.276799642728
2136.0625 0.276763921251
2144.0625 0.276726890847
2152.0625 0.276687518005
2160.0625 0.276651864687
2168.0625 0.276612452202
2176.0625 0.276576659784
2184.0625 0.276535324943
2192.0625 0.27649893857
2200.0625 0.276459370989
2208.0625 0.27642132168
2216.0625 0.276382679111
2224.0625 0.27634168089
2232.0625 0.276303742166
2240.0625 0.276263008234
2248.0625 0.276224890071
2256.0625 0.276183832038
2264.0625 0.276143342226
2272.0625 0.276102008775
2280.0625 0.276062535086
2288.0625 0.276020083275
2296.0625 0.275979500962
2304.0625 0.275937400377
2312.0625 0.275897258314
2320.0625 0.275853691619
2328.0625 0.27581148045
2336.0625 0.2757684166
2344.0625 0.275727773083
2352.0625 0.275683470551
2360.0625 0.27564075445
2368.0625 0.275597255219
2376.0625 0.275554812448
2384.0625 0.275510210852
2392.0625 0.275465511886
2400.0625 0.275421800527
2408.0625 0.275377034794
2416.0625 0.27533060682
2424.0625 0.275285940542
2432.0625 0.275242467044
2440.0625 0.275195984125
2448.0625 0.275149899727
2456.0625 0.275103473144
2464.0625 0.275058752617
2472.0625 0.275009329133
2480.0625 0.27496426364
2488.0625 0.274917722995
2496.0625 0.274870031301
2504.0625 0.274822816023
2512.0625 0.274774440654
2520.0625 0.274727297708
2528.0625 0.274676763513
2536.0625 0.274628804747
2544.0625 0.274581597815
2552.0625 0.27452928245
2560.0625 0.274482517855
2568.0625 0.274432800175
2576.0625 0.274380205914
2584.0625 0.274332808416
2592.0625 0.274280838713
2600.0625 0.274229787763
2608.0625 0.274180154934
2616.0625 0.274127030704
2624.0625 0.274076996572
2632.0625 0.274024955233
2640.0625 0.273970352375
2648.0625 0.273920268167
2656.0625 0.27386720375
2664.0625 0.273812461097
2672.0625 0.273759015547
2680.0625 0.273706511701
2688.0625 0.273652005517
2696.0625 0.273596726634
2704.0625 0.273543651785
2712.0625 0.273485027557
2720.0625 0.273432625254
2728.0625 0.273378582271
2736.0625 0.273320241806
2744.0625 0.273264211785
2752.0625 0.273209533118
2760.0625 0.273152433421
2768.0625 0.273093866919
2776.0625 0.27303712749
2784.0625 0.272981394447
2792.0625 0.272922868979
2800.0625 0.272862378034
2808.0625 0.27280467395
2816.0625 0.272744752617
2824.0625 0.272686107524
2832.0625 0.272623075924
2840.0625 0.272563853567
2848.0625 0.27250528011
2856.0625 0.272445427632
2864.0625 0.272384170248
2872.0625 0.272320564862
2880.0625 0.27225914334
2888.0625 0.272196072097
2896.0625 0.272135871175
2904.0625 0.272070607722
2912.0625 0.272007833456
2920.0625 0.27194369045
2928.0625 0.271881901706
2936.0625 0.271818166957
2944.0625 0.271753098939
2952.0625 0.271688069173
2960.0625 0.271621774297
2968.0625 0.271555793785
2976.0625 0.271485924048
2984.0625 0.27142073084
2992.0625 0.271356107245
3000.0625 0.271288463102
3008.0625 0.271221102027
3016.0625 0.271153063537
3024.0625 0.271084847694
3032.0625 0.271011919852
3040.0625 0.270943706096
3048.0625 0.270873337687
3056.0625 0.270803218267
3064.0625 0.270731012352
3072.0625 0.27066131788
3080.0625 0.270588020729
3088.0625 0.270514938486
3096.0625 0.270444009506
3104.0625 0.270371800809
3112.0625 0.270297793554
3120.0625 0.270223078282
3128.0625 0.270147011657
3136.0625 0.270072997447
3144.0625 0.269999094517
3152.0625 0.269923016069
3160.0625 0.269846687937
3168.0625 0.269768131429
3176.0625 0.269692158001
3184.0625 0.269614580059
3192.0625 0.269537935475
3200.0625 0.269457612402
3208.0625 0.269377043818
3216.0625 0.269299194632
3224.0625 0.269220414869
3232.0625 0.269136380619
3240.0625 0.269054564311
3248.0625 0.268972209688
3256.0625 0.26889107636
3264.0625 0.268805532183
3272.0625 0.268723151131
3280.0625 0.268640589946
3288.0625 0.268552532934
3296.0625 0.268467304513
3304.0625 0.268383471261
3312.0625 0.268298434102
3320.0625 0.268205530164
3328.0625 0.268119691792
3336.0625 0.268033413169
3344.0625 0.267943944296
3352.0625 0.267851857569
3360.0625 0.26776298752
3368.0625 0.267670410466
3376.0625 0.267579029669
3384.0625 0.267486825402
3392.0625 0.267394889598
3400.0625 0.267299806665
3408.0625 0.267206092472
3416.0625 0.267109371641
3424.0625 0.267016067792
3432.0625 0.266915318636
3440.0625 0.266819504038
3448.0625 0.266722389555
3456.0625 0.266621111821
3464.0625 0.266521923362
3472.0625 0.26642056495
3480.0625 0.266319366502
3488.0625 0.266215244876
3496.0625 0.26611348377
3504.0625 0.26601179291
3512.0625 0.265904603442
3520.0625 0.265801327541
3528.0625 0.26569316994
3536.0625 0.26558744519
3544.0625 0.265479069202
3552.0625 0.265364997085
3560.0625 0.265258101813
3568.0625 0.265143576231
3576.0625 0.26503570587
3584.0625 0.264915507806
3592.0625 0.264809552846
3600.0625 0.264690548952
3608.0625 0.264569041265
3616.0625 0.264458877847
3624.0625 0.264334497057
3632.0625 0.264218227166
3640.0625 0.264098079178
3648.0625 0.263970882316
3656.0625 0.263850323984
3664.0625 0.263726514198
3672.0625 0.263598287304
3680.0625 0.263468584563
3688.0625 0.263336664574
3696.0625 0.26321551646
3704.0625 0.263080724064
3712.0625 0.262944676294
3720.0625 0.262810144014
3728.0625 0.262670980413
3736.0625 0.262531967735
3744.0625 0.262392879247
3752.0625 0.262259705275
3760.0625 0.262117126778
3768.0625 0.261972834574
3776.0625 0.261824661491
3784.0625 0.261677844628
3792.0625 0.261528651945
3800.0625 0.261364459454
3808.0625 0.261212173195
3816.0625 0.261057820611
3824.0625 0.260899072479
3832.0625 0.260739380557
3840.0625 0.260580082981
3848.0625 0.260405677797
3856.0625 0.260238658802
3864.0625 0.260069348837
3872.0625 0.259893421902
3880.0625 0.25972121171
3888.0625 0.259530246021
3896.0625 0.25935415634
3904.0625 0.259163927183
3912.0625 0.258974232865
3920.0625 0.258783359677
3928.0625 0.258581987945
3936.0625 0.258377432224
3944.0625 0.258171054297
3952.0625 0.257960305165
3960.0625 0.257748822283
3968.0625 0.257525578528
3976.0625 0.257295627389
3984.0625 0.257061249405
3992.0625 0.256815658602
4000.0625 0.256571437929
4008.0625 0.256315344409
4016.0625 0.256044586312
4024.0625 0.255774920147
4032.0625 0.255492424129
4040.0625 0.255187984451
4048.0625 0.254851480225
4056.0625 0.254522037391
4064.0625 0.254154646791
4072.0625 0.253808308222
4080.0625 0.25341416042
4088.0625 0.253006734168
4096.0625 0.252019557412
4112.0625 0.250711245545
4128.0625 0.248309412484
4144.0625 0.248294914131
4160.0625 0.248282739437
4176.0625 0.248270972305
4192.0625 0.248259107803
4208.0625 0.248245480214
4224.0625 0.248233360464
4240.0625 0.248221402766
4256.0625 0.24820896726
4272.0625 0.248195670033
4288.0625 0.248183557934
4304.0625 0.248170529168
4320.0625 0.248157167259
4336.0625 0.248144743577
4352.0625 0.248131602836
4368.0625 0.248118875221
4384.0625 0.248105944521
4400.0625 0.248093321926
4416.0625 0.248079306945
4432.0625 0.248066438144
4448.0625 0.248052736832
4464.0625 0.248039246255
4480.0625 0.248026146549
4496.0625 0.248013394592
4512.0625 0.247998707064
4528.0625 0.247985412618
4544.0625 0.247972480526
4560.0625 0.247957710929
4576.0625 0.247944216876
4592.0625 0.24793106292
4608.0625 0.247918029982
4624.0625 0.247902868124
4640.0625 0.247889479786
4656.0625 0.247875955826
4672.0625 0.247862346319
4688.0625 0.247847569767
4704.0625 0.247833425423
4720.0625 0.247819631609
4736.0625 0.247805436494
4752.0625 0.247790432514
4768.0625 0.247776443265
4784.0625 0.247762655016
4800.0625 0.247746996572
4816.0625 0.247732777114
4832.0625 0.247718867848
4848.0625 0.247705078903
4864.0625 0.247689415591
4880.0625 0.247675351229
4896.0625 0.24766061432
4912.0625 0.247645982431
4928.0625 0.247630703034
4944.0625 0.247615615594
4960.0625 0.247601015699
4976.0625 0.247585145128
4992.0625 0.247570135584
5008.0625 0.247555406326
5024.0625 0.247541287715
5040.0625 0.24752488787
5056.0625 0.247510088367
5072.0625 0.247494988408
5088.0625 0.247480049805
5104.0625 0.247464824656
5120.0625 0.247448195993
5136.0625 0.247433043871
5152.0625 0.247416645418
5168.0625 0.247400941071
5184.0625 0.247385663065
5200.0625 0.247370938675
5216.0625 0.247353122796
5232.0625 0.247337910167
5248.0625 0.247322828291
5264.0625 0.247307307556
5280.0625 0.247290819383
5296.0625 0.247274251228
5312.0625 0.24725857957
5328.0625 0.247240996683
5344.0625 0.247225077427
5360.0625 0.247209515658
5376.0625 0.247194014397
5392.0625 0.247176964957
5408.0625 0.247160131817
5424.0625 0.247144076244
5440.0625 0.247128207064
5456.0625 0.24710980488
5472.0625 0.247093537876
5488.0625 0.24707795385
5504.0625 0.247059612175
5520.0625 0.247043386205
5536.0625 0.247026922374
5552.0625 0.247010419596
5568.0625 0.246991694701
5584.0625 0.246975244781
5600.0625 0.246958871365
5616.0625 0.246942656523
5632.0625 0.246924520715
5648.0625 0.246906864105
5664.0625 0.24689023266
5680.0625 0.246872614998
5696.0625 0.246854159261
5712.0625 0.246837244748
5728.0625 0.246820935318
5744.0625 0.246800847942
5760.0625 0.246784548945
5776.0625 0.246767295029
5792.0625 0.246750033462
5808.0625 0.246731889308
5824.0625 0.246714771014
5840.0625 0.246697595689
5856.0625 0.246677953432
5872.0625 0.246660275262
5888.0625 0.246643264074
5904.0625 0.246626116569
5920.0625 0.246605685618
5936.0625 0.246586057967
5952.0625 0.246570798739
5968.0625 0.246552283189
5984.0625 0.246531476668
6000.0625 0.246512997284
6016.0625 0.246495320505
6032.0625 0.246475462644
6048.0625 0.246457452721
6064.0625 0.246438994203
6080.0625 0.246420876478
6096.0625 0.246401792706
6112.0625 0.246381710199
6128.0625 0.246363899189
6144.0625 0.246344201292
6160.0625 0.246326112778
6176.0625 0.246306174239
6192.0625 0.246287858993
6208.0625 0.246267957315
6224.0625 0.246249349264
6240.0625 0.246229651368
6256.0625 0.246210868051
6272.0625 0.246191487997
6288.0625 0.246173537192
6304.0625 0.246152276511
6320.0625 0.246131401136
6336.0625 0.246112843856
6352.0625 0.246094078623
6368.0625 0.246074090704
6384.0625 0.24605345458
6400.0625 0.246033971592
6416.0625 0.246015687644
6432.0625 0.245992585979
6448.0625 0.245972568154
6464.0625 0.245952640743
6480.0625 0.245934703847
6496.0625 0.245911271126
6512.0625 0.24589227151
6528.0625 0.245872747488
6544.0625 0.245853144874
6560.0625 0.245831281197
6576.0625 0.245812317746
6592.0625 0.245792523175
6608.0625 0.245770032854
6624.0625 0.245748249159
6640.0625 0.245730733735
6656.0625 0.245711334903
6672.0625 0.245687107923
6688.0625 0.245668284963
6704.0625 0.245647718389
6720.0625 0.245621623997
6736.0625 0.245603185647
6752.0625 0.24558097283
6768.0625 0.2455627786
6784.0625 0.245539827859
6800.0625 0.24551907976
6816.0625 0.245499557129
6832.0625 0.245476105629
6848.0625 0.24545160045
6864.0625 0.245434112151
6880.0625 0.245410872778
6896.0625 0.245386414893
6912.0625 0.245366013152
6928.0625 0.245345222628
6944.0625 0.245322991728
6960.0625 0.245299990215
6976.0625 0.245279863196
6992.0625 0.245258622685
7008.0625 0.245235459817
7024.0625 0.245215262553
7040.0625 0.245193675684
7056.0625 0.245172931758
7072.0625 0.245145107662
7088.0625 0.245123416468
7104.0625 0.245102990385
7120.0625 0.245079058296
7136.0625 0.245057509679
7152.0625 0.2450365731
7168.0625 0.245015121853
7184.0625 0.244989493444
7200.0625 0.244969052756
7216.0625 0.244946473411
7232.0625 0.244919075655
7248.0625 0.244896897612
7264.0625 0.244874136742
7280.0625 0.24485328571
7296.0625 0.244828075296
7312.0625 0.244806306901
7328.0625 0.244784226228
7344.0625 0.244760063234
7360.0625 0.244736307106
7376.0625 0.244715433818
7392.0625 0.2446925568
7408.0625 0.244663621298
7424.0625 0.244641683202
7440.0625 0.244619253389
7456.0625 0.244594263447
7472.0625 0.244570762567
7488.0625 0.244548247208
7504.0625 0.244526440561
7520.0625 0.244498723572
7536.0625 0.244476510059
7552.0625 0.244453542626
7568.0625 0.244429418579
7584.0625 0.244402472202
7600.0625 0.244380950014
7616.0625 0.24435731073
7632.0625 0.244326077998
7648.0625 0.244303904823
7664.0625 0.244280675188
7680.0625 0.24425659148
7696.0625 0.244231423491
7712.0625 0.244208638974
7728.0625 0.244185895491
7744.0625 0.244154493058
7760.0625 0.244132596692
7776.0625 0.244109834431
7792.0625 0.244084255402
7808.0625 0.244057429346
7824.0625 0.244033369286
7840.0625 0.244010148691
7856.0625 0.243981350898
7872.0625 0.243954528319
7888.0625 0.243933205739
7904.0625 0.2439033953
7920.0625 0.243877677172
7936.0625 0.243854663141
7952.0625 0.243829739967
7968.0625 0.243801212027
7984.0625 0.2437771005
8000.0625 0.243753258826
8016.0625 0.243727029507
8032.0625 0.243699383458
8048.0625 0.243675539698
8064.0625 0.243650750755
8080.0625 0.243619196703
8096.0625 0.243597972883
8112.0625 0.24357006811
8128.0625 0.243540360605
8144.0625 0.243515569576
8160.0625 0.243488757429
8176.0625 0.243462889769
8192.0625 0.243365175071
8224.0625 0.24331169892
8256.0625 0.243262155114
8288.0625 0.243204610994
8320.0625 0.243153487713
8352.0625 0.243097653127
8384.0625 0.243046693287
8416.0625 0.242993445259
8448.0625 0.242935947042
8480.0625 0.242885558206
8512.0625 0.242824770979
8544.0625 0.242774954538
8576.0625 0.242720564502
8608.0625 0.242667589804
8640.0625 0.242609965006
8672.0625 0.242549245938
8704.0625 0.242496838766
8736.0625 0.242435858191
8768.0625 0.242382016902
8800.0625 0.242324401146
8832.0625 0.242266927967
8864.0625 0.242212736148
8896.0625 0.242151759049
8928.0625 0.242097912197
8960.0625 0.242034990486
8992.0625 0.241980706861
9024.0625 0.241921856596
9056.0625 0.241860301538
9088.0625 0.241807584175
9120.0625 0.241739612452
9152.0625 0.241681942447
9184.0625 0.241620872848
9216.0625 0.241561275617
9248.0625 0.241504972266
9280.0625 0.241436194461
9312.0625 0.241381489364
9344.0625 0.24131766907
9376.0625 0.241256230856
9408.0625 0.24119988647
9440.0625 0.241130779695
9472.0625 0.241072556073
9504.0625 0.241009984198
9536.0625 0.240948613447
9568.0625 0.24088443984
9600.0625 0.240820141738
9632.0625 0.240761851348
9664.0625 0.240691174138
9696.0625 0.240631600555
9728.0625 0.240563210838
9760.0625 0.240497742908
9792.0625 0.240438179062
9824.0625 0.240371689446
9856.0625 0.240308979166
9888.0625 0.240240558152
9920.0625 0.240174571381
9952.0625 0.240114747418
9984.0625 0.240040978719
10016.0625 0.239977853922
10048.0625 0.239907338068
10080.0625 0.239842638664
10112.0625 0.239781236616
10144.0625 0.239702876934
10176.0625 0.23964057213
10208.0625 0.239576178049
10240.0625 0.239499128686
10272.0625 0.239438760148
10304.0625 0.239365757888
10336.0625 0.239300335166
10368.0625 0.239230800659
10400.0625 0.239154334818
10432.0625 0.239089495619
10464.0625 0.239020430573
10496.0625 0.238951195131
10528.0625 0.238874837092
10560.0625 0.238803425436
10592.0625 0.238738823402
10624.0625 0.238663465489
10656.0625 0.238595490289
10688.0625 0.238523737144
10720.0625 0.238438583836
10752.0625 0.238373613188
10784.0625 0.238301249395
10816.0625 0.238224201422
10848.0625 0.238153532558
10880.0625 0.238078600291
10912.0625 0.238011430478
10944.0625 0.237931799425
10976.0625 0.237856735013
11008.0625 0.237790445005
11040.0625 0.237701465763
11072.0625 0.237633775717
11104.0625 0.237561327769
11136.0625 0.237472980039
11168.0625 0.237405268432
11200.0625 0.237329319347
11232.0625 0.237258691517
11264.0625 0.237181531569
11296.0625 0.237089726519
11328.0625 0.237022403
11360.0625 0.23693786034
11392.0625 0.236862592147
11424.0625 0.236793160574
11456.0625 0.236701808988
11488.0625 0.236630839669
11520.0625 0.236552568315
11552.0625 0.236466218751
11584.0625 0.236396401872
11616.0625 0.236306844671
11648.0625 0.236227023748
11680.0625 0.236158166656
11712.0625 0.236062719978
11744.0625 0.235987868388
11776.0625 0.235912370681
11808.0625 0.235815693666
11840.0625 0.235741070895
11872.0625 0.235662945596
11904.0625 0.235579362028
11936.0625 0.235492421291
11968.0625 0.235410454061
12000.0625 0.235335932137
12032.0625 0.235242377213
12064.0625 0.235157089675
12096.0625 0.235081893814
12128.0625 0.234991552091
12160.0625 0.23490776196
12192.0625 0.234828903606
12224.0625 0.234728271294
12256.0625 0.234651507084
12288.0625 0.234570899553
12320.0625 0.234469595389
12352.0625 0.234391346987
12384.0625 0.234305738824
12416.0625 0.234208218865
12448.0625 0.234130475395
12480.0625 0.234038000579
12512.0625 0.233957706022
12544.0625 0.23387512258
12576.0625 0.233767252915
12608.0625 0.23368887515
12640.0625 0.233602992265
12672.0625 0.233504773331
12704.0625 0.233427408212
12736.0625 0.233322971525
12768.0625 0.23323601966
12800.0625 0.233156984649
12832.0625 0.233048521724
12864.0625 0.232957022692
12896.0625 0.232871274734
12928.0625 0.2327784939
12960.0625 0.232694906854
12992.0625 0.232595684316
13024.0625 0.232504399498
13056.0625 0.232421545508
13088.0625 0.232311356356
13120.0625 0.23222336959
13152.0625 0.232141322377
13184.0625 0.232028320632
13216.0625 0.231936281198
13248.0625 0.231854332051
13280.0625 0.231741516003
13312.0625 0.231652840693
13344.0625 0.231567998969
13376.0625 0.23145360901
13408.0625 0.231365239719
13440.0625 0.231272700918
13472.0625 0.231173297551
13504.0625 0.231085221065
13536.0625 0.230971292221
13568.0625 0.230880447653
13600.0625 0.230793463099
13632.0625 0.230675687455
13664.0625 0.2305821527
13696.0625 0.230494296688
13728.0625 0.230376728997
13760.0625 0.230279009431
13792.0625 0.230191835006
13824.0625 0.230089949406
13856.0625 0.229977097193
13888.0625 0.229880284556
13920.0625 0.229770099577
13952.0625 0.22967245582
13984.0625 0.229586787149
14016.0625 0.229463769535
14048.0625 0.229366108391
14080.0625 0.229274781843
14112.0625 0.229159651178
14144.0625 0.22905253891
14176.0625 0.228951494862
14208.0625 0.228855094656
14240.0625 0.228752117124
14272.0625 0.228639876253
14304.0625 0.228535073734
14336.0625 0.228432896721
14368.0625 0.228326274083
14400.0625 0.22821666915
14432.0625 0.228114052582
14464.0625 0.228000077835
14496.0625 0.227894603465
14528.0625 0.227794857912
14560.0625 0.227682829168
14592.0625 0.227573882872
14624.0625 0.227468651231
14656.0625 0.22735183746
14688.0625 0.227244988091
14720.0625 0.227137510686
14752.0625 0.227023226442
14784.0625 0.22691492209
14816.0625 0.226794139112
14848.0625 0.226689038225
14880.0625 0.226583622972
14912.0625 0.226459947417
14944.0625 0.226358131367
14976.0625 0.226250752028
15008.0625 0.226126779496
15040.0625 0.226022456871
15072.0625 0.225895283656
15104.0625 0.225787363915
15136.0625 0.225688425836
15168.0625 0.225557878065
15200.0625 0.22544558225
15232.0625 0.225343979717
15264.0625 0.22522601907
15296.0625 0.225086125892
15328.0625 0.224983829252
15360.0625 0.224871902051
15392.0625 0.224739048008
15424.0625 0.224632930998
15456.0625 0.224529107741
15488.0625 0.224392518178
15520.0625 0.224278153951
15552.0625 0.224163010767
15584.0625 0.224044589005
15616.0625 0.223914501653
15648.0625 0.22380821216
15680.0625 0.22368973754
15712.0625 0.223559280879
15744.0625 0.223445356903
15776.0625 0.223312698295
15808.0625 0.22319761701
15840.0625 0.223089668753
15872.0625 0.222967189455
15904.0625 0.222819592244
15936.0625 0.22271115088
15968.0625 0.222599627067
16000.0625 0.222449875203
16032.0625 0.222334640213
16064.0625 0.222228562151
16096.0625 0.222081498387
16128.0625 0.221949224389
16160.0625 0.22183502291
16192.0625 0.221713329524
16224.0625 0.221588740085
16256.0625 0.221466499343
16288.0625 0.221328962512
16320.0625 0.221191653108
16352.0625 0.221067484446
16384.0625 0.220811626004
16448.0625 0.220574418038
16512.0625 0.220306841149
16576.0625 0.220041102462
16640.0625 0.219765488397
16704.0625 0.21950687161
16768.0625 0.219248454431
16832.0625 0.218986465869
16896.0625 0.218712966118
16960.0625 0.218424929067
17024.0625 0.218186316891
17088.0625 0.217894860771
17152.0625 0.217614352486
17216.0625 0.217339684995
17280.0625 0.217055418238
17344.0625 0.216789548102
17408.0625 0.216503902868
17472.0625 0.216219937958
17536.0625 0.215918899266
17600.0625 0.215665512624
17664.0625 0.215367059098
17728.0625 0.215088805618
17792.0625 0.214783526474
17856.0625 0.214487257507
17920.0625 0.214189475137
17984.0625 0.213895476276
18048.0625 0.213579291722
18112.0625 0.213290832503
18176.0625 0.212995158883
18240.0625 0.212684766437
18304.0625 0.21237405267
18368.0625 0.212089704541
18432.0625 0.211755906498
18496.0625 0.211478425021
18560.0625 0.211144218025
18624.0625 0.210829353526
18688.0625 0.210525093287
18752.0625 0.210197204196
18816.0625 0.209871743784
18880.0625 0.209573834137
18944.0625 0.209244526925
19008.0625 0.208912578212
19072.0625 0.20857088557
19136.0625 0.208270271827
19200.0625 0.207916456654
19264.0625 0.20760057951
19328.0625 0.207277373903
19392.0625 0.20692493373
19456.0625 0.206589044324
19520.0625 0.206223363954
19584.0625 0.205926290991
19648.0625 0.205544071677
19712.0625 0.205224461099
19776.0625 0.204879242282
19840.0625 0.204518026314
19904.0625 0.204175994965
19968.0625 0.203794633895
20032.0625 0.203452448841
20096.0625 0.203117664582
20160.0625 0.202737545671
20224.0625 0.202377427895
20288.0625 0.2020051083
20352.0625 0.201654703849
20416.0625 0.201285670483
20480.0625 0.2009191423
20544.0625 0.200533685442
20608.0625 0.200154035993
20672.0625 0.19977336903
20736.0625 0.199421452567
20800.0625 0.199040860718
20864.0625 0.198631751361
20928.0625 0.198258933094
20992.0625 0.197856528339
21056.0625 0.197475828688
21120.0625 0.197111184609
21184.0625 0.196678301737
21248.0625 0.196292265529
21312.0625 0.195916230584
21376.0625 0.195512418836
21440.0625 0.195091766993
21504.0625 0.194688138857
21568.0625 0.194275812821
21632.0625 0.193848711625
21696.0625 0.193464135267
21760.0625 0.193042993794
21824.0625 0.192635769932
21888.0625 0.192191710406
21952.0625 0.191788161557
22016.0625 0.191379914618
22080.0625 0.190930298062
22144.0625 0.190482107973
22208.0625 0.190084236474
22272.0625 0.189645632435
22336.0625 0.189174091693
22400.0625 0.188775510091
22464.0625 0.188302956008
22528.0625 0.18785582099
22592.0625 0.187400511086
22656.0625 0.18697085463
22720.0625 0.18649856275
22784.0625 0.18606231645
22848.0625 0.185588485433
22912.0625 0.185122189442
22976.0625 0.184677293927
23040.0625 0.184194045171
23104.0625 0.183713723766
23168.0625 0.183269814468
23232.0625 0.182805059701
23296.0625 0.182319816256
23360.0625 0.181825662785
23424.0625 0.181325928638
23488.0625 0.180876391369
23552.0625 0.18035721805
23616.0625 0.17986256869
23680.0625 0.179375411234
23744.0625 0.178884654576
23808.0625 0.178395135905
23872.0625 0.177836050038
23936.0625 0.177370514227
24000.0625 0.176845308158
24064.0625 0.176300961982
24128.0625 0.175804327669
24192.0625 0.175276629631
24256.0625 0.174747107301
24320.0625 0.174248573584
24384.0625 0.173679083761
24448.0625 0.173164230877
24512.0625 0.172627558826
24576.0625 0.172082943493
24640.0625 0.171534233762
24704.0625 0.170987338585
24768.0625 0.170420252404
24832.0625 0.169863885935
24896.0625 0.169313406857
24960.0625 0.168753316691
25024.0625 0.168183085468
25088.0625 0.167606852096
25152.0625 0.16702583787
25216.0625 0.166423478113
25280.0625 0.165873337743
25344.0625 0.165295264779
25408.0625 0.164656715475
25472.0625 0.164107150977
25536.0625 0.163529408374
25600.0625 0.162869140056
25664.0625 0.162279112871
25728.0625 0.161652578296
25792.0625 0.161009330207
25856.0625 0.160410481324
25920.0625 0.159786885229
25984.0625 0.159142415149
26048.0625 0.158572389098
26112.0625 0.157893356242
26176.0625 0.157241228033
26240.0625 0.156573721667
26304.0625 0.155971384166
26368.0625 0.155251577735
26432.0625 0.154679652278
26496.0625 0.153933706943
26560.0625 0.153260257545
26624.0625 0.152593338874
26688.0625 0.151897541733
26752.0625 0.151210026582
26816.0625 0.150552269707
26880.0625 0.149855548944
26944.0625 0.149139247823
27008.0625 0.148399331065
27072.0625 0.147718450966
27136.0625 0.147041595019
27200.0625 0.146273799221
27264.0625 0.145539251708
27328.0625 0.14480298562
27392.0625 0.14411163132
27456.0625 0.143376496806
27520.0625 0.142565984212
27584.0625 0.141737485341
27648.0625 0.141029706158
27712.0625 0.140196240041
27776.0625 0.139464985711
27840.0625 0.138613714843
27904.0625 0.137824051194
27968.0625 0.137043420674
28032.0625 0.13621026753
28096.0625 0.135412652252
28160.0625 0.134640791963
28224.0625 0.133853760774
28288.0625 0.132942718105
28352.0625 0.132153019681
28416.0625 0.131210194837
28480.0625 0.130331333559
28544.0625 0.129469087731
28608.0625 0.128613012362
28672.0625 0.127739579447
28736.0625 0.126835182262
28800.0625 0.125918650722
28864.0625 0.124970907315
28928.0625 0.124064516833
28992.0625 0.123221475098
29056.0625 0.122143065685
29120.0625 0.121201550463
29184.0625 0.120302049585
29248.0625 0.119247916533
29312.0625 0.11826430629
29376.0625 0.117327617129
29440.0625 0.116280183114
29504.0625 0.115199734501
29568.0625 0.114178146586
29632.0625 0.113125677165
29696.0625 0.112092257436
29760.0625 0.110986375154
29824.0625 0.109917225602
29888.0625 0.108868118219
29952.0625 0.107673315116
30016.0625 0.106546998405
30080.0625 0.105402308025
30144.0625 0.104247998212
30208.0625 0.103093305874
30272.0625 0.101871861022
30336.0625 0.100653273972
30400.0625 0.0995624951259
30464.0625 0.0981913151018
30528.0625 0.0968958852509
30592.0625 0.0956644342681
30656.0625 0.0942854417141
30720.0625 0.0929607564319
30784.0625 0.0916209113782
30848.0625 0.0902835589896
30912.0625 0.0888546484521
30976.0625 0.0873869249488
31040.0625 0.0860966104862
31104.0625 0.0844353618609
31168.0625 0.0829067419369
31232.0625 0.0813690130747
31296.0625 0.0797586116182
31360.0625 0.0781498828347
31424.0625 0.0765642480649
31488.0625 0.0747714501511
31552.0625 0.0730257256337
31616.0625 0.0712395001768
31680.0625 0.0696110887977
31744.0625 0.0674913337601
31808.0625 0.0655972518523
31872.0625 0.0635621917886
31936.0625 0.0614530152768
32000.0625 0.05919914039
32064.0625 0.0570310183296
32128.0625 0.0547038831527
32192.0625 0.0522805953666
32256.0625 0.0495314604716
32320.0625 0.0467402055176
32384.0625 0.0438811603659
32448.0625 0.040537718886
32512.0625 0.0370698270667
32576.0625 0.0332704984204
32640.0625 0.0289647018145
32704.0625 0.0237104106637
32768.0625 0.00522356195924
32896.0625 0.000819894863837
33024.0625 0.00081977802016
33152.0625 0.000819625706081
33280.0625 0.000819447658573
33408.0625 0.000819254310107
33536.0625 0.000819037314707
33664.0625 0.000818802931855
33792.0625 0.000818555334539
33920.0625 0.000818286872281
34048.0625 0.000818005891058
34176.0625 0.000817710999873
34304.0625 0.000817395939244
34432.0625 0.000817072532638
34560.0625 0.000816734520572
34688.0625 0.000816388858027
34816.0625 0.000816029981019
34944.0625 0.000815640502096
35072.0625 0.000815273974609
35200.0625 0.000814874063214
35328.0625 0.000814466501341
35456.0625 0.000814048506996
35584.0625 0.000813622862172
35712.0625 0.000813184002885
35840.0625 0.000812745839097
35968.0625 0.000812286810365
36096.0625 0.000811815958167
36224.0625 0.00081134788796
36352.0625 0.000810852693329
36480.0625 0.00081036028069
36608.0625 0.000809856740082
36736.0625 0.000809343462501
36864.0625 0.000808829489421
36992.0625 0.000808293260403
37120.0625 0.000807754944891
37248.0625 0.000807197155433
37376.0625 0.000806656753427
37504.0625 0.000806083663011
37632.0625 0.000805511963591
37760.0625 0.000804936091182
37888.0625 0.000804349786303
38016.0625 0.000803751657956
38144.0625 0.000803141010644
38272.0625 0.00080253105883
38400.0625 0.000801895373587
38528.0625 0.000801268034321
38656.0625 0.000800621916607
38784.0625 0.000799970930406
38912.0625 0.000799315771217
39040.0625 0.00079866687151
39168.0625 0.000797992933873
39296.0625 0.000797313432251
39424.0625 0.000796613065687
39552.0625 0.000795928695579
39680.0625 0.000795224156026
39808.0625 0.000794517529979
39936.0625 0.000793795602974
40064.0625 0.000793070893977
40192.0625 0.000792338534502
40320.0625 0.00079159017857
40448.0625 0.000790848082121
40576.0625 0.000790096248699
40704.0625 0.000789333982806
40832.0625 0.000788567543925
40960.0625 0.000787789281576
41088.0625 0.000787007541736
41216.0625 0.000786207718947
41344.0625 0.000785412764644
41472.0625 0.00078460737787
41600.0625 0.000783803382093
41728.0625 0.000782977825874
41856.0625 0.000782148096668
41984.0625 0.000781316976465
42112.0625 0.000780477510285
42240.0625 0.000779637348607
42368.0625 0.000778770758003
42496.0625 0.000777915295367
42624.0625 0.000777045227272
42752.0625 0.0007761668132
42880.0625 0.000775288399128
43008.0625 0.000774383556129
43136.0625 0.000773484277114
43264.0625 0.000772571783636
43392.0625 0.000771663463147
43520.0625 0.000770747492179
43648.0625 0.000769801614793
43776.0625 0.000768866169879
43904.0625 0.000767937679945
44032.0625 0.000766979979092
44160.0625 0.000766022973737
44288.0625 0.000765054144915
44416.0625 0.00076407905661
44544.0625 0.00076309144934
44672.0625 0.000762103842069
44800.0625 0.000761119016791
44928.0625 0.000760126541035
45056.0625 0.000759114591332
45184.0625 0.000758099164138
45312.0625 0.00075707817296
45440.0625 0.000756055095288
45568.0625 0.0007550014157
45696.0625 0.000753974860538
45824.0625 0.000752929526927
45952.0625 0.000751868892358
46080.0625 0.000750800607311
46208.0625 0.000749720498797
46336.0625 0.000748643867772
46464.0625 0.000747557499775
46592.0625 0.000746454439824
46720.0625 0.000745372244815
46848.0625 0.000744254579404
46976.0625 0.000743137609491
47104.0625 0.000742011598104
47232.0625 0.000740878631735
47360.0625 0.000739735928394
47488.0625 0.00073857931509
47616.0625 0.000737426179278
47744.0625 0.000736277216453
47872.0625 0.000735096956216
48000.0625 0.000733920868966
48128.0625 0.00073273991323
48256.0625 0.00073153531056
48384.0625 0.000730329316893
48512.0625 0.000729128191713
48640.0625 0.000727916634062
48768.0625 0.00072668003848
48896.0625 0.000725449006882
49024.0625 0.000724209629308
49152.0625 0.000722951473285
49280.0625 0.000721707922722
49408.0625 0.000720451853194
49536.0625 0.000719163095256
49664.0625 0.000717886160786
49792.0625 0.000716602271334
49920.0625 0.000715323250369
50048.0625 0.000714021277968
50176.0625 0.000712703309111
50304.0625 0.000711392990733
50432.0625 0.000710051374941
50560.0625 0.000708713236639
50688.0625 0.000707375793836
50816.0625 0.000706023745573
50944.0625 0.000704659873843
51072.0625 0.000703281396653
51200.0625 0.000701922393409
51328.0625 0.000700534179246
51456.0625 0.000699125795639
51584.0625 0.000697722976016
51712.0625 0.000696338239343
51840.0625 0.000694896471828
51968.0625 0.000693469309773
52096.0625 0.000692017109787
52224.0625 0.000690577428766
52352.0625 0.000689112014316
52480.0625 0.000687668160307
52608.0625 0.000686198572869
52736.0625 0.000684727594435
52864.0625 0.000683217668108
52992.0625 0.000681728606724
53120.0625 0.000680214507409
53248.0625 0.000678677456657
53376.0625 0.000677158488856
53504.0625 0.00067560474615
53632.0625 0.000674051698943
53760.0625 0.00067252229867
53888.0625 0.000670950473014
54016.0625 0.000669382820347
54144.0625 0.000667798475726
54272.0625 0.000666199525646
54400.0625 0.000664599880067
54528.0625 0.000662986324527
54656.0625 0.00066136442301
54784.0625 0.000659727220535
54912.0625 0.000658090713558
55040.0625 0.000656429864149
55168.0625 0.000654751627287
55296.0625 0.00065307547692
55424.0625 0.000651392371572
55552.0625 0.000649708570726
55680.0625 0.000647968434536
55808.0625 0.000646258900261
55936.0625 0.000644518068573
56064.0625 0.000642773759394
56192.0625 0.000641041969181
56320.0625 0.000639269144581
56448.0625 0.000637491451494
56576.0625 0.000635696370956
56704.0625 0.0006339075499
56832.0625 0.000632099254898
56960.0625 0.000630270790452
57088.0625 0.000628424243056
57216.0625 0.000626592301119
57344.0625 0.000624745058225
57472.0625 0.000622855389948
57600.0625 0.000620956680196
57728.0625 0.000619071184907
57856.0625 0.000617170388661
57984.0625 0.000615253595959
58112.0625 0.000613320111303
58240.0625 0.000611352547241
58368.0625 0.000609362727241
58496.0625 0.000607373602739
58624.0625 0.000605385869233
58752.0625 0.000603387703256
58880.0625 0.00060135267588
59008.0625 0.000599312780019
59136.0625 0.000597254801207
59264.0625 0.000595224642318
59392.0625 0.000593122151629
59520.0625 0.000591002968987
59648.0625 0.000588858052915
59776.0625 0.000586729133299
59904.0625 0.000584575175753
60032.0625 0.00058241634972
60160.0625 0.000580187278381
60288.0625 0.000577994372942
60416.0625 0.000575765301603
60544.0625 0.000573523015801
60672.0625 0.000571263342546
60800.0625 0.000568970980882
60928.0625 0.000566709916632
61056.0625 0.000564345918666
61184.0625 0.000562038256044
61312.0625 0.000559633223692
61440.0625 0.000557224018351
61568.0625 0.000554786297588
61696.0625 0.000552371528263
61824.0625 0.000549883731639
61952.0625 0.000547401499
62080.0625 0.000544901878909
62208.0625 0.000542375829891
62336.0625 0.000539801791505
62464.0625 0.000537193673714
62592.0625 0.000534545217034
62720.0625 0.000531919711791
62848.0625 0.000529218397257
62976.0625 0.000526473961843
63104.0625 0.000523673191084
63232.0625 0.000520884243793
63360.0625 0.00051801600972
63488.0625 0.000515199938004
63616.0625 0.000512206514278
63744.0625 0.000509285422351
63872.0625 0.000506209234354
64000.0625 0.000503101748943
64128.0625 0.000500008173493
64256.0625 0.000496749069501
64384.0625 0.000493510134954
64512.0625 0.000490168266691
64640.0625 0.000486716509731
64768.0625 0.000483180597504
64896.0625 0.000479589045431
65024.0625 0.000475657394798
65152.0625 0.000471790425486
65280.0625 0.000467760014126
65408.0625 0.000452527910727
65536.0625 9.14273952976e-05
