0 1
0.0625 0.739599408964
0.1875 0.294089640453
16.0625 0.28673452635
16.125 0.285692004597
71.5625 0.277294368741
72.0625 0.218453455919
88.0625 0.218453391787
95.8125 0.218453327656
103.8125 0.218453263524
111.8125 0.218453199393
119.8125 0.218453135261
127.5625 0.21845307113
128.0625 0.0840908974306
135.5625 0.0840908332991
143.5625 0.0840907691676
151.5625 0.0840906409046
159.0625 0.0840905767731
159.5625 0.0840905126416
167.0625 0.0840904485101
167.5625 0.0840903843786
175.0625 0.0840903202471
175.5625 0.0840902561156
183.0625 0.0840901919841
183.5625 0.0840901278526
191.0625 0.0840899995896
199.0625 0.0840898713265
207.0625 0.0840897430635
215.0625 0.0840896148005
215.5625 0.084089550669
222.5625 0.0840894865375
223.0625 0.084089422406
223.5625 0.0840893582745
230.5625 0.0840892300115
231.5625 0.08408916588
238.5625 0.084089037617
239.5625 0.0840889734855
246.5625 0.0840888452225
247.0625 0.084088781091
254.5625 0.0840886528279
255.0625 0.0840885886964
255.5625 0.0840885245649
262.0625 0.0840883321704
270.0625 0.0840881397759
278.0625 0.0840879473814
279.0625 0.0840878832499
286.0625 0.0840876908554
287.0625 0.0840876267239
293.0625 0.0840875625923
294.0625 0.0840874343293
295.0625 0.0840873701978
301.0625 0.0840873060663
302.0625 0.0840871778033
303.0625 0.0840871136718
309.0625 0.0840869854088
310.0625 0.0840869212773
311.0625 0.0840868571458
317.0625 0.0840867288828
318.0625 0.0840866006198
319.0625 0.0840864723568
325.0625 0.0840863440937
326.0625 0.0840862158307
333.0625 0.0840860875677
334.0625 0.0840859593047
341.0625 0.0840858310417
342.0625 0.0840857027787
343.0625 0.0840856386472
349.0625 0.0840853821212
351.0625 0.0840853179897
356.0625 0.0840852538582
357.0625 0.0840850614636
359.0625 0.0840849973321
364.0625 0.0840848690691
365.0625 0.0840847408061
367.0625 0.0840846766746
372.0625 0.0840845484116
373.0625 0.0840844201486
374.0625 0.0840843560171
380.0625 0.0840841636226
381.0625 0.0840840994911
382.0625 0.0840840353595
383.0625 0.084083842965
388.0625 0.0840836505705
389.0625 0.084083586439
390.0625 0.0840835223075
395.0625 0.084083458176
396.0625 0.084083329913
397.0625 0.08408320165
403.0625 0.0840831375185
404.0625 0.0840830092555
405.0625 0.0840828809924
407.0625 0.0840828168609
411.0625 0.0840827527294
412.0625 0.0840826244664
413.0625 0.0840824962034
415.0625 0.0840824320719
419.0625 0.0840823038089
420.0625 0.0840821755459
421.0625 0.0840821114144
423.0625 0.0840820472829
427.0625 0.0840818548884
428.0625 0.0840817907569
429.0625 0.0840817266253
430.0625 0.0840816624938
435.0625 0.0840814700993
436.0625 0.0840814059678
437.0625 0.0840813418363
438.0625 0.0840812777048
442.0625 0.0840812135733
443.0625 0.0840810853103
444.0625 0.0840810211788
445.0625 0.0840809570473
446.0625 0.0840808929158
447.0625 0.0840806363898
450.0625 0.0840805081267
451.0625 0.0840803798637
453.0625 0.0840802516007
458.0625 0.0840801233377
459.0625 0.0840799950747
461.0625 0.0840798668117
466.0625 0.0840797385487
467.0625 0.0840796102857
469.0625 0.0840794820227
471.0625 0.0840794178912
474.0625 0.0840792254966
475.0625 0.0840791613651
476.0625 0.0840790331021
479.0625 0.0840789689706
481.0625 0.0840788407076
482.0625 0.0840787765761
483.0625 0.0840787124446
484.0625 0.0840785841816
487.0625 0.0840785200501
489.0625 0.0840783917871
490.0625 0.0840783276556
491.0625 0.0840782635241
492.0625 0.084078135261
494.0625 0.0840780711295
497.0625 0.0840779428665
498.0625 0.0840778146035
499.0625 0.084077750472
500.0625 0.0840776863405
502.0625 0.084077622209
505.0625 0.0840774298145
506.0625 0.084077365683
507.0625 0.0840773015515
508.0625 0.08407723742
509.0625 0.0840771732885
511.0625 0.0840768526309
512.0625 0.0840766602364
514.0625 0.0840765319734
516.0625 0.0840764037104
520.0625 0.0840762113159
522.0625 0.0840760830529
524.0625 0.0840759547899
528.0625 0.0840757623953
530.0625 0.0840756341323
532.0625 0.0840755058693
534.0625 0.0840754417378
536.0625 0.0840751852118
538.0625 0.0840751210803
540.0625 0.0840749928173
542.0625 0.0840748645543
544.0625 0.0840746721597
546.0625 0.0840745438967
548.0625 0.0840744797652
550.0625 0.0840742873707
552.0625 0.0840741591077
554.0625 0.0840740308447
556.0625 0.0840739667132
558.0625 0.0840737743187
560.0625 0.0840735819242
562.0625 0.0840735177926
564.0625 0.0840734536611
566.0625 0.0840731971351
568.0625 0.0840730688721
570.0625 0.0840730047406
572.0625 0.0840728764776
574.0625 0.084072299294
576.0625 0.084072171031
578.0625 0.0840721068995
580.0625 0.0840719786365
582.0625 0.0840717221105
584.0625 0.0840715938475
588.0625 0.0840714655845
590.0625 0.0840712090584
592.0625 0.0840710807954
596.0625 0.0840709525324
598.0625 0.0840706318749
600.0625 0.0840705036119
602.0625 0.0840704394804
604.0625 0.0840702470859
606.0625 0.0840700546913
608.0625 0.0840699264283
610.0625 0.0840697981653
612.0625 0.0840696699023
614.0625 0.0840694133763
616.0625 0.0840693492448
618.0625 0.0840692209818
620.0625 0.0840690285873
622.0625 0.0840688361927
624.0625 0.0840687720612
626.0625 0.0840686437982
628.0625 0.0840683872722
630.0625 0.0840682590092
632.0625 0.0840681307462
634.0625 0.0840680666147
636.0625 0.0840678100887
638.0625 0.0840672329051
640.0625 0.0840671046421
642.0625 0.0840670405106
644.0625 0.0840667839846
646.0625 0.0840666557216
648.0625 0.0840665274585
650.0625 0.0840663991955
652.0625 0.0840661426695
654.0625 0.084066078538
656.0625 0.084065950275
658.0625 0.0840657578805
660.0625 0.0840655013545
662.0625 0.0840653730914
664.0625 0.0840653089599
666.0625 0.0840650524339
668.0625 0.0840648600394
670.0625 0.0840647317764
672.0625 0.0840646676449
674.0625 0.0840643469874
676.0625 0.0840642187243
678.0625 0.0840640904613
680.0625 0.0840639621983
682.0625 0.0840636415408
684.0625 0.0840635774093
686.0625 0.0840634491463
688.0625 0.0840633208833
690.0625 0.0840630002257
692.0625 0.0840628078312
694.0625 0.0840627436997
696.0625 0.0840626795682
698.0625 0.0840623589107
700.0625 0.0840621665162
702.0625 0.0840615893326
704.0625 0.0840613969381
706.0625 0.0840612045436
708.0625 0.0840610121491
710.0625 0.0840608838861
712.0625 0.0840607556231
714.0625 0.084060499097
716.0625 0.084060370834
718.0625 0.084060242571
720.0625 0.084060114308
722.0625 0.0840597936505
724.0625 0.084059729519
726.0625 0.0840595371244
728.0625 0.0840593447299
730.0625 0.0840590882039
732.0625 0.0840590240724
734.0625 0.0840588316779
736.0625 0.0840585751519
738.0625 0.0840583827573
740.0625 0.0840582544943
742.0625 0.0840581262313
744.0625 0.0840578055738
746.0625 0.0840576131793
748.0625 0.0840575490478
750.0625 0.0840572925218
752.0625 0.0840570359957
754.0625 0.0840569077327
756.0625 0.0840567794697
758.0625 0.0840564588122
760.0625 0.0840563305492
762.0625 0.0840561381547
764.0625 0.0840560740231
766.0625 0.0840551761821
768.0625 0.0840550479191
770.0625 0.0840548555245
772.0625 0.084054791393
774.0625 0.0840544707355
776.0625 0.0840543424725
778.0625 0.0840540859465
782.0625 0.0840537011574
784.0625 0.0840536370259
786.0625 0.0840533804999
788.0625 0.0840532522369
790.0625 0.0840529315794
792.0625 0.0840528033164
794.0625 0.0840526109219
796.0625 0.0840524185273
798.0625 0.0840520978698
800.0625 0.0840519696068
802.0625 0.0840518413438
804.0625 0.0840515848178
806.0625 0.0840513282917
808.0625 0.0840512000287
810.0625 0.0840510076342
812.0625 0.0840507511082
814.0625 0.0840505587137
816.0625 0.0840504304507
818.0625 0.0840502380561
820.0625 0.0840499173986
822.0625 0.0840496608726
826.0625 0.0840493402151
828.0625 0.0840491478206
830.0625 0.0840482499795
832.0625 0.084048185848
834.0625 0.0840478651904
836.0625 0.0840476086644
838.0625 0.0840474804014
840.0625 0.0840473521384
842.0625 0.0840470956124
844.0625 0.0840467749549
846.0625 0.0840467108233
848.0625 0.0840465184288
850.0625 0.0840462619028
852.0625 0.0840460053768
854.0625 0.0840458771138
856.0625 0.0840456847193
858.0625 0.0840452999302
860.0625 0.0840451716672
862.0625 0.0840449792727
864.0625 0.0840447227467
866.0625 0.0840444662207
868.0625 0.0840442738261
870.0625 0.0840441455631
872.0625 0.0840438249056
874.0625 0.0840435683796
876.0625 0.0840433759851
878.0625 0.084043247722
880.0625 0.084042862933
882.0625 0.08404273467
884.0625 0.084042478144
886.0625 0.0840424140125
888.0625 0.0840420292234
890.0625 0.0840418368289
892.0625 0.0840415803029
894.0625 0.0840408748563
896.0625 0.0840404259358
898.0625 0.0840402976728
900.0625 0.0840400411468
902.0625 0.0840399128838
904.0625 0.0840395280947
906.0625 0.0840393998317
908.0625 0.0840392074372
910.0625 0.0840389509112
912.0625 0.0840386302537
914.0625 0.0840385019906
916.0625 0.0840383737276
918.0625 0.0840380530701
920.0625 0.0840377324126
922.0625 0.0840375400181
924.0625 0.084037411755
926.0625 0.0840369628345
928.0625 0.0840368345715
930.0625 0.084036642177
932.0625 0.0840364497825
934.0625 0.0840360649934
936.0625 0.0840358084674
938.0625 0.0840357443359
940.0625 0.0840354236784
942.0625 0.0840351671524
944.0625 0.0840349106263
946.0625 0.0840347182318
948.0625 0.0840344617058
950.0625 0.0840342051798
952.0625 0.0840340127853
954.0625 0.0840338203907
956.0625 0.0840334356017
958.0625 0.0840324094976
960.0625 0.0840323453661
962.0625 0.0840321529716
964.0625 0.0840317681826
966.0625 0.0840315116565
968.0625 0.0840313833935
970.0625 0.0840309986045
972.0625 0.08403080621
974.0625 0.0840306138155
976.0625 0.0840304214209
978.0625 0.0840301007634
980.0625 0.0840298442374
982.0625 0.0840296518429
984.0625 0.0840293953169
986.0625 0.0840290746593
988.0625 0.0840288822648
990.0625 0.0840285616073
992.0625 0.0840283692128
994.0625 0.0840280485552
996.0625 0.0840279202922
998.0625 0.0840275996347
1000.0625 0.0840273431087
1002.0625 0.0840269583197
1004.0625 0.0840267017936
1006.0625 0.0840265735306
1008.0625 0.0840261887416
1010.0625 0.0840259963471
1012.0625 0.084025739821
1014.0625 0.084025611558
1016.0625 0.084025226769
1018.0625 0.0840249061115
1020.0625 0.0840245213224
1022.0625 0.0840238158759
1024.0625 0.0840231104293
1028.0625 0.0840227256403
1032.0625 0.0840220843252
1036.0625 0.0840216995362
1040.0625 0.0840210582211
1044.0625 0.0840204810376
1048.0625 0.0840199679856
1052.0625 0.0840193266705
1056.0625 0.0840189418815
1060.0625 0.0840183005664
1064.0625 0.0840179157774
1068.0625 0.0840172744623
1072.0625 0.0840168255418
1076.0625 0.0840160559637
1080.0625 0.0840156711747
1084.0625 0.0840141320186
1088.0625 0.084013554835
1092.0625 0.0840131059145
1096.0625 0.0840124004679
1100.0625 0.0840120798104
1104.0625 0.0840113743638
1108.0625 0.0840107971803
1112.0625 0.0840101558652
1116.0625 0.0840096428132
1120.0625 0.0840090014981
1124.0625 0.0840084884461
1128.0625 0.0840079112625
1132.0625 0.084007462342
1136.0625 0.0840066927639
1140.0625 0.0840061155804
1144.0625 0.0840054742653
1148.0625 0.0840039992407
1152.0625 0.0840033579256
1156.0625 0.0840028448736
1160.0625 0.0840022035585
1164.0625 0.084001498112
1168.0625 0.0840011133229
1172.0625 0.0840002796134
1176.0625 0.0839998948243
1180.0625 0.0839991252463
1184.0625 0.0839986763257
1188.0625 0.0839978426162
1192.0625 0.0839972654326
1196.0625 0.0839966882491
1200.0625 0.083995918671
1204.0625 0.083995533882
1208.0625 0.0839947001724
1212.0625 0.0839932892793
1216.0625 0.0839924555697
1220.0625 0.0839920066492
1224.0625 0.0839912370711
1228.0625 0.083990724019
1232.0625 0.083990082704
1236.0625 0.0839894413889
1240.0625 0.0839888642054
1244.0625 0.0839879663643
1248.0625 0.0839873891808
1252.0625 0.0839866837342
1256.0625 0.0839860424191
1260.0625 0.0839854011041
1264.0625 0.0839846956575
1268.0625 0.083984118474
1272.0625 0.0839834771589
1276.0625 0.0839815532138
1280.0625 0.0839811042932
1284.0625 0.0839803347152
1288.0625 0.0839797575316
1292.0625 0.083978923822
1296.0625 0.0839783466385
1300.0625 0.0839776411919
1304.0625 0.0839769357454
1308.0625 0.0839763585618
1312.0625 0.0839755248522
1316.0625 0.0839750118002
1320.0625 0.0839741780906
1324.0625 0.0839734726441
1328.0625 0.083972703066
1332.0625 0.0839719334879
1336.0625 0.0839711639099
1340.0625 0.0839694323592
1344.0625 0.0839689834387
1348.0625 0.0839679573346
1352.0625 0.0839675084141
1356.0625 0.0839665464415
1360.0625 0.0839660975209
1364.0625 0.0839651996799
1368.0625 0.0839646866278
1372.0625 0.0839637246552
1376.0625 0.0839632116032
1380.0625 0.0839622496306
1384.0625 0.0839617365786
1388.0625 0.0839608387375
1392.0625 0.0839601974224
1396.0625 0.0839593637129
1400.0625 0.0839581452143
1404.0625 0.0839567343211
1408.0625 0.0839560288746
1412.0625 0.083955195165
1416.0625 0.0839544255869
1420.0625 0.0839537201404
1424.0625 0.0839530788253
1428.0625 0.0839521168527
1432.0625 0.0839516038007
1436.0625 0.0839505776966
1440.0625 0.0839500646446
1444.0625 0.083949102672
1448.0625 0.0839485254884
1452.0625 0.0839475635158
1456.0625 0.0839466656748
1460.0625 0.0839460243597
1464.0625 0.0839446775981
1468.0625 0.0839433308365
1472.0625 0.0839423047324
1476.0625 0.0839416634173
1480.0625 0.0839408297078
1484.0625 0.0839401242612
1488.0625 0.0839392905516
1492.0625 0.0839385209736
1496.0625 0.083937559001
1500.0625 0.0839368535544
1504.0625 0.0839360198449
1508.0625 0.0839353143983
1512.0625 0.0839343524257
1516.0625 0.0839337111107
1520.0625 0.0839328132696
1524.0625 0.08393197956
1528.0625 0.0839304404039
1532.0625 0.0839289653792
1536.0625 0.0839281958012
1540.0625 0.0839274262231
1544.0625 0.0839264642505
1548.0625 0.083925887067
1552.0625 0.0839247968314
1556.0625 0.0839242837793
1560.0625 0.0839231935438
1564.0625 0.0839224880972
1568.0625 0.0839215261246
1572.0625 0.0839205000205
1576.0625 0.083919794574
1580.0625 0.0839188967329
1584.0625 0.0839181912863
1588.0625 0.0839171010507
1592.0625 0.0839156260261
1596.0625 0.08391408687
1600.0625 0.0839133172919
1604.0625 0.0839124835823
1608.0625 0.0839117140043
1612.0625 0.0839106879002
1616.0625 0.0839097900591
1620.0625 0.0839088280865
1624.0625 0.08390812264
1628.0625 0.0839071606674
1632.0625 0.0839062628263
1636.0625 0.0839053008537
1640.0625 0.0839044671441
1644.0625 0.0839035051716
1648.0625 0.083902671462
1652.0625 0.0839017736209
1656.0625 0.0839000420703
1660.0625 0.0838985029141
1664.0625 0.0838977974676
1668.0625 0.0838966431005
1672.0625 0.0838958093909
1676.0625 0.0838948474183
1680.0625 0.0838940137088
1684.0625 0.0838931799992
1688.0625 0.0838920256321
1692.0625 0.083891384317
1696.0625 0.0838902299499
1700.0625 0.0838895245034
1704.0625 0.0838883701363
1708.0625 0.0838874722952
1712.0625 0.0838866385856
1716.0625 0.083885804876
1720.0625 0.0838834961418
1724.0625 0.0838823417747
1728.0625 0.0838812515392
1732.0625 0.0838805460926
1736.0625 0.083879455857
1740.0625 0.0838786221474
1744.0625 0.0838774677803
1748.0625 0.0838765699393
1752.0625 0.0838756079667
1756.0625 0.0838744535996
1760.0625 0.0838736840215
1764.0625 0.0838727220489
1768.0625 0.0838716318133
1772.0625 0.0838707981038
1776.0625 0.0838696437367
1780.0625 0.0838682328435
1784.0625 0.0838667578189
1788.0625 0.0838651545313
1792.0625 0.0838644490847
1796.0625 0.0838631664546
1800.0625 0.0838623968765
1804.0625 0.0838612425094
1808.0625 0.0838602805369
1812.0625 0.0838593185643
1816.0625 0.0838583565917
1820.0625 0.0838572663561
1824.0625 0.083856240252
1828.0625 0.0838552782794
1832.0625 0.0838542521753
1836.0625 0.0838533543343
1840.0625 0.0838520717042
1844.0625 0.0838504684165
1848.0625 0.0838489292604
1852.0625 0.0838475824988
1856.0625 0.0838464922632
1860.0625 0.0838454661591
1864.0625 0.0838445041865
1868.0625 0.0838436063454
1872.0625 0.0838423237153
1876.0625 0.0838412976112
1880.0625 0.0838402715071
1884.0625 0.0838393736661
1888.0625 0.0838381551675
1892.0625 0.0838371931949
1896.0625 0.0838359746963
1900.0625 0.0838349485922
1904.0625 0.0838340507511
1908.0625 0.0838319985429
1912.0625 0.0838308441758
1916.0625 0.0838289843622
1920.0625 0.0838281506526
1924.0625 0.0838269962855
1928.0625 0.0838259060499
1932.0625 0.0838248158143
1936.0625 0.0838238538417
1940.0625 0.0838225712116
1944.0625 0.083821609239
1948.0625 0.0838204548719
1952.0625 0.0838194287679
1956.0625 0.0838182744008
1960.0625 0.0838171200337
1964.0625 0.0838160939296
1968.0625 0.0838150678255
1972.0625 0.0838129514858
1976.0625 0.0838114764612
1980.0625 0.083809937305
1984.0625 0.0838086546749
1988.0625 0.0838077568339
1992.0625 0.0838065383352
1996.0625 0.0838056404942
2000.0625 0.0838042937326
2004.0625 0.0838032676285
2008.0625 0.0838019849984
2012.0625 0.0838009588943
2016.0625 0.0837998045272
2020.0625 0.0837987142916
2024.0625 0.0837978164505
2028.0625 0.0837963414259
2032.0625 0.0837953794533
2036.0625 0.0837931989821
2040.0625 0.0837914033
2044.0625 0.0837901206698
2048.0625 0.0837877478041
2056.0625 0.0837853749384
2064.0625 0.0837831303357
2072.0625 0.0837806933385
2080.0625 0.0837783846043
2088.0625 0.0837760758701
2096.0625 0.0837725486373
2104.0625 0.0837694061936
2112.0625 0.0837669050648
2120.0625 0.0837643398046
2128.0625 0.0837619028074
2136.0625 0.0837598505992
2144.0625 0.083757413602
2152.0625 0.0837547842103
2160.0625 0.083751064583
2168.0625 0.0837477938762
2176.0625 0.0837455492735
2184.0625 0.0837430481448
2192.0625 0.0837404828846
2200.0625 0.0837379817559
2208.0625 0.0837353523641
2216.0625 0.0837328512354
2224.0625 0.0837290033451
2232.0625 0.0837256043753
2240.0625 0.0837231673781
2248.0625 0.0837207945124
2256.0625 0.0837181009892
2264.0625 0.0837154074659
2272.0625 0.0837129063372
2280.0625 0.0837101486825
2288.0625 0.0837061725291
2296.0625 0.0837027094278
2304.0625 0.0837002724306
2312.0625 0.0836975789074
2320.0625 0.0836946929897
2328.0625 0.0836921277294
2336.0625 0.0836895624692
2344.0625 0.0836862276309
2352.0625 0.0836822514776
2360.0625 0.0836789166393
2368.0625 0.0836762231161
2376.0625 0.0836736578559
2384.0625 0.0836705795436
2392.0625 0.0836678218889
2400.0625 0.0836653207601
2408.0625 0.0836616652643
2416.0625 0.0836581380315
2424.0625 0.0836546107987
2432.0625 0.0836515324865
2440.0625 0.0836489030947
2448.0625 0.0836459530455
2456.0625 0.0836431953907
2464.0625 0.083640437736
2472.0625 0.0836365257142
2480.0625 0.0836328060868
2488.0625 0.0836294071171
2496.0625 0.0836265211993
2504.0625 0.0836235711501
2512.0625 0.0836205569693
2520.0625 0.0836177993146
2528.0625 0.0836147210023
2536.0625 0.0836106165859
2544.0625 0.0836071534846
2552.0625 0.0836033055943
2560.0625 0.083600099019
2568.0625 0.0835971489698
2576.0625 0.0835941989205
2584.0625 0.0835910564768
2592.0625 0.083588170559
2600.0625 0.0835836813536
2608.0625 0.0835799617263
2616.0625 0.0835764344935
2624.0625 0.0835730355237
2632.0625 0.0835700854745
2640.0625 0.0835670071622
2648.0625 0.0835638005869
2656.0625 0.0835608505377
2664.0625 0.0835562972008
2672.0625 0.0835523210474
2680.0625 0.0835487938146
2688.0625 0.0835455231079
2696.0625 0.0835425730586
2704.0625 0.0835391740888
2712.0625 0.0835357109875
2720.0625 0.0835325044122
2728.0625 0.0835280793384
2736.0625 0.0835240390535
2744.0625 0.0835202552947
2752.0625 0.0835168563249
2760.0625 0.0835133932236
2768.0625 0.0835105073059
2776.0625 0.0835069159416
2784.0625 0.0835030680512
2792.0625 0.0834987712404
2800.0625 0.0834948592185
2808.0625 0.0834908189337
2816.0625 0.0834874199639
2824.0625 0.0834840851256
2832.0625 0.0834808144188
2840.0625 0.083477287186
2848.0625 0.0834727979806
2856.0625 0.0834686294328
2864.0625 0.0834645250164
2872.0625 0.0834605488631
2880.0625 0.0834571498933
2888.0625 0.0834536226605
2896.0625 0.0834501595592
2904.0625 0.0834466323264
2912.0625 0.0834422072525
2920.0625 0.0834377180471
2928.0625 0.0834336777623
2936.0625 0.0834298298719
2944.0625 0.0834259819816
2952.0625 0.0834225830118
2960.0625 0.0834184785955
2968.0625 0.0834152720202
2976.0625 0.0834105262888
2984.0625 0.0834059729519
2992.0625 0.083401804404
3000.0625 0.0833978923822
3008.0625 0.0833938520974
3016.0625 0.0833903889961
3024.0625 0.0833867335002
3032.0625 0.0833829497414
3040.0625 0.0833776268265
3048.0625 0.0833733941471
3056.0625 0.0833689690732
3064.0625 0.0833648646569
3072.0625 0.0833613374241
3080.0625 0.0833574254022
3088.0625 0.0833532568544
3096.0625 0.0833495372271
3104.0625 0.0833442784436
3112.0625 0.0833399816327
3120.0625 0.0833354924274
3128.0625 0.083331259748
3136.0625 0.0833272194631
3144.0625 0.0833233074413
3152.0625 0.0833195236825
3160.0625 0.0833150986086
3168.0625 0.0833100963512
3176.0625 0.0833056712773
3184.0625 0.0833009255459
3192.0625 0.0832968211295
3200.0625 0.0832927167132
3208.0625 0.0832888688229
3216.0625 0.083284572012
3224.0625 0.0832796980176
3232.0625 0.0832749522862
3240.0625 0.0832702065548
3248.0625 0.0832657173494
3256.0625 0.083261099881
3264.0625 0.0832572519906
3272.0625 0.0832530834428
3280.0625 0.0832489148949
3288.0625 0.083243848506
3296.0625 0.083238653854
3304.0625 0.0832339722541
3312.0625 0.0832293547857
3320.0625 0.0832249938434
3328.0625 0.083220761164
3336.0625 0.0832164643531
3344.0625 0.0832120392793
3352.0625 0.0832067163643
3360.0625 0.0832017782384
3368.0625 0.083197032507
3376.0625 0.0831921585126
3384.0625 0.0831876051757
3392.0625 0.0831831801018
3400.0625 0.0831790756854
3408.0625 0.0831746506116
3416.0625 0.0831685581185
3424.0625 0.0831637482556
3432.0625 0.0831588101297
3440.0625 0.0831540643983
3448.0625 0.0831492545354
3456.0625 0.0831448294615
3464.0625 0.0831405326506
3472.0625 0.0831355303932
3480.0625 0.0831299509522
3488.0625 0.0831251410893
3496.0625 0.0831200105689
3504.0625 0.0831151365745
3512.0625 0.0831100701855
3520.0625 0.0831057733747
3528.0625 0.0831011559063
3536.0625 0.0830959612543
3544.0625 0.0830905100763
3552.0625 0.0830852512929
3560.0625 0.0830799283779
3568.0625 0.0830751826465
3576.0625 0.0830701162576
3584.0625 0.0830656270522
3592.0625 0.0830608171893
3600.0625 0.0830551094853
3608.0625 0.0830493376498
3616.0625 0.0830443995239
3624.0625 0.083039333135
3632.0625 0.083034266746
3640.0625 0.0830288155681
3648.0625 0.0830241339681
3656.0625 0.0830192599737
3664.0625 0.0830134240067
3672.0625 0.0830082293548
3680.0625 0.0830027781768
3688.0625 0.0829971346043
3696.0625 0.0829922606099
3704.0625 0.082986937695
3712.0625 0.082982127832
3720.0625 0.0829766766541
3728.0625 0.0829708406871
3736.0625 0.0829653895091
3744.0625 0.0829596176736
3752.0625 0.0829544871532
3760.0625 0.0829492283697
3768.0625 0.0829438413233
3776.0625 0.0829387108028
3784.0625 0.0829330030988
3792.0625 0.0829275519209
3800.0625 0.0829216518224
3808.0625 0.0829162006444
3816.0625 0.0829106212034
3824.0625 0.08290536242
3832.0625 0.082899782979
3840.0625 0.0828945241955
3848.0625 0.082888624097
3856.0625 0.0828828522615
3864.0625 0.082877208689
3872.0625 0.082871244459
3880.0625 0.0828658574126
3888.0625 0.0828601497086
3896.0625 0.0828548909251
3904.0625 0.0828493756157
3912.0625 0.0828429624651
3920.0625 0.0828372547611
3928.0625 0.0828312905311
3936.0625 0.0828253263011
3944.0625 0.0828200033861
3952.0625 0.0828141674191
3960.0625 0.0828085238467
3968.0625 0.0828030726687
3976.0625 0.0827966595181
3984.0625 0.0827904387621
3992.0625 0.0827846669266
4000.0625 0.0827786385651
4008.0625 0.0827729949926
4016.0625 0.0827671590256
4024.0625 0.0827608741381
4032.0625 0.0827551664341
4040.0625 0.082748945678
4048.0625 0.082742724922
4056.0625 0.082736888955
4064.0625 0.0827307323305
4072.0625 0.0827247681005
4080.0625 0.0827190603965
4088.0625 0.0827126472459
4096.0625 0.0827000774709
4112.0625 0.0826878924848
4128.0625 0.0826760281563
4144.0625 0.0826634583812
4160.0625 0.0826505679486
4176.0625 0.0826381905681
4192.0625 0.082625620793
4208.0625 0.0826131151494
4224.0625 0.0825997116648
4240.0625 0.0825868853637
4256.0625 0.0825741873256
4272.0625 0.0825612327615
4288.0625 0.0825474444878
4304.0625 0.0825351312387
4320.0625 0.0825218560171
4336.0625 0.0825083242694
4352.0625 0.0824946001272
4368.0625 0.0824815173001
4384.0625 0.082468177947
4400.0625 0.0824540690158
4416.0625 0.082439895953
4432.0625 0.0824268131259
4448.0625 0.0824132172468
4464.0625 0.0823993648416
4480.0625 0.0823849993843
4496.0625 0.0823717882942
4512.0625 0.0823580000205
4528.0625 0.0823428649852
4544.0625 0.082328371265
4560.0625 0.0823143905968
4576.0625 0.0823006664546
4592.0625 0.0822848901043
4608.0625 0.0822704605155
4624.0625 0.0822563515843
4640.0625 0.0822424350476
4656.0625 0.0822262097767
4672.0625 0.0822117160565
4688.0625 0.0821972864677
4704.0625 0.082182728616
4720.0625 0.0821663750821
4736.0625 0.0821513041783
4752.0625 0.0821363615375
4768.0625 0.0821214188967
4784.0625 0.0821047447053
4800.0625 0.08208960967
4816.0625 0.0820747952922
4832.0625 0.0820587624159
4848.0625 0.0820422806189
4864.0625 0.0820268890576
4880.0625 0.0820114333648
4896.0625 0.0819952722254
4912.0625 0.081978726297
4928.0625 0.0819633347357
4944.0625 0.0819470453333
4960.0625 0.0819303070103
4976.0625 0.0819130556354
4992.0625 0.0818972151535
5008.0625 0.0818814388032
5024.0625 0.0818636102446
5040.0625 0.0818468077902
5056.0625 0.0818305183878
5072.0625 0.0818141648539
5088.0625 0.0817959515063
5104.0625 0.0817783794738
5120.0625 0.0817623465974
5136.0625 0.0817454800115
5152.0625 0.0817266894804
5168.0625 0.0817090533164
5184.0625 0.0816923791249
5200.0625 0.0816745505664
5216.0625 0.0816561448243
5232.0625 0.0816381880028
5248.0625 0.0816209366278
5264.0625 0.0816029156748
5280.0625 0.0815843175382
5296.0625 0.0815659759276
5312.0625 0.0815482115006
5328.0625 0.0815296774955
5344.0625 0.0815105663068
5360.0625 0.0814925453538
5376.0625 0.0814744602692
5392.0625 0.0814547718971
5408.0625 0.0814355965769
5424.0625 0.0814168701773
5440.0625 0.0813987850928
5456.0625 0.0813780706165
5472.0625 0.0813590876909
5488.0625 0.0813399123707
5504.0625 0.0813213783656
5520.0625 0.0813002791003
5536.0625 0.0812811679117
5552.0625 0.0812616078025
5568.0625 0.0812419194303
5584.0625 0.0812212690855
5600.0625 0.0812014524503
5616.0625 0.0811813151576
5632.0625 0.0811607930758
5648.0625 0.0811403351256
5664.0625 0.0811199413068
5680.0625 0.0810998040141
5696.0625 0.0810784482228
5712.0625 0.081057413089
5728.0625 0.0810364420867
5744.0625 0.0810152786899
5760.0625 0.0809943718191
5776.0625 0.0809723105812
5792.0625 0.0809515961049
5808.0625 0.0809301120506
5824.0625 0.0809076660236
5840.0625 0.0808868874159
5856.0625 0.0808643131259
5872.0625 0.0808428932031
5888.0625 0.0808201265186
5904.0625 0.0807978087547
5920.0625 0.0807761323059
5936.0625 0.0807533014899
5952.0625 0.0807302782794
5968.0625 0.080707768121
5984.0625 0.0806851938311
6000.0625 0.080661593437
6016.0625 0.0806389550156
6032.0625 0.0806156111476
6048.0625 0.0805926520686
6064.0625 0.0805685386226
6080.0625 0.080544874097
6096.0625 0.080521530229
6112.0625 0.0804986994131
6128.0625 0.0804731109424
6144.0625 0.0804495746799
6160.0625 0.0804255253653
6176.0625 0.0804020532343
6192.0625 0.0803756951855
6208.0625 0.0803519665285
6224.0625 0.0803275324249
6240.0625 0.0803022004802
6256.0625 0.080276419615
6272.0625 0.0802521779059
6288.0625 0.0802266535667
6304.0625 0.0802006161755
6320.0625 0.0801750918363
6336.0625 0.0801500164177
6352.0625 0.0801241072894
6368.0625 0.0800975568462
6384.0625 0.0800711346659
6400.0625 0.0800451614062
6416.0625 0.0800190598834
6432.0625 0.07999122681
6448.0625 0.0799643557092
6464.0625 0.0799382541865
6480.0625 0.0799120885323
6496.0625 0.0798832293548
6512.0625 0.0798564223855
6528.0625 0.0798291664956
6544.0625 0.0798013975538
6560.0625 0.0797732438229
6576.0625 0.0797448335659
6592.0625 0.0797176418076
6608.0625 0.0796884619726
6624.0625 0.0796594745321
6640.0625 0.0796310642752
6656.0625 0.0796025257552
6672.0625 0.0795739231038
6688.0625 0.0795437171647
6704.0625 0.0795151786447
6720.0625 0.0794861270727
6736.0625 0.0794548950296
6752.0625 0.079425009748
6768.0625 0.0793947396774
6784.0625 0.0793654315794
6800.0625 0.0793335582211
6816.0625 0.0793034164136
6832.0625 0.0792726332909
6848.0625 0.0792416577738
6864.0625 0.07920997681
6880.0625 0.0791792578189
6896.0625 0.0791474485922
6912.0625 0.0791148697874
6928.0625 0.0790829322977
6944.0625 0.0790498404408
6960.0625 0.0790180953456
6976.0625 0.0789861578559
6992.0625 0.078952424684
7008.0625 0.0789185632491
7024.0625 0.0788854713922
7040.0625 0.0788516099573
7056.0625 0.078818453969
7072.0625 0.0787837588245
7088.0625 0.0787503463101
7104.0625 0.0787146891931
7120.0625 0.0786797375226
7136.0625 0.0786449782466
7152.0625 0.0786095776556
7168.0625 0.078574369459
7184.0625 0.0785386482105
7200.0625 0.0785022856469
7216.0625 0.0784649611107
7232.0625 0.0784282778895
7248.0625 0.0783918511944
7264.0625 0.0783560016828
7280.0625 0.078317202122
7296.0625 0.0782808395584
7312.0625 0.0782427454441
7328.0625 0.0782047795928
7344.0625 0.0781655311115
7360.0625 0.0781264108931
7376.0625 0.0780862645707
7392.0625 0.0780467595633
7408.0625 0.0780077676079
7424.0625 0.0779667234444
7440.0625 0.0779273467
7456.0625 0.07788559709
7472.0625 0.0778435909539
7488.0625 0.0778017130808
7504.0625 0.0777604765227
7520.0625 0.077717123625
7536.0625 0.0776752457519
7552.0625 0.0776325341693
7568.0625 0.0775894377976
7584.0625 0.0775444816122
7600.0625 0.0774995254269
7616.0625 0.0774552105566
7632.0625 0.0774108956863
7648.0625 0.0773632459777
7664.0625 0.0773176484773
7680.0625 0.0772725640289
7696.0625 0.0772253632408
7712.0625 0.0771759819816
7728.0625 0.077127690958
7744.0625 0.0770805543014
7760.0625 0.0770293132285
7776.0625 0.0769807015474
7792.0625 0.0769288832909
7808.0625 0.0768789889796
7824.0625 0.0768272989862
7840.0625 0.0767736209161
7856.0625 0.0767203917665
7872.0625 0.0766659441184
7888.0625 0.0766114964702
7904.0625 0.076556150981
7920.0625 0.076498945678
7936.0625 0.0764432795313
7952.0625 0.0763842785462
7968.0625 0.0763234177475
7984.0625 0.0762632623953
8000.0625 0.0762020809391
8016.0625 0.0761396809842
8032.0625 0.0760720222459
8048.0625 0.0760082755295
8064.0625 0.0759416428953
8080.0625 0.0758723167378
8096.0625 0.0757993350846
8112.0625 0.0757253273272
8128.0625 0.0756495880192
8144.0625 0.0755682692702
8160.0625 0.0754822689214
8176.0625 0.0753929978657
8192.0625 0.0751587254761
8224.0625 0.0751544286652
8256.0625 0.0751503883804
8288.0625 0.0751455785175
8320.0625 0.0751417947587
8352.0625 0.0751368566327
8384.0625 0.0751332011369
8416.0625 0.075127878222
8448.0625 0.0751244792522
8480.0625 0.0751190280742
8512.0625 0.0751156291044
8544.0625 0.075110370321
8576.0625 0.0751069072197
8608.0625 0.0751013919102
8640.0625 0.0750972233623
8672.0625 0.0750924776309
8704.0625 0.0750878601625
8736.0625 0.0750831785626
8768.0625 0.0750784969627
8800.0625 0.0750740718889
8832.0625 0.0750691978944
8864.0625 0.0750649010836
8896.0625 0.0750597705631
8928.0625 0.0750557302783
8960.0625 0.0750504073633
8992.0625 0.075046302947
9024.0625 0.075041108295
9056.0625 0.0750366832211
9088.0625 0.0750315527007
9120.0625 0.0750266787063
9152.0625 0.0750220612379
9184.0625 0.0750169307175
9216.0625 0.0750125056436
9248.0625 0.0750070544656
9280.0625 0.0750028859177
9312.0625 0.0749969858192
9344.0625 0.0749930096659
9376.0625 0.0749873019619
9408.0625 0.0749832616771
9440.0625 0.0749772333155
9472.0625 0.0749726158472
9504.0625 0.0749672929322
9536.0625 0.0749624189378
9568.0625 0.0749573525488
9600.0625 0.0749522220284
9632.0625 0.074947219771
9664.0625 0.0749419609875
9696.0625 0.0749370869931
9728.0625 0.0749315075521
9760.0625 0.0749268900837
9792.0625 0.0749211823797
9824.0625 0.0749168214374
9856.0625 0.0749107289443
9888.0625 0.0749058549499
9920.0625 0.0749002113774
9952.0625 0.074894696068
9984.0625 0.074889757942
10016.0625 0.0748840502381
10048.0625 0.0748793686382
10080.0625 0.0748731478821
10112.0625 0.0748688510713
10144.0625 0.0748623737892
10176.0625 0.0748581411098
10208.0625 0.0748515996963
10240.0625 0.0748470463594
10272.0625 0.0748408897349
10304.0625 0.0748349896363
10336.0625 0.0748297949844
10368.0625 0.0748238948859
10400.0625 0.0748190208915
10432.0625 0.0748131849245
10464.0625 0.0748079902725
10496.0625 0.0748018977795
10528.0625 0.0747968313906
10560.0625 0.0747906106345
10592.0625 0.0747852877196
10624.0625 0.0747793234896
10656.0625 0.0747734875226
10688.0625 0.0747678439501
10720.0625 0.0747618797201
10752.0625 0.0747567491996
10784.0625 0.0747502719176
10816.0625 0.0747450131341
10848.0625 0.0747385358521
10880.0625 0.0747336618577
10912.0625 0.0747269280496
10944.0625 0.0747217333976
10976.0625 0.0747149354581
11008.0625 0.0747096766746
11040.0625 0.0747033917871
11072.0625 0.0746974275571
11104.0625 0.0746917198531
11136.0625 0.074685242571
11168.0625 0.0746800479191
11200.0625 0.0746731217165
11232.0625 0.074668247722
11264.0625 0.0746611932564
11296.0625 0.0746556138155
11328.0625 0.0746491365334
11360.0625 0.0746429157774
11392.0625 0.0746372080734
11424.0625 0.0746303460023
11456.0625 0.0746248948243
11488.0625 0.0746179044902
11520.0625 0.0746127098383
11552.0625 0.0746053988467
11584.0625 0.0746000118002
11616.0625 0.0745930855976
11648.0625 0.0745873778936
11680.0625 0.0745803875595
11712.0625 0.0745741668035
11744.0625 0.074568010179
11776.0625 0.0745615970284
11808.0625 0.0745553762724
11840.0625 0.0745484500698
11872.0625 0.0745427423658
11904.0625 0.0745354313742
11936.0625 0.0745297236702
11968.0625 0.0745226692046
12000.0625 0.0745160636595
12032.0625 0.074509778772
12064.0625 0.0745029808324
12096.0625 0.0744968883394
12128.0625 0.0744897056107
12160.0625 0.0744838055122
12192.0625 0.0744764945206
12224.0625 0.0744705302906
12256.0625 0.074463219299
12288.0625 0.0744568061484
12320.0625 0.0744498158143
12352.0625 0.0744428896117
12384.0625 0.0744364764612
12416.0625 0.0744294219956
12448.0625 0.074423137108
12480.0625 0.0744157619849
12512.0625 0.0744093488343
12544.0625 0.0744023585002
12576.0625 0.0743953040346
12608.0625 0.0743884419636
12640.0625 0.0743814516295
12672.0625 0.0743748460844
12704.0625 0.0743672785667
12736.0625 0.0743613784682
12768.0625 0.0743534261615
12800.0625 0.074347141274
12832.0625 0.0743393172303
12864.0625 0.0743329040798
12896.0625 0.0743255289567
12928.0625 0.074317961439
12960.0625 0.0743113558939
12992.0625 0.0743035318503
13024.0625 0.0742975034888
13056.0625 0.074289294656
13088.0625 0.074282945637
13120.0625 0.0742753139879
13152.0625 0.0742676823387
13184.0625 0.0742610126621
13216.0625 0.0742533168815
13248.0625 0.0742466472049
13280.0625 0.0742387590297
13312.0625 0.0742322817477
13344.0625 0.0742241370465
13376.0625 0.0742172108439
13408.0625 0.0742092585372
13440.0625 0.0742019475456
13472.0625 0.07419489308
13504.0625 0.0741869407733
13536.0625 0.0741800787022
13568.0625 0.0741717416065
13600.0625 0.0741649436669
13632.0625 0.0741572478862
13664.0625 0.0741495521056
13696.0625 0.0741422411139
13728.0625 0.0741339681497
13760.0625 0.0741271702101
13792.0625 0.0741186407199
13824.0625 0.0741119710433
13856.0625 0.0741035056846
13888.0625 0.0740963870875
13920.0625 0.0740884347808
13952.0625 0.0740804824741
13984.0625 0.074072979088
14016.0625 0.0740647702553
14048.0625 0.0740577799212
14080.0625 0.0740489939049
14112.0625 0.0740418753078
14144.0625 0.0740336023436
14176.0625 0.0740260989575
14208.0625 0.0740179542563
14240.0625 0.0740097454236
14272.0625 0.0740021137744
14304.0625 0.0739936484157
14336.0625 0.0739867222131
14368.0625 0.0739779361968
14400.0625 0.0739704328107
14432.0625 0.0739615826629
14464.0625 0.0739542075398
14496.0625 0.0739458704441
14528.0625 0.0739377898744
14560.0625 0.0739299016992
14592.0625 0.073920859157
14624.0625 0.0739134840338
14656.0625 0.0739050186751
14688.0625 0.0738972587629
14720.0625 0.0738887934042
14752.0625 0.0738797508619
14784.0625 0.0738727605278
14816.0625 0.0738635897225
14848.0625 0.0738559580734
14880.0625 0.0738472361886
14912.0625 0.0738390914874
14944.0625 0.0738303696027
14976.0625 0.0738219683755
15008.0625 0.0738136954113
15040.0625 0.073804909395
15072.0625 0.0737972136143
15104.0625 0.0737879145461
15136.0625 0.0737797057133
15168.0625 0.0737711120916
15200.0625 0.0737626467329
15232.0625 0.0737546944262
15264.0625 0.0737452029634
15296.0625 0.0737375071827
15328.0625 0.0737279515884
15360.0625 0.0737201916762
15392.0625 0.0737108284764
15424.0625 0.0737021707232
15456.0625 0.0736937053645
15488.0625 0.0736848552167
15520.0625 0.0736767105155
15552.0625 0.0736672190527
15584.0625 0.0736586895625
15616.0625 0.0736499035462
15648.0625 0.0736408610039
15680.0625 0.0736325239082
15712.0625 0.0736230324454
15744.0625 0.0736150801387
15776.0625 0.0736048832294
15808.0625 0.0735970591857
15840.0625 0.0735871829338
15872.0625 0.0735785251806
15904.0625 0.0735694826383
15936.0625 0.07356018357
15968.0625 0.0735522312633
16000.0625 0.07354229088
16032.0625 0.0735336331267
16064.0625 0.0735241416639
16096.0625 0.0735150349901
16128.0625 0.0735066978944
16160.0625 0.073496372722
16192.0625 0.0734881638893
16224.0625 0.07347796698
16256.0625 0.0734694374897
16288.0625 0.0734598177639
16320.0625 0.0734503904326
16352.0625 0.0734415402848
16384.0625 0.0734231345428
16448.0625 0.0734035103021
16512.0625 0.0733849121655
16576.0625 0.0733660575029
16640.0625 0.0733470104457
16704.0625 0.0733282199146
16768.0625 0.0733095576465
16832.0625 0.0732899975374
16896.0625 0.0732702450337
16960.0625 0.073250877319
17024.0625 0.0732315096043
17088.0625 0.0732117571006
17152.0625 0.0731923252545
17216.0625 0.0731721879617
17280.0625 0.073151922406
17344.0625 0.0731324264283
17408.0625 0.0731123532671
17472.0625 0.0730924725004
17536.0625 0.0730723993392
17600.0625 0.0730516848629
17664.0625 0.0730312910442
17728.0625 0.0730110254884
17792.0625 0.0729901186176
17856.0625 0.0729699813249
17920.0625 0.0729496516377
17984.0625 0.0729277827943
18048.0625 0.072906940055
18112.0625 0.0728855842637
18176.0625 0.0728648056559
18240.0625 0.0728440270481
18304.0625 0.0728229277828
18368.0625 0.0728010589394
18432.0625 0.0727797031481
18496.0625 0.0727583473568
18560.0625 0.0727366067764
18624.0625 0.0727153151166
18688.0625 0.0726929973527
18752.0625 0.0726709361148
18816.0625 0.0726490031399
18880.0625 0.072627326691
18944.0625 0.0726052654531
19008.0625 0.0725832683467
19072.0625 0.0725605657938
19136.0625 0.0725385686874
19200.0625 0.0725152248194
19264.0625 0.0724934201075
19328.0625 0.0724708458176
19392.0625 0.0724473736866
19456.0625 0.0724243504761
19520.0625 0.0724013272656
19584.0625 0.0723786247127
19648.0625 0.0723559221597
19712.0625 0.0723331554753
19776.0625 0.0723089778977
19840.0625 0.0722846720571
19904.0625 0.0722616488467
19968.0625 0.0722381125841
20032.0625 0.0722152817682
20096.0625 0.0721910400591
20160.0625 0.0721663494295
20224.0625 0.0721427490355
20288.0625 0.0721190203784
20352.0625 0.0720950993269
20416.0625 0.0720700880397
20480.0625 0.0720459745937
20544.0625 0.072021155701
20608.0625 0.0719971063865
20672.0625 0.0719729288089
20736.0625 0.0719470838122
20800.0625 0.0719222649196
20864.0625 0.0718981514735
20928.0625 0.0718731401863
20992.0625 0.0718480647677
21056.0625 0.071822091508
21120.0625 0.0717973367468
21184.0625 0.0717719406707
21248.0625 0.0717469293835
21312.0625 0.0717213409128
21376.0625 0.0716948546011
21440.0625 0.0716695226564
21504.0625 0.0716437417912
21568.0625 0.0716178326629
21632.0625 0.0715913463512
21696.0625 0.0715652448284
21760.0625 0.0715386943852
21824.0625 0.071513426572
21888.0625 0.0714869402602
21952.0625 0.0714595561074
22016.0625 0.0714331339271
22080.0625 0.0714063910893
22144.0625 0.0713802895666
22208.0625 0.0713528412822
22272.0625 0.0713254571294
22336.0625 0.0712984577656
22400.0625 0.0712715225332
22464.0625 0.0712443307749
22528.0625 0.0712172031481
22592.0625 0.0711896266007
22656.0625 0.0711621783164
22720.0625 0.0711340245855
22784.0625 0.0711064480381
22848.0625 0.0710779736496
22912.0625 0.0710507818913
22976.0625 0.0710223075029
23040.0625 0.070994410298
23104.0625 0.0709658076465
23168.0625 0.0709375897841
23232.0625 0.0709093077902
23296.0625 0.0708804486127
23360.0625 0.0708517176982
23424.0625 0.0708231150468
23488.0625 0.0707950254474
23552.0625 0.0707656532179
23616.0625 0.0707360885938
23680.0625 0.0707073576794
23744.0625 0.0706781778444
23808.0625 0.0706477153792
23872.0625 0.0706183431497
23936.0625 0.0705892915777
24000.0625 0.0705598552167
24064.0625 0.0705294568831
24128.0625 0.070499635733
24192.0625 0.070469814583
24256.0625 0.070440249959
24320.0625 0.0704095950993
24384.0625 0.0703793891602
24448.0625 0.0703497604047
24512.0625 0.0703187848875
24576.0625 0.0702880017649
24640.0625 0.0702570903792
24704.0625 0.0702266279141
24768.0625 0.070196037186
24832.0625 0.0701642279593
24896.0625 0.0701330600476
24960.0625 0.0701031106345
25024.0625 0.0700712372763
25088.0625 0.0700395563126
25152.0625 0.0700086449269
25216.0625 0.0699768998317
25280.0625 0.0699448982105
25344.0625 0.0699132813783
25408.0625 0.0698816645461
25472.0625 0.0698494063988
25536.0625 0.0698167634625
25600.0625 0.0697847618412
25664.0625 0.069753145009
25728.0625 0.0697202455467
25792.0625 0.0696873460844
25856.0625 0.0696553444631
25920.0625 0.0696227656583
25984.0625 0.0695889042234
26048.0625 0.0695563254187
26112.0625 0.0695238748769
26176.0625 0.0694896286529
26240.0625 0.0694564085331
26304.0625 0.0694229960187
26368.0625 0.0693902248194
26432.0625 0.0693555938064
26496.0625 0.0693230791331
26560.0625 0.0692888329092
26624.0625 0.0692542660277
26688.0625 0.0692212383024
26752.0625 0.0691866072894
26816.0625 0.069152681723
26880.0625 0.0691177300525
26944.0625 0.0690836120916
27008.0625 0.0690494941307
27072.0625 0.0690146065917
27136.0625 0.0689792060007
27200.0625 0.0689452804342
27264.0625 0.0689093667912
27328.0625 0.0688742227262
27392.0625 0.0688393351872
27456.0625 0.0688038063331
27520.0625 0.0687679568215
27584.0625 0.0687328127565
27648.0625 0.0686972839025
27712.0625 0.0686612419964
27776.0625 0.0686255848793
27840.0625 0.0685894788417
27904.0625 0.0685536934617
27968.0625 0.0685175232926
28032.0625 0.0684816096495
28096.0625 0.0684447981653
28160.0625 0.0684079225497
28224.0625 0.0683718806436
28288.0625 0.0683347485019
28352.0625 0.0682978087547
28416.0625 0.068260804876
28480.0625 0.0682236727344
28544.0625 0.0681858351461
28608.0625 0.0681493443195
28672.0625 0.0681117632573
28736.0625 0.06807354088
28800.0625 0.0680366652643
28864.0625 0.067998442887
28928.0625 0.0679598357207
28992.0625 0.0679232807626
29056.0625 0.0678849942538
29120.0625 0.067846322956
29184.0625 0.0678082929732
29248.0625 0.0677696858069
29312.0625 0.0677305655886
29376.0625 0.0676921508168
29440.0625 0.0676531588614
29504.0625 0.0676144234321
29568.0625 0.0675751108192
29632.0625 0.0675359264694
29696.0625 0.0674967421195
29760.0625 0.0674576219012
29824.0625 0.0674176038417
29888.0625 0.0673779705713
29952.0625 0.067339235142
30016.0625 0.0672983192415
30080.0625 0.0672581087876
30144.0625 0.0672192450952
30208.0625 0.0671779444057
30272.0625 0.0671374774257
30336.0625 0.0670976517608
30400.0625 0.0670566717288
30464.0625 0.0670160764858
30528.0625 0.0669752247168
30592.0625 0.0669341164218
30656.0625 0.0668932646528
30720.0625 0.0668510661221
30784.0625 0.0668107915367
30848.0625 0.0667687212691
30912.0625 0.0667275488426
30976.0625 0.0666856709695
31040.0625 0.0666439213594
31104.0625 0.0666026206698
31168.0625 0.0665608069283
31232.0625 0.0665176464251
31296.0625 0.0664757044205
31360.0625 0.0664331852323
31424.0625 0.0663906660442
31488.0625 0.0663482109875
31552.0625 0.0663056917994
31616.0625 0.0662618899811
31680.0625 0.0662200762395
31744.0625 0.0661760820268
31808.0625 0.0661334987071
31872.0625 0.0660906588614
31936.0625 0.0660459592021
32000.0625 0.0660031193564
32064.0625 0.0659582914341
32128.0625 0.0659151950624
32192.0625 0.0658712649811
32256.0625 0.0658267577163
32320.0625 0.0657831482926
32384.0625 0.0657376790552
32448.0625 0.0656937489739
32512.0625 0.0656489210516
32576.0625 0.0656041572607
32640.0625 0.0655597782589
32704.0625 0.0655145655475
32768.0625 0.0654243325193
32896.0625 0.0653336505705
33024.0625 0.0652420066492
33152.0625 0.0651494648867
33280.0625 0.0650564742037
33408.0625 0.0649635476523
33536.0625 0.0648705569693
33664.0625 0.0647765401822
33792.0625 0.0646816255541
33920.0625 0.0645862620054
34048.0625 0.0644907060622
34176.0625 0.0643948294615
34304.0625 0.0642989528608
34432.0625 0.0642011523149
34560.0625 0.064103480032
34688.0625 0.0640060001437
34816.0625 0.0639067887046
34944.0625 0.0638075772656
35072.0625 0.0637064418815
35200.0625 0.0636071021794
35328.0625 0.0635059667953
35456.0625 0.063403548781
35584.0625 0.0633009383722
35712.0625 0.0631989692784
35840.0625 0.0630958458176
35968.0625 0.0629915038582
36096.0625 0.0628868412412
36224.0625 0.0627826275447
36352.0625 0.0626775160072
36480.0625 0.0625703522615
36608.0625 0.0624643428829
36736.0625 0.0623566660852
36864.0625 0.0622501436546
36992.0625 0.0621402222541
37120.0625 0.0620316476153
37248.0625 0.0619210848999
37376.0625 0.061811868946
37504.0625 0.061700729047
37632.0625 0.0615891402274
37760.0625 0.0614776155393
37888.0625 0.0613650006157
38016.0625 0.061252257429
38144.0625 0.0611384881382
38272.0625 0.0610232438229
38400.0625 0.0609081277705
38528.0625 0.0607933965071
38656.0625 0.0606769978247
38784.0625 0.0605593806436
38912.0625 0.06044208412
39040.0625 0.0603244028074
39168.0625 0.0602055671277
39296.0625 0.060085705344
39424.0625 0.0599664848752
39552.0625 0.0598445708833
39680.0625 0.0597233623379
39808.0625 0.059602346187
39936.0625 0.059479919143
40064.0625 0.0593551192333
40192.0625 0.0592314736907
40320.0625 0.0591081488056
40448.0625 0.0589823227918
40576.0625 0.058856625041
40704.0625 0.0587289392136
40832.0625 0.0586024718847
40960.0625 0.0584736958217
41088.0625 0.0583459458627
41216.0625 0.0582155023806
41344.0625 0.058086277397
41472.0625 0.0579561545723
41600.0625 0.057823787145
41728.0625 0.0576927664792
41856.0625 0.0575607838409
41984.0625 0.0574259794164
42112.0625 0.0572927141479
42240.0625 0.0571580379864
42368.0625 0.0570217585372
42496.0625 0.0568840681949
42624.0625 0.0567484300607
42752.0625 0.0566105473239
42880.0625 0.0564717026145
43008.0625 0.0563329861681
43136.0625 0.0561915761985
43264.0625 0.0560513847275
43392.0625 0.0559102312839
43520.0625 0.0557678593417
43648.0625 0.0556247178214
43776.0625 0.0554816404326
43904.0625 0.0553368956247
44032.0625 0.0551915095017
44160.0625 0.0550451614062
44288.0625 0.054897723075
44416.0625 0.0547506695329
44544.0625 0.0546021409662
44672.0625 0.0544525862954
44800.0625 0.0543029033615
44928.0625 0.0541522584551
45056.0625 0.0539990482885
45184.0625 0.053847762067
45312.0625 0.0536943595058
45440.0625 0.0535398025776
45568.0625 0.0533842836767
45696.0625 0.0532287006444
45824.0625 0.053072476297
45952.0625 0.052914776925
46080.0625 0.0527561797119
46208.0625 0.0525957226851
46336.0625 0.0524361634994
46464.0625 0.0522750010261
46592.0625 0.0521134537637
46720.0625 0.0519508803973
46848.0625 0.0517874091898
46976.0625 0.0516227194837
47104.0625 0.0514567471474
47232.0625 0.0512910313372
47360.0625 0.0511230067928
47488.0625 0.0509546615909
47616.0625 0.0507863805204
47744.0625 0.0506155983213
47872.0625 0.0504448802537
48000.0625 0.0502716610573
48128.0625 0.0500998527541
48256.0625 0.0499270824782
48384.0625 0.0497512980217
48512.0625 0.0495752570391
48640.0625 0.0494001780291
48768.0625 0.0492206098137
48896.0625 0.0490423242284
49024.0625 0.048862756013
49152.0625 0.048682482351
49280.0625 0.0485005412699
49408.0625 0.0483176382162
49536.0625 0.04813377319
49664.0625 0.0479495233747
49792.0625 0.0477621952471
49920.0625 0.0475764704072
50048.0625 0.0473876031235
50176.0625 0.0471987358398
50304.0625 0.047009227241
50432.0625 0.0468176023026
50560.0625 0.0466228349204
50688.0625 0.0464310175874
50816.0625 0.0462358012847
50944.0625 0.0460402001929
51072.0625 0.0458440219176
51200.0625 0.0456448294615
51328.0625 0.045446983767
51456.0625 0.0452466369439
51584.0625 0.04504455857
51712.0625 0.0448417747496
51840.0625 0.0446380289567
51968.0625 0.0444323592185
52096.0625 0.0442257916393
52224.0625 0.0440173642464
52352.0625 0.0438090651166
52480.0625 0.0435999322771
52608.0625 0.0433876569939
52736.0625 0.0431759588943
52864.0625 0.0429618879289
52992.0625 0.0427453799663
53120.0625 0.0425290002668
53248.0625 0.0423105042275
53376.0625 0.0420925212404
53504.0625 0.0418694718642
53632.0625 0.0416485388278
53760.0625 0.0414243350846
53888.0625 0.0411996824208
54016.0625 0.0409718873132
54144.0625 0.0407454389673
54272.0625 0.0405154633886
54400.0625 0.0402849106263
54528.0625 0.0400512795518
54656.0625 0.0398183539238
54784.0625 0.0395832478247
54912.0625 0.0393475004104
55040.0625 0.0391070072648
55168.0625 0.0388694000369
55296.0625 0.0386269829462
55424.0625 0.0383845658554
55552.0625 0.0381381726112
55680.0625 0.0378917793671
55808.0625 0.0376446165449
55936.0625 0.0373943112789
56064.0625 0.0371419538048
56192.0625 0.0368886984896
56320.0625 0.0366348659908
56448.0625 0.0363762877606
56576.0625 0.0361174530044
56704.0625 0.0358570149606
56832.0625 0.0355931138155
56960.0625 0.0353286354868
57088.0625 0.0350636441061
57216.0625 0.0347966005172
57344.0625 0.0345229513832
57472.0625 0.0342534707971
57600.0625 0.0339770640084
57728.0625 0.0336986050115
57856.0625 0.0334209155927
57984.0625 0.0331396348096
58112.0625 0.0328579051059
58240.0625 0.0325705959613
58368.0625 0.0322845053152
58496.0625 0.031996490724
58624.0625 0.0317049489
58752.0625 0.0314096233172
58880.0625 0.0311121172632
59008.0625 0.0308139698941
59136.0625 0.0305118463717
59264.0625 0.0302067086685
59392.0625 0.0298980437326
59520.0625 0.0295882244295
59648.0625 0.0292757757347
59776.0625 0.0289596074126
59904.0625 0.0286425412494
60032.0625 0.0283226533
60160.0625 0.0279986609342
60288.0625 0.0276716543876
60416.0625 0.0273431728165
60544.0625 0.0270065465441
60672.0625 0.026672742058
60800.0625 0.0263302798186
60928.0625 0.0259863425546
61056.0625 0.0256404813454
61184.0625 0.0252900026679
61312.0625 0.0249365098096
61440.0625 0.0245775016418
61568.0625 0.024212657507
61696.0625 0.0238467231366
61824.0625 0.0234788006895
61952.0625 0.0231050422755
62080.0625 0.0227225619767
62208.0625 0.0223421980176
62336.0625 0.0219524067271
62464.0625 0.0215605632285
62592.0625 0.0211588434781
62720.0625 0.0207557128345
62848.0625 0.0203396276268
62976.0625 0.019922388052
63104.0625 0.0195013647184
63232.0625 0.0190667455057
63360.0625 0.0186307795313
63488.0625 0.0181871177762
63616.0625 0.0177383896322
63744.0625 0.0172769634502
63872.0625 0.0168120741668
64000.0625 0.0163353846864
64128.0625 0.0158496526638
64256.0625 0.01535109434
64384.0625 0.0148370161919
64512.0625 0.0143190901535
64640.0625 0.0137727538582
64768.0625 0.0132238523026
64896.0625 0.0126554547693
65024.0625 0.0120624948695
65152.0625 0.0114438823674
65280.0625 0.0107713994008
65408.0625 0.0100847433714
65536.0625 0.0084386800197
