0 1
0.0625 0.598448825885
0.125 0.595939233579
0.1875 0.312729403091
0.25 0.312148425434
0.3125 0.312146434291
0.375 0.312142959662
0.4375 0.31214026681
0.5 0.312135449924
0.5625 0.312131420377
0.625 0.312124704094
0.6875 0.312119262787
0.75 0.312110500315
0.8125 0.312103863544
0.875 0.312094752441
0.9375 0.312087009727
1.0 0.312076154359
1.0625 0.312068145863
1.125 0.312055765862
1.1875 0.312046934998
1.25 0.312033159918
1.3125 0.312022160538
1.375 0.312006090723
1.4375 0.311995945405
1.5 0.311978712376
1.5625 0.311967542295
1.625 0.311949565854
1.6875 0.311937383243
1.75 0.311918056206
1.8125 0.311905056231
1.875 0.311882464744
1.9375 0.311867182267
2.0 0.311845372557
2.0625 0.311829981655
2.125 0.31180675685
2.1875 0.31179126197
2.25 0.311766414114
2.3125 0.311750140792
2.375 0.311723938448
2.4375 0.311704421248
2.5 0.311674870493
2.5625 0.311657170955
2.625 0.311627445607
2.6875 0.311609037131
2.75 0.311578737959
2.8125 0.31155920964
2.875 0.311527605467
2.9375 0.311507284249
3.0 0.311471370845
3.0625 0.311447731242
3.125 0.31141355988
3.1875 0.311390777118
3.25 0.311355510377
3.3125 0.311332789335
3.375 0.311295815583
3.4375 0.311272342232
3.5 0.311234040681
3.5625 0.311206292018
3.625 0.311163624522
3.6875 0.311138620978
3.75 0.311096744712
3.8125 0.311071340826
3.875 0.311029062551
3.9375 0.311002440404
4.0 0.31095888048
4.0625 0.310931491568
4.125 0.310882639909
4.1875 0.310850914522
4.25 0.310804720129
4.3125 0.310774810178
4.375 0.310727822331
4.4375 0.310698104211
4.5 0.310649326504
4.5625 0.31061889889
4.625 0.310568837866
4.6875 0.310533136866
4.75 0.310477710712
4.8125 0.310445660047
4.875 0.310391982051
4.9375 0.310359807947
5.0 0.310305873065
5.0625 0.310272412308
5.125 0.310217251936
5.1875 0.310183031643
5.25 0.31012159592
5.3125 0.310082079444
5.375 0.31002421788
5.4375 0.309987415385
5.5 0.309929049502
5.5625 0.309892588409
5.625 0.309832344257
5.6875 0.309795193132
5.75 0.309733710702
5.8125 0.309690347057
5.875 0.309622552577
5.9375 0.30958368888
6.0 0.309518547219
6.0625 0.309479861451
6.125 0.309414616368
6.1875 0.309374538858
6.25 0.309308098868
6.3125 0.309267310196
6.375 0.309193677961
6.4375 0.309146629506
6.5 0.309077404919
6.5625 0.309033945636
6.625 0.308964531998
6.6875 0.308921580927
6.75 0.308850223409
6.8125 0.308806604546
6.875 0.308734015978
6.9375 0.30868326937
7.0 0.308603476326
7.0625 0.308558070939
7.125 0.308481781438
7.1875 0.30843680197
7.25 0.308360580861
7.3125 0.308314149599
7.375 0.308236777508
7.4375 0.308189631192
7.5 0.30810415608
7.5625 0.30804987924
7.625 0.307969672509
7.6875 0.307919827225
7.75 0.307839671649
7.8125 0.307790450231
7.875 0.307708311853
7.9375 0.307658492146
8.0 0.307575166089
8.0625 0.307517308417
8.125 0.307425879339
8.1875 0.307374168019
8.25 0.307287083757
8.3125 0.307236063026
8.375 0.307149194503
8.4375 0.307096638019
8.5 0.307008668557
8.5625 0.306955441501
8.625 0.306858503836
8.6875 0.306797270507
8.75 0.306706398015
8.8125 0.306650412495
8.875 0.30655987362
8.9375 0.306504645412
9.0 0.306412026986
9.0625 0.306356230516
9.125 0.306262477234
9.1875 0.306197783176
9.25 0.306095085044
9.3125 0.306037311888
9.375 0.305939769263
9.4375 0.305882970272
9.5 0.305785782393
9.5625 0.305727368136
9.625 0.305629130473
9.6875 0.30557005732
9.75 0.305462025751
9.8125 0.305394105609
9.875 0.305292913761
9.9375 0.305231032657
10.0 0.305130431313
10.0625 0.305069437077
10.125 0.30496669613
10.1875 0.30490516755
10.25 0.304801324552
10.3125 0.304730081021
10.375 0.304616488042
10.4375 0.30455290938
10.5 0.304445251462
10.5625 0.304382893842
10.625 0.304275727454
10.6875 0.304211687288
10.75 0.304103516155
10.8125 0.304038841002
10.875 0.303920086399
10.9375 0.303845769136
11.0 0.303734600446
11.0625 0.303667086206
11.125 0.303556766574
11.1875 0.30349026542
11.25 0.303377750027
11.3125 0.303310721201
11.375 0.303197111541
11.4375 0.303119586542
11.5 0.302995482377
11.5625 0.302926360655
11.625 0.302808940523
11.6875 0.302741252246
11.75 0.302624437631
11.8125 0.302554986739
11.875 0.30243723577
11.9375 0.302367221064
12.0 0.302238132649
12.0625 0.302157690162
12.125 0.302036852116
12.1875 0.30196391881
12.25 0.301844175587
12.3125 0.301772408831
12.375 0.301650450385
12.4375 0.301578188207
12.5 0.301455169413
12.5625 0.301371664314
12.625 0.30123738981
12.6875 0.301162944659
12.75 0.301036103716
12.8125 0.30096335112
12.875 0.300837244692
12.9375 0.300762677215
13.0 0.300635636102
13.0625 0.300560474229
13.125 0.300421386731
13.1875 0.300335118721
13.25 0.300204997203
13.3125 0.30012693063
13.375 0.29999812023
13.4375 0.299921304169
13.5 0.299790211267
13.5625 0.299712935369
13.625 0.299580849398
13.6875 0.299491650555
13.75 0.299347608276
13.8125 0.2992681166
13.875 0.299132161774
13.9375 0.299054554483
14.0 0.298919460391
14.0625 0.298840017089
14.125 0.298704062819
14.1875 0.298624056815
14.25 0.298475360012
14.3125 0.298383505571
14.375 0.29824438082
14.4375 0.298161398945
14.5 0.298023875003
14.5625 0.297942295991
14.625 0.297802447289
14.6875 0.297720434574
14.75 0.297579596139
14.8125 0.29748496711
14.875 0.297331510136
14.9375 0.297247209915
15.0 0.297102494841
15.0625 0.297020288627
15.125 0.296876580523
15.1875 0.296792486589
15.25 0.296647935543
15.3125 0.296563304484
15.375 0.296405366468
15.4375 0.296308231412
15.5 0.296160486532
15.5625 0.29607287571
15.625 0.29592692903
15.6875 0.295840790575
15.75 0.295692460751
15.8125 0.295605938635
15.875 0.295456674126
15.9375 0.295356885697
16.0 0.295194372111
16.0625 0.295105528015
16.125 0.294952418004
16.1875 0.294865877539
16.25 0.294713864019
16.3125 0.294625361325
16.375 0.294472544342
16.4375 0.294383526209
16.5 0.294216710621
16.5625 0.294114606885
16.625 0.293958600515
16.6875 0.293866584825
16.75 0.293712551249
16.8125 0.293622110236
16.875 0.293465669051
16.9375 0.293374866618
17.0 0.293217506316
17.0625 0.29311286764
17.125 0.292941700564
17.1875 0.292848524996
17.25 0.292687328645
17.3125 0.292596663552
17.375 0.292436676009
17.4375 0.292344008097
17.5 0.292183249897
17.5625 0.292090129377
17.625 0.291914841565
17.6875 0.291808011575
17.75 0.291644051201
17.8125 0.291547878633
17.875 0.291386089554
17.9375 0.291291588412
18.0 0.291127363923
18.0625 0.291032571977
18.125 0.29086749565
18.1875 0.290758263057
18.25 0.290578790009
18.3125 0.290481558204
18.375 0.290312604683
18.4375 0.290218046269
18.5 0.290050407202
18.5625 0.289953847081
18.625 0.28978553355
18.6875 0.289688506921
18.75 0.28950509607
18.8125 0.289393833968
18.875 0.289222271555
18.9375 0.289122203443
19.0 0.288952991924
19.0625 0.28885469143
19.125 0.2886830306
19.1875 0.288584435967
19.25 0.288411958329
19.3125 0.288298425957
19.375 0.288111029486
19.4375 0.28800999277
19.5 0.28783364739
19.5625 0.287735460882
19.625 0.287560531153
19.6875 0.287460271767
19.75 0.28728470872
19.8125 0.287184047881
19.875 0.286992863179
19.9375 0.286877430854
20.0 0.286698584452
20.0625 0.28659484988
20.125 0.286418546201
20.1875 0.286316668769
20.25 0.286137873521
20.3125 0.286035786465
20.375 0.285856234461
20.4375 0.285738679215
20.5 0.285543725187
20.5625 0.285439119317
20.625 0.285255716251
20.6875 0.285154138518
20.75 0.28497224841
20.8125 0.284868568328
20.875 0.284686088828
20.9375 0.284582031203
21.0 0.28438346187
21.0625 0.284264156798
21.125 0.284078383378
21.1875 0.28397124924
21.25 0.283788189245
21.3125 0.283682997875
21.375 0.283497442974
21.4375 0.283392064778
21.5 0.283205764242
21.5625 0.283084454126
21.625 0.282882300627
21.6875 0.282774381931
21.75 0.282584247013
21.8125 0.282479502135
21.875 0.282290962467
21.9375 0.282184106344
22.0 0.281995044564
22.0625 0.281887835363
22.125 0.281682250047
22.1875 0.28155934079
22.25 0.281366977862
22.3125 0.281256694372
22.375 0.281067210565
22.4375 0.280958951023
22.5 0.280766960635
22.5625 0.280658546517
22.625 0.280465843854
22.6875 0.280341071897
22.75 0.280132103141
22.8125 0.280021124614
22.875 0.27982461148
22.9375 0.279716956342
23.0 0.279522138543
23.0625 0.279412340466
23.125 0.279217022796
23.1875 0.279106902223
23.25 0.278894671796
23.3125 0.278768461391
23.375 0.278569850357
23.4375 0.278456664391
23.5 0.278261085387
23.5625 0.278149987869
23.625 0.277951909511
23.6875 0.277840676323
23.75 0.277641880686
23.8125 0.277513900995
23.875 0.27729848841
23.9375 0.277184711385
24.0 0.276982172557
24.0625 0.276871860709
24.125 0.276671102844
24.1875 0.276558633045
24.25 0.276357374753
24.3125 0.276244559104
24.375 0.276026016628
24.4375 0.275896778085
24.5 0.275692261459
24.5625 0.275576428236
24.625 0.275375091544
24.6875 0.275261431842
24.75 0.275057580783
24.8125 0.274943793194
24.875 0.274739258219
24.9375 0.274608367156
25.0 0.274386842692
25.0625 0.274270498479
25.125 0.274062253673
25.1875 0.273949506415
25.25 0.273743122642
25.3125 0.273628194079
25.375 0.273421366594
25.4375 0.273306143336
25.5 0.273081706389
25.5625 0.272949679913
25.625 0.272739547943
25.6875 0.272621320456
25.75 0.272414560806
25.8125 0.272298575231
25.875 0.272089303439
25.9375 0.271973223339
26.0 0.271763302104
26.0625 0.271629801593
26.125 0.271402582274
26.1875 0.271283891059
26.25 0.271070251097
26.3125 0.270955322535
26.375 0.270743663151
26.4375 0.270626561624
26.5 0.270414490222
26.5625 0.27029709122
26.625 0.27006711733
26.6875 0.269932614297
26.75 0.269717258428
26.8125 0.269596827395
26.875 0.269384915574
26.9375 0.269266834879
27.0 0.269052460402
27.0625 0.268934318544
27.125 0.268719315754
27.1875 0.268583482698
27.25 0.268350937726
27.3125 0.268230193649
27.375 0.268011542192
27.4375 0.267894615815
27.5 0.267677972736
27.5625 0.267558929554
27.625 0.267341960087
27.6875 0.267222645006
27.75 0.266987518388
27.8125 0.266850835163
27.875 0.266630597909
27.9375 0.266508274707
28.0 0.266291599379
28.0625 0.266171638748
28.125 0.265952469071
28.1875 0.265832529013
28.25 0.265612831107
28.3125 0.265474947414
28.375 0.265237449885
28.4375 0.265114899268
28.5 0.264891573824
28.5625 0.264772959341
28.625 0.264551708445
28.6875 0.264430922665
28.75 0.264209344823
28.8125 0.264088311055
28.875 0.263848354763
28.9375 0.263709723766
29.0 0.263484927624
29.0625 0.263360970251
29.125 0.263139875599
29.1875 0.263018338623
29.25 0.262794765747
29.3125 0.262673220987
29.375 0.262449102089
29.4375 0.262309406851
29.5 0.262067280931
29.5625 0.261943132284
29.625 0.26171547815
29.6875 0.261595409093
29.75 0.261369892336
29.8125 0.261247660324
29.875 0.261021860548
29.9375 0.260899405011
30.0 0.260655042184
30.0625 0.260514796476
30.125 0.260285772841
30.1875 0.260160365898
30.25 0.259935114924
30.3125 0.259812226796
30.375 0.259584565433
30.4375 0.259461715116
30.5 0.259233542761
30.5625 0.259092350691
30.625 0.258846005618
30.6875 0.258720544185
30.75 0.258488841598
30.8125 0.258367498121
30.875 0.258137989071
30.9375 0.258014478746
31.0 0.257784794547
31.0625 0.257661164119
31.125 0.25741276952
31.1875 0.257271193234
31.25 0.257038301855
31.3125 0.256911758388
31.375 0.256682746429
31.4375 0.256558717328
31.5 0.256327271071
31.5625 0.256203313698
31.625 0.255971390367
31.6875 0.255828999497
31.75 0.255578822267
31.8125 0.255452313274
31.875 0.255216965912
31.9375 0.255094653831
32.0 0.254861555053
32.0625 0.254503812206
32.1875 0.254127069268
32.3125 0.253747969319
32.4375 0.253388061292
32.5625 0.253028304505
32.6875 0.25266820854
32.8125 0.252271127703
32.9375 0.251905037182
33.0625 0.25154563959
33.1875 0.251183962277
33.3125 0.250803246506
33.4375 0.250420154264
33.5625 0.250056410188
33.6875 0.249692939122
33.8125 0.24932926455
33.9375 0.248928482223
34.0625 0.248558905395
34.1875 0.248195995364
34.3125 0.247830887347
34.4375 0.247446708623
34.5625 0.247060234609
34.6875 0.246693323943
34.8125 0.246326703526
34.9375 0.245959865145
35.0625 0.245555903995
35.1875 0.245183303478
35.3125 0.244817553247
35.4375 0.244449695107
35.5625 0.244062784053
35.6875 0.243673566588
35.8125 0.24330398976
35.9375 0.242934772128
36.0625 0.24256552725
36.1875 0.242159124574
36.3125 0.241784172051
36.4375 0.241416055914
36.5625 0.241045893031
36.6875 0.2406567295
36.8125 0.240265409687
36.9375 0.239893815027
37.0625 0.239522634054
37.1875 0.239151437512
37.3125 0.238743170468
37.4375 0.238366365254
37.5625 0.237996584364
37.6875 0.237624840132
37.8125 0.237234184218
37.9375 0.23684131197
38.0625 0.236468211582
38.1875 0.236095610509
38.3125 0.235723117305
38.4375 0.235313707065
38.5625 0.234935741973
38.6875 0.234564727808
38.8125 0.234191838156
38.9375 0.233800160815
39.0625 0.233406424496
39.1875 0.233032465042
39.3125 0.232659075519
39.4375 0.232285792197
39.5625 0.23187580313
39.6875 0.231497179699
39.8125 0.231125664551
39.9375 0.230752379562
40.0625 0.230360467576
40.1875 0.229966444902
40.3125 0.229592166287
40.4375 0.229218526551
40.5625 0.228845024709
40.6875 0.228435183546
40.8125 0.228056586248
40.9375 0.227685003265
41.0625 0.227311731064
41.1875 0.226920028702
41.3125 0.226526273478
41.4375 0.226152246745
41.5625 0.22577898622
41.6875 0.225405969237
41.8125 0.224996912631
41.9375 0.22461884523
42.0625 0.224247802708
42.1875 0.223875170497
42.3125 0.223484455088
42.4375 0.223091752984
42.5625 0.222718605334
42.6875 0.222346236681
42.8125 0.221974143263
42.9375 0.221566464499
43.0625 0.221189533622
43.1875 0.220819682116
43.3125 0.220448346566
43.4375 0.220059077946
43.5625 0.219667892136
43.6875 0.219296106758
43.8125 0.218925150977
43.9375 0.218554708411
44.0625 0.218149197051
44.1875 0.217774012107
44.3125 0.217405852043
44.4375 0.217036317474
44.5625 0.216649151202
44.6875 0.216260200075
44.8125 0.21589051093
44.9375 0.215521742013
45.0625 0.215153382335
45.1875 0.214750533801
45.3125 0.214377621907
45.4375 0.21401168763
45.5625 0.213644607376
45.6875 0.213260234598
45.8125 0.212874095869
45.9375 0.212506927762
46.0625 0.212140749944
46.1875 0.21177502807
46.3125 0.211375591335
46.4375 0.211005698682
46.5625 0.21064273138
46.6875 0.210278638117
46.8125 0.209897625983
46.9375 0.20951493019
47.0625 0.209150930896
47.1875 0.208787990839
47.3125 0.208425653519
47.4375 0.208030263568
47.5625 0.207663809403
47.6875 0.207304236106
47.8125 0.206943641938
47.9375 0.206566536468
48.0625 0.206187834637
48.1875 0.205827639143
48.3125 0.205468572945
48.4375 0.205110118936
48.5625 0.204719351816
48.6875 0.204356927198
48.8125 0.204001352867
48.9375 0.203644867759
49.0625 0.203272461296
49.1875 0.202898548549
49.3125 0.202542662285
49.4375 0.202187978157
49.5625 0.201833974054
49.6875 0.20144852091
49.8125 0.201090755821
49.9375 0.200739844355
50.0625 0.200388167792
50.1875 0.200020906829
50.3125 0.199652237997
50.4375 0.199301200313
50.5625 0.19895142982
50.6875 0.198602411079
50.8125 0.198223008094
50.9375 0.197870570326
51.0625 0.197524767105
51.1875 0.197178338351
51.3125 0.196816881225
51.4375 0.196454094076
51.5625 0.196108526612
51.6875 0.19576442373
51.8125 0.195421134875
51.9375 0.1950483492
52.0625 0.194701751968
52.1875 0.194361678077
52.3125 0.194021114324
52.4375 0.193666035972
52.5625 0.193309876697
52.6875 0.192970437236
52.8125 0.192632409535
52.9375 0.192295267588
53.0625 0.191929707519
53.1875 0.191589487949
53.3125 0.191255673841
53.4375 0.190921652889
53.5625 0.190573713402
53.6875 0.190224659631
53.8125 0.189891876402
53.9375 0.189560575548
54.0625 0.18923020382
54.1875 0.188872591083
54.3125 0.188539416965
54.4375 0.188212567685
54.5625 0.187885589406
54.6875 0.18754530478
54.8125 0.187204037093
54.9375 0.186878419419
55.0625 0.186554353624
55.1875 0.186231308699
55.3125 0.18588228551
55.4375 0.185556802395
55.5625 0.185237436719
55.6875 0.184918030452
55.8125 0.184585973398
55.9375 0.184253052273
56.0625 0.183935191214
56.1875 0.183618945976
56.3125 0.183303903431
56.4375 0.182964175947
56.5625 0.182646893714
56.6875 0.182335544874
56.8125 0.182024335042
56.9375 0.181701171127
57.0625 0.181377262132
57.1875 0.181067846608
57.3125 0.180760183689
57.4375 0.18045367898
57.5625 0.180123790998
57.6875 0.179815252888
57.8125 0.179512494151
57.9375 0.179210014542
58.0625 0.178896310916
58.1875 0.178582122433
58.3125 0.178281684008
58.4375 0.17798300375
58.5625 0.177685547868
58.6875 0.177366147162
58.8125 0.177066940344
58.9375 0.17677332496
59.0625 0.176480222235
59.1875 0.176176770129
59.3125 0.175872814261
59.4375 0.175581913414
59.5625 0.175292841905
59.6875 0.175005061497
59.8125 0.174696846441
59.9375 0.174407607011
60.0625 0.174123889512
60.1875 0.173840790318
60.3125 0.173548030663
60.4375 0.173254921823
60.5625 0.172974092342
60.6875 0.172695161703
60.8125 0.172417589444
60.9375 0.172121231166
61.0625 0.171842654718
61.1875 0.171569257686
61.3125 0.171296653553
61.4375 0.171015225785
61.5625 0.170733588393
61.6875 0.170463435239
61.8125 0.170195250986
61.9375 0.169928540212
62.0625 0.169644669249
62.1875 0.169377242864
62.3125 0.169114761252
62.4375 0.168853253804
62.5625 0.168583795131
62.6875 0.168314269735
62.8125 0.168055395088
62.9375 0.167798558845
63.0625 0.167543359555
63.1875 0.16727267428
63.3125 0.167016942869
63.4375 0.166765914357
63.5625 0.166516042943
63.6875 0.166259126632
63.8125 0.166002295394
63.9375 0.165755238602
64.0625 0.165267186299
64.3125 0.164766802369
64.5625 0.164290165911
64.8125 0.163802964333
65.0625 0.163336205188
65.3125 0.162863057817
65.5625 0.162406178208
65.8125 0.16195143264
66.0625 0.161500544251
66.3125 0.161063755107
66.5625 0.160619247159
66.8125 0.160194635622
67.0625 0.159764387056
67.3125 0.159350808817
67.5625 0.158935313943
67.8125 0.158532946375
68.0625 0.15813530784
68.3125 0.157741932384
68.5625 0.157361042576
68.8125 0.156977368727
69.0625 0.156609745788
69.3125 0.156241234313
69.5625 0.155885673883
69.8125 0.155532715671
70.0625 0.155189582505
70.3125 0.154853494235
70.5625 0.154522458607
70.8125 0.154202157133
71.0625 0.153884405611
71.3125 0.153578099405
71.5625 0.153276231984
71.8125 0.152982559329
72.0625 0.152694776697
72.3125 0.152407502276
72.5625 0.152120454159
72.8125 0.151833641242
73.0625 0.151547060746
73.3125 0.151260962328
73.5625 0.15097527704
73.8125 0.150689876995
74.0625 0.150404761081
74.3125 0.150120078871
74.5625 0.149835837592
74.8125 0.149551899905
75.0625 0.149268276931
75.3125 0.148985043178
75.5625 0.148702370459
75.8125 0.148420035806
76.0625 0.148138040887
76.3125 0.147856385146
76.5625 0.147575521192
76.8125 0.147295006424
77.0625 0.14701490145
77.3125 0.146735190701
77.5625 0.146456124947
77.8125 0.14617757908
78.0625 0.145899450792
78.3125 0.145621742862
78.5625 0.145344477532
78.8125 0.14506788055
79.0625 0.144791810128
79.3125 0.144516202322
79.5625 0.144241096611
79.8125 0.143966681489
80.0625 0.14369294806
80.3125 0.143419712833
80.5625 0.143146978033
80.8125 0.142874765901
81.0625 0.142603394486
81.3125 0.14233255686
81.5625 0.142062259138
81.8125 0.14179251967
82.0625 0.141523491364
82.3125 0.141255199797
82.5625 0.140987485946
82.8125 0.140720405412
83.0625 0.140453961532
83.3125 0.140188462347
83.5625 0.139923579242
83.8125 0.139659314999
84.0625 0.13939569019
84.3125 0.139132854943
84.5625 0.138870837616
84.8125 0.138609478628
85.0625 0.138348777423
85.3125 0.138088762359
85.5625 0.137829745368
85.8125 0.137571423414
86.0625 0.137313855993
86.3125 0.137057039767
86.5625 0.136801133207
86.8125 0.136546166336
87.0625 0.136291937317
87.3125 0.136038447262
87.5625 0.135785721747
87.8125 0.135533836394
88.0625 0.13528296357
88.3125 0.135032873636
88.5625 0.134783578825
88.8125 0.134535079136
89.0625 0.134287646468
89.3125 0.134041144038
89.5625 0.133795524027
89.8125 0.133550775315
90.0625 0.133306869544
90.3125 0.133064151452
90.5625 0.132822297986
90.8125 0.132581318044
91.0625 0.132341214403
91.3125 0.132102089932
91.5625 0.131864115885
91.8125 0.131627044275
92.0625 0.131390893451
92.3125 0.131155667303
92.5625 0.130921511513
92.8125 0.130688610126
93.0625 0.130456641757
93.3125 0.130225656448
93.5625 0.129995645303
93.8125 0.12976686632
94.0625 0.129539153246
94.3125 0.12931244047
94.5625 0.129086732439
94.8125 0.128862036383
95.0625 0.128638700931
95.3125 0.12841640025
95.5625 0.128195134341
95.8125 0.127974924332
96.0625 0.127755859188
96.3125 0.12753824417
96.5625 0.127321747328
96.8125 0.127106333631
97.0625 0.126892012533
97.3125 0.126678794598
97.5625 0.126466944496
97.8125 0.12625629375
98.0625 0.126046778416
98.3125 0.125838402388
98.5625 0.125631166776
98.8125 0.125425449682
99.0625 0.12522089469
99.3125 0.125017511808
99.5625 0.124815312714
99.8125 0.124614400829
100.0625 0.124415071404
100.3125 0.124216955792
100.5625 0.124020059553
100.8125 0.123824385467
101.0625 0.123629952996
101.3125 0.123437119666
101.5625 0.123245537959
101.8125 0.123055218996
102.0625 0.122866176677
102.3125 0.122678409334
102.5625 0.122492292287
102.8125 0.122307473569
103.0625 0.122123925936
103.3125 0.121941852893
103.5625 0.121761077624
103.8125 0.121582020486
104.0625 0.121404305049
104.3125 0.121227945211
104.5625 0.121052942642
104.8125 0.120879313467
105.0625 0.120707419104
105.3125 0.120536906475
105.5625 0.120367795598
105.8125 0.120200088139
106.0625 0.120033795219
106.3125 0.119869316625
106.5625 0.119706288712
106.8125 0.11954472705
107.0625 0.119384687796
107.3125 0.119226138147
107.5625 0.11906913982
107.8125 0.118913889095
108.0625 0.118760121857
108.3125 0.118607848671
108.5625 0.118457078433
108.8125 0.118307915678
109.0625 0.118160548898
109.3125 0.118014718428
109.5625 0.117870424268
109.8125 0.117727676427
110.0625 0.117586487138
110.3125 0.117447235055
110.5625 0.117309620481
110.8125 0.117173622285
111.0625 0.117039254923
111.3125 0.116906479475
111.5625 0.116775602869
111.8125 0.116646434942
112.0625 0.116518890621
112.3125 0.116392989925
112.5625 0.116268730072
112.8125 0.116146314013
113.0625 0.116025743417
113.3125 0.115906851475
113.5625 0.115789632071
113.8125 0.115674109669
114.0625 0.115560381019
114.3125 0.115448695778
114.5625 0.115338772595
114.8125 0.115230601462
115.0625 0.115124167922
115.3125 0.115019473086
115.5625 0.114916907845
115.8125 0.114816100213
116.0625 0.114717065761
116.3125 0.114619814495
116.5625 0.114524341969
116.8125 0.114430979019
117.0625 0.11433953882
117.3125 0.114249911278
117.5625 0.114162111406
117.8125 0.114076143651
118.0625 0.113992046381
118.3125 0.113910150988
118.5625 0.11383024507
118.8125 0.113752197958
119.0625 0.113676033564
119.3125 0.113601756334
119.5625 0.11352956366
119.8125 0.11345947389
120.0625 0.113391296862
120.3125 0.113325037581
120.5625 0.113260712171
120.8125 0.113198326749
121.0625 0.113138276096
121.3125 0.113080186003
121.5625 0.11302406092
121.8125 0.11296987638
122.0625 0.112917840895
122.3125 0.112867966698
122.5625 0.112820317731
122.8125 0.112774684928
123.0625 0.112731070513
123.3125 0.112689480603
123.5625 0.112649931877
123.8125 0.112612817449
124.0625 0.11257775644
124.3125 0.112544758856
124.5625 0.1125138386
124.8125 0.112484994558
125.0625 0.112458441915
125.3125 0.112434182895
125.5625 0.112412027334
125.8125 0.112391991916
126.0625 0.112374186732
126.3125 0.112358551733
126.5625 0.112345451672
126.8125 0.112334506783
127.0625 0.112325719846
127.3125 0.11231910754
127.5625 0.112314674872
127.8125 0.11231263313
128.0625 0.112312207768
128.5625 0.112311463244
129.0625 0.112310504093
129.5625 0.112309911921
130.0625 0.112309273599
130.5625 0.112308552984
131.0625 0.112308128178
131.5625 0.112307384766
132.0625 0.112306627453
132.5625 0.112306061971
133.0625 0.11230517566
133.5625 0.112304376645
134.0625 0.112303887339
134.5625 0.112303150044
135.0625 0.11230260013
135.5625 0.112302040208
136.0625 0.112301158901
136.5625 0.11230057229
137.0625 0.1122998678
137.5625 0.112298842481
138.0625 0.112298318701
138.5625 0.112297761004
139.0625 0.112296880253
139.5625 0.112296585001
140.0625 0.112295988381
140.5625 0.11229506982
141.0625 0.112294413149
141.5625 0.112293638043
142.0625 0.112292608832
142.5625 0.112292306352
143.0625 0.112291722521
143.5625 0.112290816192
144.0625 0.112290440872
144.5625 0.112289746947
145.0625 0.112288732749
145.5625 0.112288249559
146.0625 0.112287447764
146.5625 0.112286470264
147.0625 0.1122861739
147.5625 0.112285557819
148.0625 0.112284620909
148.5625 0.11228421612
149.0625 0.112283492725
149.5625 0.112282446833
150.0625 0.112281933618
150.5625 0.112281136827
151.0625 0.11228024996
151.5625 0.11228002866
152.0625 0.112279501544
152.5625 0.112278654154
153.0625 0.112278039186
153.5625 0.112277440342
154.0625 0.112276519556
154.5625 0.112275720542
155.0625 0.112275122254
155.5625 0.112274394967
156.0625 0.112273716611
156.5625 0.112273274011
157.0625 0.112272510026
157.5625 0.11227164818
158.0625 0.112271133297
158.5625 0.11227029536
159.0625 0.112269249468
159.5625 0.112268779067
160.0625 0.112268183003
160.5625 0.112267269446
161.0625 0.11226692582
161.5625 0.112266258584
162.0625 0.112265269963
162.5625 0.112264742291
163.0625 0.112264001103
163.5625 0.112262940199
164.0625 0.112262371936
164.5625 0.112261974375
165.0625 0.112261260433
165.5625 0.112260436397
166.0625 0.112259932634
166.5625 0.112259108598
167.0625 0.112258197265
167.5625 0.112257656804
168.0625 0.112256793846
168.5625 0.112255732941
169.0625 0.112255438802
169.5625 0.112254865535
170.0625 0.112253974776
170.5625 0.112253452108
171.0625 0.112252839919
171.5625 0.112251909681
172.0625 0.112251120119
172.5625 0.11225047012
173.0625 0.11224950096
173.5625 0.112248722519
174.0625 0.112248357763
174.5625 0.112247672735
175.0625 0.112246665765
175.5625 0.112246262643
176.0625 0.112245538693
176.5625 0.112244493913
177.0625 0.112243885616
177.5625 0.112243231725
178.0625 0.11224246218
178.5625 0.112241620907
179.0625 0.112241298966
179.5625 0.112240656752
180.0625 0.112239693152
180.5625 0.112239128226
181.0625 0.112238482676
181.5625 0.112237514628
182.0625 0.112236591062
182.5625 0.112235980542
183.0625 0.112235303298
183.5625 0.11223434637
184.0625 0.112234025541
184.5625 0.112233386663
185.0625 0.1122324264
185.5625 0.112231743595
186.0625 0.112231098045
186.5625 0.112230136113
187.0625 0.112229090778
187.5625 0.112228566998
188.0625 0.112227907546
188.5625 0.112226925042
189.0625 0.112226580303
189.5625 0.112225915292
190.0625 0.112224931119
190.5625 0.112224275004
191.0625 0.112223715638
191.5625 0.112222832663
192.0625 0.112221623299
192.5625 0.112221240194
193.0625 0.112220741435
193.5625 0.112219922404
194.0625 0.112219154527
194.5625 0.112218685794
195.0625 0.112217896231
195.5625 0.112216789176
196.0625 0.112216233702
196.5625 0.112215479726
197.0625 0.112214366555
197.5625 0.11221364316
198.0625 0.11221326506
198.5625 0.112212571691
199.0625 0.112211554156
199.5625 0.112211090984
200.0625 0.112210430976
200.5625 0.112209446248
201.0625 0.112208512674
201.5625 0.11220788714
202.0625 0.1122069152
202.5625 0.112205947709
203.0625 0.112205581841
203.5625 0.112205014135
204.0625 0.112204127823
204.5625 0.112203316576
205.0625 0.112202888989
205.5625 0.112202142797
206.0625 0.112201079669
206.5625 0.112200176676
207.0625 0.112199437157
207.5625 0.112198659827
208.0625 0.112197712353
208.5625 0.112197409872
209.0625 0.112196789343
209.5625 0.112195844649
210.0625 0.112195031733
210.5625 0.112194480708
211.0625 0.112193607741
211.5625 0.112192412277
212.0625 0.112191733365
212.5625 0.112191062237
213.0625 0.11219029436
213.5625 0.112189400264
214.0625 0.112189022164
214.5625 0.112188324347
215.0625 0.112187310149
215.5625 0.112186550056
216.0625 0.112185919518
216.5625 0.112184967039
217.0625 0.112183694843
217.5625 0.112183137146
218.0625 0.112182574444
218.5625 0.112181736507
219.0625 0.112180916919
219.5625 0.112180577185
220.0625 0.112179913285
220.5625 0.112178929669
221.0625 0.112177940492
221.5625 0.112177327191
222.0625 0.112176395285
222.5625 0.112175140326
223.0625 0.112174597641
223.5625 0.112174142809
224.0625 0.112173373264
224.5625 0.112172281221
225.0625 0.112171929811
225.5625 0.112171258683
226.0625 0.112170267838
226.5625 0.112169223058
227.0625 0.112168655908
227.5625 0.112167767928
228.0625 0.1121665619
228.5625 0.112165896888
229.0625 0.112165486538
229.5625 0.112164755915
230.0625 0.112163705575
230.5625 0.112163132309
231.0625 0.112162505663
231.5625 0.112161560413
232.0625 0.112160292665
232.5625 0.112159768885
233.0625 0.112158929836
233.5625 0.112157881164
234.0625 0.112157005973
234.5625 0.112156750755
235.0625 0.112156176377
235.5625 0.112155282281
236.0625 0.112154205251
236.5625 0.112153768212
237.0625 0.112153010344
237.5625 0.112151937206
238.0625 0.112150814026
238.5625 0.112150196277
239.0625 0.112149406159
239.5625 0.112148537641
240.0625 0.112147761979
240.5625 0.112147354409
241.0625 0.11214662323
241.5625 0.112145573446
242.0625 0.112144754414
242.5625 0.112144165023
243.0625 0.112143255358
243.5625 0.112142027089
244.0625 0.11214116413
244.5625 0.112140488554
245.0625 0.112139784065
245.5625 0.112138757078
246.0625 0.11213823719
246.5625 0.112137673932
247.0625 0.112136788177
247.5625 0.1121355777
248.0625 0.112135021114
248.5625 0.11213427381
249.0625 0.112133207901
249.5625 0.112131821163
250.0625 0.112131367999
250.5625 0.112130823646
251.0625 0.112130009618
251.5625 0.112128872538
252.0625 0.11212855004
252.5625 0.11212791005
253.0625 0.112126947563
253.5625 0.112125664802
254.0625 0.112125199405
254.5625 0.112124412623
255.0625 0.1121233039
255.5625 0.112121876572
256.0625 0.11212106866
257.0625 0.112119028587
258.0625 0.112117981584
259.0625 0.112115651819
260.0625 0.112114311787
261.0625 0.112111940321
262.0625 0.112111125181
263.0625 0.112109027281
264.0625 0.112107919114
265.0625 0.112105527074
266.0625 0.112104327718
267.0625 0.112102267072
268.0625 0.112101233412
269.0625 0.112099359592
270.0625 0.11209796229
271.0625 0.11209586995
272.0625 0.112094105111
273.0625 0.112092350282
274.0625 0.112091030823
275.0625 0.112089314359
276.0625 0.112087632926
277.0625 0.112085691826
278.0625 0.112083636184
279.0625 0.112082215528
280.0625 0.11208063974
281.0625 0.11207910065
282.0625 0.112077224049
283.0625 0.112075676619
284.0625 0.112073112766
285.0625 0.112072110244
286.0625 0.112070052934
287.0625 0.112068977573
288.0625 0.112066623343
289.0625 0.112065249393
290.0625 0.112062719458
291.0625 0.112061654661
292.0625 0.112059843116
293.0625 0.112058410228
294.0625 0.112056450223
295.0625 0.112054562502
296.0625 0.112052446253
297.0625 0.112050873801
298.0625 0.112049480947
299.0625 0.112047613799
300.0625 0.112046284332
301.0625 0.112043749392
302.0625 0.112042047385
303.0625 0.11203974153
304.0625 0.112038910266
305.0625 0.112036798465
306.0625 0.112035426183
307.0625 0.112033239319
308.0625 0.112031323796
309.0625 0.11202948723
310.0625 0.112027893649
311.0625 0.112026419614
312.0625 0.112024315042
313.0625 0.112022765387
314.0625 0.11202009422
315.0625 0.112018689689
316.0625 0.112016659068
317.0625 0.112015696581
318.0625 0.112013804412
319.0625 0.112011907795
320.0625 0.112010005617
321.0625 0.112007520164
322.0625 0.112006460371
323.0625 0.112004175645
324.0625 0.112003164783
325.0625 0.112000871717
326.0625 0.11199921864
327.0625 0.11199692335
328.0625 0.111995127374
329.0625 0.111993722843
330.0625 0.111991678877
331.0625 0.111990272122
332.0625 0.111987584275
333.0625 0.111986167511
334.0625 0.111983581417
335.0625 0.111982575559
336.0625 0.111981002551
337.0625 0.111978964702
338.0625 0.111977449521
339.0625 0.111974655472
340.0625 0.111973204234
341.0625 0.111971047395
342.0625 0.111969752402
343.0625 0.11196799924
344.0625 0.111965948046
345.0625 0.111964259384
346.0625 0.11196145477
347.0625 0.111960000196
348.0625 0.11195797736
349.0625 0.111956696268
350.0625 0.111954794646
351.0625 0.111952760689
352.0625 0.111950921343
353.0625 0.111948141195
354.0625 0.111946991325
355.0625 0.111945085811
356.0625 0.111943539493
357.0625 0.111941701814
358.0625 0.111939424317
359.0625 0.111937723978
360.0625 0.11193472809
361.0625 0.111933707219
362.0625 0.111931806154
363.0625 0.111930145293
364.0625 0.111928377674
365.0625 0.111925836619
366.0625 0.111924203559
367.0625 0.111921349459
368.0625 0.111920241291
369.0625 0.111918411954
370.0625 0.111916483087
371.0625 0.111914787752
372.0625 0.111911989254
373.0625 0.111910638102
374.0625 0.111908254959
375.0625 0.111906650813
376.0625 0.111905114503
377.0625 0.111902645731
378.0625 0.111901320156
379.0625 0.111898715157
380.0625 0.111896728463
381.0625 0.111894755113
382.0625 0.11189274729
383.0625 0.111891533477
384.0625 0.111889044688
385.0625 0.111887519499
386.0625 0.111885234773
387.0625 0.111882705949
388.0625 0.111881057877
389.0625 0.111878693639
390.0625 0.111877636071
391.0625 0.111875475339
392.0625 0.111873509774
393.0625 0.111871767733
394.0625 0.111868742375
395.0625 0.11186726278
396.0625 0.111865486265
397.0625 0.111863579083
398.0625 0.111862076135
399.0625 0.111859292094
400.0625 0.11185779971
401.0625 0.111855297577
402.0625 0.111852913321
403.0625 0.111851677267
404.0625 0.111849160121
405.0625 0.111847937967
406.0625 0.111845697168
407.0625 0.111843331817
408.0625 0.111841372368
409.0625 0.111838317541
410.0625 0.111837370067
411.0625 0.111835405614
412.0625 0.11183338389
413.0625 0.111831913191
414.0625 0.111829162512
415.0625 0.111827026246
416.0625 0.111824498535
417.0625 0.11182261137
418.0625 0.111821321381
419.0625 0.11181875864
420.0625 0.111817276821
421.0625 0.111815059374
422.0625 0.111812288678
423.0625 0.11181041319
424.0625 0.111808106223
425.0625 0.111806713924
426.0625 0.11180495131
427.0625 0.111802268467
428.0625 0.111800853371
429.0625 0.111798157183
430.0625 0.111795815186
431.0625 0.111793921904
432.0625 0.111791340259
433.0625 0.111790584614
434.0625 0.111788563446
435.0625 0.111786006265
436.0625 0.111784403232
437.0625 0.111781521886
438.0625 0.111779287758
439.0625 0.111777797599
440.0625 0.111775091958
441.0625 0.111774086656
442.0625 0.111771797482
443.0625 0.111769347615
444.0625 0.111767483248
445.0625 0.111764337231
446.0625 0.111762802589
447.0625 0.111761135056
448.0625 0.111758557859
449.0625 0.111757305124
450.0625 0.111754778525
451.0625 0.111752459325
452.0625 0.111750351972
453.0625 0.111747058608
454.0625 0.111746215111
455.0625 0.111744506988
456.0625 0.111741707934
457.0625 0.111740494121
458.0625 0.111737998104
459.0625 0.111735365859
460.0625 0.111733355256
461.0625 0.111730736356
462.0625 0.111729340165
463.0625 0.111727615917
464.0625 0.111724614468
465.0625 0.111723382307
466.0625 0.11172086794
467.0625 0.111718026072
468.0625 0.111716068848
469.0625 0.111713786346
470.0625 0.111712202773
471.0625 0.111710481305
472.0625 0.111707466512
473.0625 0.111706054197
474.0625 0.111703541498
475.0625 0.111700547834
476.0625 0.111699013192
477.0625 0.111697025942
478.0625 0.111694923594
479.0625 0.111693497377
480.0625 0.111690788401
481.0625 0.111688749996
482.0625 0.111686604277
483.0625 0.111683180246
484.0625 0.111681680078
485.0625 0.111679904119
486.0625 0.111677240737
487.0625 0.111676026368
488.0625 0.111673529794
489.0625 0.111670929799
490.0625 0.111668999264
491.0625 0.11166577874
492.0625 0.111664010566
493.0625 0.111662470919
494.0625 0.111659650737
495.0625 0.111658282903
496.0625 0.111656027091
497.0625 0.111652895532
498.0625 0.111651413156
499.0625 0.111648603538
500.0625 0.111646063594
501.0625 0.111644979336
502.0625 0.111642614542
503.0625 0.11164036985
504.0625 0.111638639486
505.0625 0.111635626917
506.0625 0.111633332182
507.0625 0.111630939586
508.0625 0.111628222269
509.0625 0.111626980098
510.0625 0.111625060128
511.0625 0.111621856285
512.0625 0.111617999663
514.0625 0.111612875293
516.0625 0.111608560502
518.0625 0.111604379715
520.0625 0.111600386309
522.0625 0.111594546329
524.0625 0.111590363874
526.0625 0.111586944291
528.0625 0.111582076807
530.0625 0.11157585539
532.0625 0.111572787218
534.0625 0.111568755447
536.0625 0.111563271882
538.0625 0.111558284851
540.0625 0.111554514414
542.0625 0.111549983327
544.0625 0.111545452797
546.0625 0.111540596434
548.0625 0.111535718385
550.0625 0.111531353552
552.0625 0.111527399068
554.0625 0.111521864905
556.0625 0.111516529244
558.0625 0.111513277582
560.0625 0.111508454024
562.0625 0.111502525079
564.0625 0.111498323163
566.0625 0.11149446376
568.0625 0.111489157569
570.0625 0.111484940083
572.0625 0.1114794087
574.0625 0.1114746919
576.0625 0.111471232283
578.0625 0.111466058426
580.0625 0.111459600141
582.0625 0.111456515288
584.0625 0.111452021456
586.0625 0.111446241527
588.0625 0.111441713777
590.0625 0.111437108739
592.0625 0.111432460887
594.0625 0.111428438012
596.0625 0.111422751496
598.0625 0.111417125587
600.0625 0.111413879486
602.0625 0.111408767348
604.0625 0.111403540669
606.0625 0.111398399062
608.0625 0.111393584401
610.0625 0.111389380816
612.0625 0.111384848618
614.0625 0.111378500427
616.0625 0.111374430289
618.0625 0.111369915884
620.0625 0.111364197118
622.0625 0.111359569839
624.0625 0.111354003982
626.0625 0.11134872726
628.0625 0.111345431671
630.0625 0.111340119364
632.0625 0.111333678315
634.0625 0.11132990343
636.0625 0.11132501426
638.0625 0.111319878214
640.0625 0.111315248154
642.0625 0.111308703685
644.0625 0.111305508182
646.0625 0.111300810287
648.0625 0.111294606107
650.0625 0.111289844825
652.0625 0.111284819984
654.0625 0.111280291678
656.0625 0.111275844552
658.0625 0.111269211118
660.0625 0.111264362539
662.0625 0.111260247363
664.0625 0.11125440071
666.0625 0.111250604696
668.0625 0.111244032424
670.0625 0.111239583631
672.0625 0.111235525726
674.0625 0.111229110811
676.0625 0.111224960605
678.0625 0.111218620754
680.0625 0.111214153611
682.0625 0.111210181335
684.0625 0.111203857609
686.0625 0.111198877251
688.0625 0.111193450957
690.0625 0.111188247075
692.0625 0.111184740751
694.0625 0.111178284134
696.0625 0.111173054119
698.0625 0.111168288388
700.0625 0.111162995541
702.0625 0.111158938193
704.0625 0.111152342568
706.0625 0.111146737232
708.0625 0.111142558669
710.0625 0.111136873821
712.0625 0.111132651332
714.0625 0.111125893902
716.0625 0.111120683348
718.0625 0.111116706067
720.0625 0.111111101288
722.0625 0.111106603564
724.0625 0.111099379069
726.0625 0.111095144903
728.0625 0.111090387513
730.0625 0.111084819431
732.0625 0.111079880775
734.0625 0.111072206453
736.0625 0.111068905305
738.0625 0.111063776487
740.0625 0.111058319055
742.0625 0.111053002855
744.0625 0.111045136703
746.0625 0.111042709077
748.0625 0.111036963066
750.0625 0.111031972699
752.0625 0.111026069888
754.0625 0.111019320243
756.0625 0.111015931798
758.0625 0.111009623085
760.0625 0.111005263812
762.0625 0.110998717118
764.0625 0.110992884366
766.0625 0.110988867607
768.0625 0.110982412658
770.0625 0.110978155695
772.0625 0.1109710602
774.0625 0.110966510764
776.0625 0.110961651065
778.0625 0.110956385463
780.0625 0.110951223839
782.0625 0.1109436724
784.0625 0.110939526642
786.0625 0.110933745045
788.0625 0.110929549801
790.0625 0.110923470728
792.0625 0.110916990202
794.0625 0.110911930331
796.0625 0.110905991378
798.0625 0.110902138092
800.0625 0.110895210518
802.0625 0.110890237944
804.0625 0.110883821917
806.0625 0.11087926859
808.0625 0.110874410002
810.0625 0.110867715404
812.0625 0.110862470376
814.0625 0.110855065728
816.0625 0.110851951962
818.0625 0.1108458601
820.0625 0.110840714601
822.0625 0.110834235187
824.0625 0.110827737424
826.0625 0.110823741794
828.0625 0.110817152286
830.0625 0.110813148872
832.0625 0.11080520432
834.0625 0.110800377426
836.0625 0.110794871619
838.0625 0.110790418377
840.0625 0.110784443838
842.0625 0.110777983885
844.0625 0.110771812511
846.0625 0.110766183266
848.0625 0.110762127029
850.0625 0.110754756299
852.0625 0.110749966659
854.0625 0.110742146658
856.0625 0.110738452396
858.0625 0.110732965495
860.0625 0.11072778441
862.0625 0.110721368383
864.0625 0.11071424453
866.0625 0.110709962546
868.0625 0.110703926843
870.0625 0.110699446912
872.0625 0.110691682513
874.0625 0.110686507544
876.0625 0.110679607215
878.0625 0.110676062526
880.0625 0.110669620921
882.0625 0.110664211308
884.0625 0.110657218123
886.0625 0.110651156843
888.0625 0.110646818143
890.0625 0.11064108492
892.0625 0.110635600243
894.0625 0.11062800877
896.0625 0.110622550226
898.0625 0.110616149768
900.0625 0.110612551143
902.0625 0.110605053083
904.0625 0.110600272339
906.0625 0.110591974708
908.0625 0.110588075271
910.0625 0.110582150775
912.0625 0.110577098133
914.0625 0.110570521969
916.0625 0.110563749527
918.0625 0.110558063567
920.0625 0.110553045399
922.0625 0.110547865982
924.0625 0.110541200298
926.0625 0.110535368659
928.0625 0.110527308452
930.0625 0.11052367591
932.0625 0.110516919037
934.0625 0.110512623707
936.0625 0.110504564056
938.0625 0.110499215606
940.0625 0.110491789273
942.0625 0.110488376919
944.0625 0.11048132257
946.0625 0.110476453974
948.0625 0.110468717932
950.0625 0.110463080903
952.0625 0.110457203669
954.0625 0.110452708725
956.0625 0.110446116993
958.0625 0.110440183599
960.0625 0.110432700552
962.0625 0.110427273702
964.0625 0.110422034234
966.0625 0.11041634883
968.0625 0.110410218046
970.0625 0.110403090857
972.0625 0.110396357893
974.0625 0.110390884893
976.0625 0.110386068563
978.0625 0.110379153778
980.0625 0.11037373916
982.0625 0.110365810177
984.0625 0.110360827594
986.0625 0.110354687914
988.0625 0.110349996136
990.0625 0.11034256035
992.0625 0.110336849369
994.0625 0.11032826149
996.0625 0.110324615603
998.0625 0.110317666344
1000.0625 0.110313250356
1002.0625 0.110305083947
1004.0625 0.110299486952
1006.0625 0.110291432862
1008.0625 0.110287884836
1010.0625 0.11028036509
1012.0625 0.110276035287
1014.0625 0.110267489666
1016.0625 0.110261620216
1018.0625 0.110254879468
1020.0625 0.110251195771
1022.0625 0.110243405239
1024.0625 0.110229624042
1028.0625 0.110217857898
1032.0625 0.11020588769
1036.0625 0.110191614407
1040.0625 0.110180382051
1044.0625 0.110168729892
1048.0625 0.110154080177
1052.0625 0.110143618478
1056.0625 0.110131020513
1060.0625 0.110116729437
1064.0625 0.110106030313
1068.0625 0.11009303145
1072.0625 0.110079051751
1076.0625 0.110068655664
1080.0625 0.110055279257
1084.0625 0.110041760506
1088.0625 0.110030588757
1092.0625 0.110017096696
1096.0625 0.110003673583
1100.0625 0.109992204914
1104.0625 0.109978418713
1108.0625 0.109965457104
1112.0625 0.109952552211
1116.0625 0.109938699286
1120.0625 0.109925437977
1124.0625 0.109913639583
1128.0625 0.109899491963
1132.0625 0.109886068293
1136.0625 0.109874012457
1140.0625 0.109859819799
1144.0625 0.109846167045
1148.0625 0.109833871004
1152.0625 0.109819195155
1156.0625 0.109805415627
1160.0625 0.109794074845
1164.0625 0.109780330902
1168.0625 0.109767007874
1172.0625 0.109755400198
1176.0625 0.109742024903
1180.0625 0.109728236478
1184.0625 0.109716383037
1188.0625 0.109702111978
1192.0625 0.109687870389
1196.0625 0.109675713355
1200.0625 0.109661135924
1204.0625 0.109646041941
1208.0625 0.109633428963
1212.0625 0.109619207947
1216.0625 0.10960553184
1220.0625 0.109594306157
1224.0625 0.109580616705
1228.0625 0.10956589693
1232.0625 0.109554307603
1236.0625 0.109540257288
1240.0625 0.109524417669
1244.0625 0.109512728813
1248.0625 0.109498197532
1252.0625 0.109481272544
1256.0625 0.109469738263
1260.0625 0.10945706301
1264.0625 0.10944187061
1268.0625 0.109430173413
1272.0625 0.10941706946
1276.0625 0.109401448917
1280.0625 0.109388564597
1284.0625 0.109375048627
1288.0625 0.109358948786
1292.0625 0.10934397157
1296.0625 0.109332458974
1300.0625 0.109318358617
1304.0625 0.10930404252
1308.0625 0.109292008369
1312.0625 0.109277391459
1316.0625 0.109261402269
1320.0625 0.109248867135
1324.0625 0.109233678627
1328.0625 0.109217439779
1332.0625 0.10920638146
1336.0625 0.109193472118
1340.0625 0.109177891054
1344.0625 0.109164377863
1348.0625 0.109150866341
1352.0625 0.10913485769
1356.0625 0.109118678893
1360.0625 0.109107035075
1364.0625 0.109093293912
1368.0625 0.109077499888
1372.0625 0.109065724847
1376.0625 0.109051201351
1380.0625 0.109033925508
1384.0625 0.109019882421
1388.0625 0.109005922739
1392.0625 0.108991970841
1396.0625 0.10897821133
1400.0625 0.108965496598
1404.0625 0.108949936663
1408.0625 0.108932726431
1412.0625 0.108919055328
1416.0625 0.10890520574
1420.0625 0.108889504573
1424.0625 0.108877163494
1428.0625 0.108863831569
1432.0625 0.108847161798
1436.0625 0.108831015251
1440.0625 0.108817449794
1444.0625 0.10880364024
1448.0625 0.108787484241
1452.0625 0.108775321091
1456.0625 0.108760214875
1460.0625 0.108742173379
1464.0625 0.10872694873
1468.0625 0.108715596271
1472.0625 0.108700522305
1476.0625 0.108685007408
1480.0625 0.108671267358
1484.0625 0.108654470812
1488.0625 0.10863627752
1492.0625 0.108625432716
1496.0625 0.10861166542
1500.0625 0.108594589192
1504.0625 0.108580141872
1508.0625 0.108564873296
1512.0625 0.10854887076
1516.0625 0.108533827376
1520.0625 0.108521704817
1524.0625 0.108506417892
1528.0625 0.108487961041
1532.0625 0.108472337718
1536.0625 0.108459879872
1540.0625 0.10844460796
1544.0625 0.108428975741
1548.0625 0.108415135605
1552.0625 0.108398005442
1556.0625 0.108381077673
1560.0625 0.108369034625
1564.0625 0.108355178365
1568.0625 0.108338027628
1572.0625 0.108320056192
1576.0625 0.108306354507
1580.0625 0.1082925216
1584.0625 0.108275936346
1588.0625 0.108261336117
1592.0625 0.108245611597
1596.0625 0.10822770744
1600.0625 0.108212895365
1604.0625 0.108200565406
1608.0625 0.108184794735
1612.0625 0.108165588356
1616.0625 0.10815001452
1620.0625 0.108137703466
1624.0625 0.108123190534
1628.0625 0.108104291084
1632.0625 0.108089636921
1636.0625 0.108074098115
1640.0625 0.108058392499
1644.0625 0.108043561519
1648.0625 0.108028861205
1652.0625 0.10801057172
1656.0625 0.107992799898
1660.0625 0.107981176097
1664.0625 0.107966910598
1668.0625 0.107948402593
1672.0625 0.107929917941
1676.0625 0.107918431479
1680.0625 0.107903583262
1684.0625 0.107884994076
1688.0625 0.107868222552
1692.0625 0.107854077156
1696.0625 0.107839100496
1700.0625 0.107820637529
1704.0625 0.107806595554
1708.0625 0.107789764535
1712.0625 0.10777425353
1716.0625 0.107758268232
1720.0625 0.107743858165
1724.0625 0.107725537542
1728.0625 0.107708479663
1732.0625 0.107694861383
1736.0625 0.107680223345
1740.0625 0.107661676973
1744.0625 0.107641755541
1748.0625 0.107631201541
1752.0625 0.107616145368
1756.0625 0.107597143608
1760.0625 0.107577882183
1764.0625 0.107566630922
1768.0625 0.107551315639
1772.0625 0.107531927995
1776.0625 0.107513787526
1780.0625 0.107501429765
1784.0625 0.107485754731
1788.0625 0.107466307036
1792.0625 0.107449520499
1796.0625 0.107436391525
1800.0625 0.107420331163
1804.0625 0.107400018285
1808.0625 0.107384258179
1812.0625 0.107370428052
1816.0625 0.107353686553
1820.0625 0.107335094031
1824.0625 0.107318598298
1828.0625 0.107304032543
1832.0625 0.107287354432
1836.0625 0.107269667683
1840.0625 0.107252560873
1844.0625 0.10723746133
1848.0625 0.107219080655
1852.0625 0.107203671404
1856.0625 0.107186180377
1860.0625 0.107170704402
1864.0625 0.107152120221
1868.0625 0.107137040139
1872.0625 0.107119208266
1876.0625 0.107104187679
1880.0625 0.107085931555
1884.0625 0.107070078592
1888.0625 0.107053056854
1892.0625 0.107036807442
1896.0625 0.107019174627
1900.0625 0.107002351392
1904.0625 0.106986298258
1908.0625 0.10696907635
1912.0625 0.106951721551
1916.0625 0.106934229968
1920.0625 0.106919800997
1924.0625 0.106901418654
1928.0625 0.106883977114
1932.0625 0.106867005975
1936.0625 0.10685238295
1940.0625 0.106832916349
1944.0625 0.106815223484
1948.0625 0.106800160083
1952.0625 0.106784352714
1956.0625 0.106763681753
1960.0625 0.106746293592
1964.0625 0.106733409827
1968.0625 0.106716117303
1972.0625 0.106693991212
1976.0625 0.106678830506
1980.0625 0.10666539238
1984.0625 0.106646885487
1988.0625 0.106623515558
1992.0625 0.10661153423
1996.0625 0.106596633189
2000.0625 0.106576550508
2004.0625 0.106554588446
2008.0625 0.106543899331
2012.0625 0.106527254581
2016.0625 0.106505861894
2020.0625 0.106487961073
2024.0625 0.106474814863
2028.0625 0.106456522041
2032.0625 0.106436915877
2036.0625 0.106419389821
2040.0625 0.106404497121
2044.0625 0.106385267389
2048.0625 0.106349930032
2056.0625 0.106316853493
2064.0625 0.106278554722
2072.0625 0.10624838733
2080.0625 0.106205748747
2088.0625 0.106178163001
2096.0625 0.106136629805
2104.0625 0.10610663923
2112.0625 0.106067999613
2120.0625 0.106033634196
2128.0625 0.105997323232
2136.0625 0.105963842458
2144.0625 0.105924660156
2152.0625 0.105894354869
2160.0625 0.10585232347
2168.0625 0.105821686789
2176.0625 0.105783604314
2184.0625 0.105746649467
2192.0625 0.105712666599
2200.0625 0.105676809354
2208.0625 0.105638141936
2216.0625 0.105605146576
2224.0625 0.105566400202
2232.0625 0.10553014762
2240.0625 0.105496448327
2248.0625 0.105455504523
2256.0625 0.105422152192
2264.0625 0.105384220957
2272.0625 0.105346660038
2280.0625 0.10530890006
2288.0625 0.105277001191
2296.0625 0.105231609705
2304.0625 0.105202051721
2312.0625 0.105161973099
2320.0625 0.10512516838
2328.0625 0.105087764261
2336.0625 0.105054245678
2344.0625 0.10501254901
2352.0625 0.104977026495
2360.0625 0.104940956291
2368.0625 0.104900584642
2376.0625 0.104864007895
2384.0625 0.104826769473
2392.0625 0.104789257484
2400.0625 0.104746568303
2408.0625 0.104714976918
2416.0625 0.104672380038
2424.0625 0.104635808851
2432.0625 0.104596077192
2440.0625 0.104563467717
2448.0625 0.104519963396
2456.0625 0.104483826469
2464.0625 0.104447123503
2472.0625 0.104407788293
2480.0625 0.104368099448
2488.0625 0.104330159872
2496.0625 0.104295256775
2504.0625 0.1042499309
2512.0625 0.104214907701
2520.0625 0.104174577197
2528.0625 0.104140423628
2536.0625 0.104095558702
2544.0625 0.104060248035
2552.0625 0.104022944001
2560.0625 0.103981935698
2568.0625 0.103941927135
2576.0625 0.103901901892
2584.0625 0.103868179802
2592.0625 0.103822333484
2600.0625 0.103785804
2608.0625 0.103746008953
2616.0625 0.103709815311
2624.0625 0.103668019669
2632.0625 0.103626003283
2640.0625 0.103590628117
2648.0625 0.103548256984
2656.0625 0.103511688578
2664.0625 0.103464788027
2672.0625 0.103431036467
2680.0625 0.10339140823
2688.0625 0.103351532002
2696.0625 0.103309014634
2704.0625 0.103267129472
2712.0625 0.103233159948
2720.0625 0.10318738647
2728.0625 0.103150196422
2736.0625 0.103106509167
2744.0625 0.103070205431
2752.0625 0.10303132839
2760.0625 0.102987698962
2768.0625 0.102947199425
2776.0625 0.102901312517
2784.0625 0.102869708344
2792.0625 0.102826736699
2800.0625 0.102786198241
2808.0625 0.102743419539
2816.0625 0.102701097337
2824.0625 0.102665972383
2832.0625 0.102619493303
2840.0625 0.102582780885
2848.0625 0.102537096372
2856.0625 0.102497943539
2864.0625 0.102460171329
2872.0625 0.102415314187
2880.0625 0.102376875297
2888.0625 0.102328524621
2896.0625 0.102291821655
2904.0625 0.102252082768
2912.0625 0.102210408896
2920.0625 0.102170506536
2928.0625 0.102120001801
2936.0625 0.102083865429
2944.0625 0.102041607727
2952.0625 0.102002903611
2960.0625 0.101962059336
2968.0625 0.10191473231
2976.0625 0.101874797144
2984.0625 0.101828146251
2992.0625 0.101792376303
3000.0625 0.101751318513
3008.0625 0.101707047983
3016.0625 0.101666612946
3024.0625 0.101616062616
3032.0625 0.101579074963
3040.0625 0.101537245404
3048.0625 0.101495732225
3056.0625 0.101456237435
3064.0625 0.101405908405
3072.0625 0.10136734274
3080.0625 0.1013215498
3088.0625 0.101280617117
3096.0625 0.101241432591
3104.0625 0.101193726353
3112.0625 0.101156987802
3120.0625 0.101109276004
3128.0625 0.101065167834
3136.0625 0.101023500079
3144.0625 0.100976559495
3152.0625 0.100940838478
3160.0625 0.100894821458
3168.0625 0.100853362771
3176.0625 0.100809058323
3184.0625 0.100759216931
3192.0625 0.100720335997
3200.0625 0.100673001743
3208.0625 0.100633205029
3216.0625 0.100590010972
3224.0625 0.10054472958
3232.0625 0.100504321789
3240.0625 0.100454036129
3248.0625 0.100412044765
3256.0625 0.100367540146
3264.0625 0.100320580101
3272.0625 0.100282949121
3280.0625 0.1002358345
3288.0625 0.100195749761
3296.0625 0.100151501472
3304.0625 0.100102375691
3312.0625 0.100061362939
3320.0625 0.100011226852
3328.0625 0.099969246608
3336.0625 0.099926415639
3344.0625 0.0998784730887
3352.0625 0.0998412329985
3360.0625 0.0997942129015
3368.0625 0.0997502960065
3376.0625 0.0997069551581
3384.0625 0.0996536747226
3392.0625 0.0996138379736
3400.0625 0.0995672215542
3408.0625 0.0995208169822
3416.0625 0.0994795984993
3424.0625 0.0994307735299
3432.0625 0.0993915283965
3440.0625 0.0993468080385
3448.0625 0.0992977145067
3456.0625 0.0992580801525
3464.0625 0.0992081103179
3472.0625 0.099163485041
3480.0625 0.0991181280289
3488.0625 0.0990647875422
3496.0625 0.0990262858205
3504.0625 0.0989783582831
3512.0625 0.0989328099968
3520.0625 0.0988922148233
3528.0625 0.0988421688126
3536.0625 0.098801236129
3544.0625 0.0987560058917
3552.0625 0.0987048016712
3560.0625 0.0986644400301
3568.0625 0.0986145524879
3576.0625 0.0985685404729
3584.0625 0.0985239302087
3592.0625 0.0984701048641
3600.0625 0.0984296453618
3608.0625 0.0983831106788
3616.0625 0.0983320243365
3624.0625 0.098292047468
3632.0625 0.0982437696318
3640.0625 0.0981988763486
3648.0625 0.0981558746784
3656.0625 0.0981034738819
3664.0625 0.098062835338
3672.0625 0.0980160404331
3680.0625 0.0979642440409
3688.0625 0.0979231206391
3696.0625 0.0978736712483
3704.0625 0.0978258960631
3712.0625 0.0977816477743
3720.0625 0.0977280459536
3728.0625 0.097684345354
3736.0625 0.0976372546413
3744.0625 0.0975837962763
3752.0625 0.0975435969959
3760.0625 0.0974949482879
3768.0625 0.0974452019773
3776.0625 0.0974022403413
3784.0625 0.0973513769669
3792.0625 0.0973069412961
3800.0625 0.097262331032
3808.0625 0.0972084172786
3816.0625 0.0971681168008
3824.0625 0.0971206552163
3832.0625 0.0970679675084
3840.0625 0.0970270904278
3848.0625 0.0969769626808
3856.0625 0.0969277740679
3864.0625 0.0968841913467
3872.0625 0.0968313490626
3880.0625 0.0967859420079
3888.0625 0.0967389903026
3896.0625 0.0966830442606
3904.0625 0.0966424385225
3912.0625 0.0965933149651
3920.0625 0.0965399177634
3928.0625 0.0964976055701
3936.0625 0.0964460788523
3944.0625 0.0963970559363
3952.0625 0.0963526352783
3960.0625 0.0962992514213
3968.0625 0.0962525538216
3976.0625 0.0962061726028
3984.0625 0.0961506118894
3992.0625 0.096106932419
4000.0625 0.0960583081763
4008.0625 0.0960029754351
4016.0625 0.0959613738478
4024.0625 0.0959112655618
4032.0625 0.0958575914572
4040.0625 0.0958147326867
4048.0625 0.0957626866372
4056.0625 0.0957117404144
4064.0625 0.0956673002953
4072.0625 0.0956145892343
4080.0625 0.0955664665304
4088.0625 0.0955197455774
4096.0625 0.0954112013484
4112.0625 0.0953062462912
4128.0625 0.0952510392127
4144.0625 0.095226307567
4160.0625 0.095194105662
4176.0625 0.0951721480485
4192.0625 0.0951485657161
4208.0625 0.0951185150901
4224.0625 0.0950908320386
4240.0625 0.0950700609926
4256.0625 0.0950414282423
4272.0625 0.0950104690637
4288.0625 0.0949905142693
4304.0625 0.0949635229187
4320.0625 0.0949293943708
4336.0625 0.0949106517211
4352.0625 0.0948842275209
4368.0625 0.0948510347709
4384.0625 0.0948299334432
4400.0625 0.0948051712158
4416.0625 0.0947722826141
4432.0625 0.0947487114024
4448.0625 0.0947250195322
4464.0625 0.0946924556519
4480.0625 0.0946673019795
4496.0625 0.0946438475341
4512.0625 0.0946124446438
4528.0625 0.0945863346003
4544.0625 0.0945629046201
4560.0625 0.0945310024152
4576.0625 0.0945029112379
4592.0625 0.0944815919465
4608.0625 0.0944490386307
4624.0625 0.0944227450975
4640.0625 0.0943984471549
4656.0625 0.0943663742488
4672.0625 0.0943411399522
4688.0625 0.0943169115133
4704.0625 0.0942834235116
4720.0625 0.0942572595333
4736.0625 0.0942337038904
4752.0625 0.0941986167472
4768.0625 0.0941714491353
4784.0625 0.094149926893
4800.0625 0.0941141775184
4816.0625 0.0940913663993
4832.0625 0.094064153749
4848.0625 0.0940281791823
4864.0625 0.094006785383
4880.0625 0.093980459044
4896.0625 0.0939452534665
4912.0625 0.0939235277174
4928.0625 0.093893806817
4944.0625 0.0938578839611
4960.0625 0.0938391841257
4976.0625 0.093807604418
4992.0625 0.0937789405301
5008.0625 0.0937538824949
5024.0625 0.0937191400901
5040.0625 0.0936920353095
5056.0625 0.093666279457
5072.0625 0.0936296137455
5088.0625 0.0936106976145
5104.0625 0.0935804924122
5120.0625 0.0935459323852
5136.0625 0.0935230373056
5152.0625 0.0934909199171
5168.0625 0.0934589743418
5184.0625 0.0934382533384
5200.0625 0.0934004144042
5216.0625 0.0933778151324
5232.0625 0.093348525155
5248.0625 0.093311065989
5264.0625 0.0932894064075
5280.0625 0.0932576137403
5296.0625 0.0932269192319
5312.0625 0.0932045112343
5328.0625 0.093166465457
5344.0625 0.0931429170425
5360.0625 0.0931133201367
5376.0625 0.0930761740155
5392.0625 0.0930544688395
5408.0625 0.093020405347
5424.0625 0.0929927567694
5440.0625 0.0929668185391
5456.0625 0.0929265697721
5472.0625 0.0929066077492
5488.0625 0.0928736924581
5504.0625 0.0928411763963
5520.0625 0.0928166816192
5536.0625 0.0927780508986
5552.0625 0.092755865869
5568.0625 0.0927246648175
5584.0625 0.0926902843881
5600.0625 0.0926677785293
5616.0625 0.0926290432751
5632.0625 0.0926047836986
5648.0625 0.0925747758868
5664.0625 0.0925379489267
5680.0625 0.092515334086
5696.0625 0.0924770397634
5712.0625 0.0924529781335
5728.0625 0.0924223169868
5744.0625 0.0923863029421
5760.0625 0.0923640445165
5776.0625 0.0923242077675
5792.0625 0.0923005175654
5808.0625 0.0922688844788
5824.0625 0.0922337706462
5840.0625 0.092209666202
5856.0625 0.0921686923722
5872.0625 0.0921472479741
5888.0625 0.0921135186555
5904.0625 0.0920812783844
5920.0625 0.0920552350646
5936.0625 0.0920124619226
5952.0625 0.091993551908
5968.0625 0.0919564413727
5984.0625 0.0919281222232
6000.0625 0.091898967361
6016.0625 0.09185999079
6032.0625 0.0918374248799
6048.0625 0.091796954257
6064.0625 0.0917734019503
6080.0625 0.0917399517586
6096.0625 0.0917065132435
6112.0625 0.0916804282214
6128.0625 0.091636635877
6144.0625 0.0916177998143
6160.0625 0.0915787203778
6176.0625 0.091552772139
6192.0625 0.0915205674539
6208.0625 0.0914848964795
6224.0625 0.09145930966
6240.0625 0.0914153655195
6256.0625 0.0913956008872
6272.0625 0.0913570140929
6288.0625 0.0913292726583
6304.0625 0.0912973409838
6320.0625 0.0912609822006
6336.0625 0.0912358073992
6352.0625 0.091191103722
6368.0625 0.0911719201408
6384.0625 0.091131713632
6400.0625 0.0911057542726
6416.0625 0.0910720166136
6432.0625 0.0910374615908
6448.0625 0.0910101766566
6464.0625 0.0909671460729
6480.0625 0.090946735334
6496.0625 0.0909029568904
6512.0625 0.0908806895683
6528.0625 0.0908431436617
6544.0625 0.090813379947
6560.0625 0.0907816095211
6576.0625 0.0907444811928
6592.0625 0.0907188282058
6608.0625 0.090673962168
6624.0625 0.090653922857
6640.0625 0.0906103384677
6656.0625 0.0905874928747
6672.0625 0.090549420964
6688.0625 0.0905197084041
6704.0625 0.0904872902035
6720.0625 0.0904509492133
6736.0625 0.090423044306
6752.0625 0.0903800637649
6768.0625 0.090357442808
6784.0625 0.090311731049
6800.0625 0.0902909216368
6816.0625 0.0902502235978
6832.0625 0.0902231438385
6848.0625 0.0901874044725
6864.0625 0.0901543679669
6880.0625 0.090123011227
6896.0625 0.0900852634817
6912.0625 0.0900580997619
6928.0625 0.0900149618645
6944.0625 0.0899918927476
6960.0625 0.0899450683731
6976.0625 0.0899246604144
6992.0625 0.0898817738424
7008.0625 0.0898562693153
7024.0625 0.0898178876961
7040.0625 0.0897868584577
7056.0625 0.0897530207133
7072.0625 0.0897178351529
7088.0625 0.0896870972741
7104.0625 0.0896485154841
7120.0625 0.0896204871382
7136.0625 0.0895768638268
7152.0625 0.0895530651989
7168.0625 0.0895053856507
7184.0625 0.0894850049375
7200.0625 0.0894398775657
7216.0625 0.0894168723922
7232.0625 0.0893748504464
7248.0625 0.0893486792397
7264.0625 0.0893091888972
7280.0625 0.0892790454142
7296.0625 0.0892429034827
7312.0625 0.0892082027801
7328.0625 0.0891759274792
7344.0625 0.0891370988121
7360.0625 0.0891083631963
7376.0625 0.0890660170852
7392.0625 0.0890400749627
7408.0625 0.0889938171825
7424.0625 0.0889711333942
7440.0625 0.0889215694613
7456.0625 0.0889023141523
7472.0625 0.0888523810156
7488.0625 0.0888330650993
7504.0625 0.0887851225491
7520.0625 0.0887628290936
7536.0625 0.0887175643825
7552.0625 0.0886921693933
7568.0625 0.0886496286718
7584.0625 0.0886201685493
7600.0625 0.0885813293176
7616.0625 0.0885488744191
7632.0625 0.0885127069101
7648.0625 0.0884790843492
7664.0625 0.0884438020396
7680.0625 0.08840904351
7696.0625 0.0883749928062
7712.0625 0.0883370126403
7728.0625 0.0883052866968
7744.0625 0.088265436603
7760.0625 0.0882345830701
7776.0625 0.0881929281039
7792.0625 0.0881651149415
7808.0625 0.0881188193513
7824.0625 0.0880942083639
7840.0625 0.0880466411338
7856.0625 0.0880227768944
7872.0625 0.0879767109444
7888.0625 0.0879506731849
7904.0625 0.0879045488518
7920.0625 0.0878798266586
7936.0625 0.0878322610965
7952.0625 0.0878092870606
7968.0625 0.0877596019133
7984.0625 0.087738209782
8000.0625 0.0876865307121
8016.0625 0.0876663179198
8032.0625 0.0876140450102
8048.0625 0.0875941875209
8064.0625 0.0875424934382
8080.0625 0.087520654815
8096.0625 0.0874705109431
8112.0625 0.0874482325005
8128.0625 0.0873978395273
8144.0625 0.0873769455986
8160.0625 0.0873250824829
8176.0625 0.0873052922732
8192.0625 0.0872323117048
8224.0625 0.0871585043203
8256.0625 0.0870847030521
8288.0625 0.0870123902754
8320.0625 0.086940250424
8352.0625 0.0868666181888
8384.0625 0.0867920129016
8416.0625 0.0867176050049
8448.0625 0.0866446483458
8480.0625 0.0865707119624
8512.0625 0.0864955556498
8544.0625 0.0864201963863
8576.0625 0.0863462494382
8608.0625 0.0862701328623
8640.0625 0.0861938895115
8672.0625 0.0861186826002
8704.0625 0.0860429474606
8736.0625 0.0859652261829
8768.0625 0.0858882205154
8800.0625 0.0858122440589
8832.0625 0.0857329636739
8864.0625 0.085655464252
8896.0625 0.0855804202574
8928.0625 0.0855013728488
8960.0625 0.0854252985311
8992.0625 0.0853525198015
9024.0625 0.085278432178
9056.0625 0.085202335063
9088.0625 0.0851292794307
9120.0625 0.085056892146
9152.0625 0.0849793215523
9184.0625 0.0849025299563
9216.0625 0.0848285702196
9248.0625 0.084749952622
9280.0625 0.0846712099176
9312.0625 0.0845949699031
9344.0625 0.0845128115082
9376.0625 0.0844337118328
9408.0625 0.0843506960401
9440.0625 0.0842701479073
9472.0625 0.0841906973772
9504.0625 0.0841088976215
9536.0625 0.0840360566166
9568.0625 0.0839621836205
9600.0625 0.0838857412112
9632.0625 0.0838099538048
9664.0625 0.0837339806845
9696.0625 0.0836523110397
9728.0625 0.083574927272
9760.0625 0.0834906125939
9792.0625 0.0834098170279
9824.0625 0.0833246994429
9856.0625 0.0832421518272
9888.0625 0.0831577904426
9920.0625 0.0830828337447
9952.0625 0.0830093694304
9984.0625 0.0829316375882
10016.0625 0.0828546775151
10048.0625 0.082775302049
10080.0625 0.0826929596083
10112.0625 0.0826096936022
10144.0625 0.0825238109203
10176.0625 0.0824360382934
10208.0625 0.0823522429471
10240.0625 0.0822737882661
10272.0625 0.0821993970504
10304.0625 0.0821245382136
10336.0625 0.0820414139952
10368.0625 0.0819626134638
10400.0625 0.0818751855753
10432.0625 0.0817904421983
10464.0625 0.0817023042598
10496.0625 0.0816118799272
10528.0625 0.0815362598858
10560.0625 0.0814614460874
10592.0625 0.0813812299044
10624.0625 0.0813031866854
10656.0625 0.0812161596944
10688.0625 0.0811301663626
10720.0625 0.0810410765012
10752.0625 0.0809493649598
10784.0625 0.0808704977049
10816.0625 0.0807942938322
10848.0625 0.0807166409461
10880.0625 0.0806341567179
10912.0625 0.0805496513216
10944.0625 0.0804588094106
10976.0625 0.0803662843977
11008.0625 0.0802770505247
11040.0625 0.0802024507978
11072.0625 0.0801253878593
11104.0625 0.0800437465721
11136.0625 0.0799590860435
11168.0625 0.0798673455885
11200.0625 0.0797739553934
11232.0625 0.0796821960334
11264.0625 0.0796078910023
11296.0625 0.0795308719901
11328.0625 0.0794472462328
11360.0625 0.0793608647922
11392.0625 0.0792680890099
11424.0625 0.0791714521573
11456.0625 0.079086648729
11488.0625 0.0790106161136
11520.0625 0.078931438594
11552.0625 0.0788453651939
11584.0625 0.0787532744402
11616.0625 0.0786572736856
11648.0625 0.0785638267754
11680.0625 0.0784892326088
11712.0625 0.0784107896045
11744.0625 0.0783238621428
11776.0625 0.0782329985467
11808.0625 0.0781359279908
11840.0625 0.0780402536256
11872.0625 0.0779656822563
11904.0625 0.0778868516992
11936.0625 0.077798997892
11968.0625 0.0777062121012
12000.0625 0.077607208786
12032.0625 0.0775158875775
12064.0625 0.077440322027
12096.0625 0.0773588820225
12128.0625 0.0772703081568
12160.0625 0.0771733399104
12192.0625 0.0770710649164
12224.0625 0.0769910461239
12256.0625 0.0769118474752
12288.0625 0.0768265097025
12320.0625 0.0767331183953
12352.0625 0.0766321411747
12384.0625 0.0765385930671
12416.0625 0.0764624231123
12448.0625 0.0763800984645
12480.0625 0.0762886577096
12512.0625 0.0761877905828
12544.0625 0.0760856173423
12576.0625 0.0760105961449
12608.0625 0.0759284160649
12640.0625 0.0758375368999
12672.0625 0.075738461857
12704.0625 0.0756326627466
12736.0625 0.0755577338502
12768.0625 0.0754751806742
12800.0625 0.075384726316
12832.0625 0.0752848811719
12864.0625 0.0751775507557
12896.0625 0.0751031406349
12928.0625 0.0750197934485
12960.0625 0.0749284060724
12992.0625 0.0748265308638
13024.0625 0.0747205627205
13056.0625 0.074646980528
13088.0625 0.0745620803506
13120.0625 0.0744680040148
13152.0625 0.0743632474602
13184.0625 0.0742648112954
13216.0625 0.0741896021599
13248.0625 0.0741015765395
13280.0625 0.0740036658227
13312.0625 0.0738945983698
13344.0625 0.073808756834
13376.0625 0.0737293852601
13408.0625 0.0736380262415
13440.0625 0.0735336110892
13472.0625 0.0734253832411
13504.0625 0.0733501296232
13536.0625 0.0732648357768
13568.0625 0.0731665074818
13600.0625 0.0730564992265
13632.0625 0.0729680221099
13664.0625 0.0728880211104
13696.0625 0.0727950779631
13728.0625 0.07268926384
13760.0625 0.0725835881683
13792.0625 0.0725066620131
13824.0625 0.0724187987533
13856.0625 0.0723167383868
13888.0625 0.0722034339874
13920.0625 0.0721240223793
13952.0625 0.0720404666818
13984.0625 0.0719417235886
14016.0625 0.0718286265882
14048.0625 0.0717404486156
14080.0625 0.0716570669554
14112.0625 0.0715613647887
14144.0625 0.0714519809548
14176.0625 0.0713537966715
14208.0625 0.0712737467413
14240.0625 0.0711802909346
14272.0625 0.0710711111637
14304.0625 0.0709661944725
14336.0625 0.0708889619449
14368.0625 0.0707966037409
14400.0625 0.0706879382974
14432.0625 0.0705782608798
14464.0625 0.0705038846769
14496.0625 0.0704118934525
14528.0625 0.0703020192004
14560.0625 0.0701905085528
14592.0625 0.0701167790124
14624.0625 0.07002396264
14656.0625 0.0699133221789
14688.0625 0.0698024114874
14720.0625 0.0697281659515
14752.0625 0.0696341863648
14784.0625 0.0695215925714
14816.0625 0.0694141592897
14848.0625 0.069338347418
14880.0625 0.0692423444393
14912.0625 0.069126797572
14944.0625 0.0690258981955
14976.0625 0.0689477148571
15008.0625 0.0688468132566
15040.0625 0.0687290061285
15072.0625 0.0686367196523
15104.0625 0.0685538829012
15136.0625 0.0684494777574
15168.0625 0.0683292402234
15200.0625 0.0682460148076
15232.0625 0.0681569733208
15264.0625 0.0680490340521
15296.0625 0.067930683127
15328.0625 0.0678539076558
15360.0625 0.0677593764877
15392.0625 0.0676446948027
15424.0625 0.0675405459886
15456.0625 0.067460338702
15488.0625 0.0673589628081
15520.0625 0.0672356637745
15552.0625 0.0671490882795
15584.0625 0.0670623365232
15616.0625 0.0669509109482
15648.0625 0.0668327262759
15680.0625 0.0667548810036
15712.0625 0.0666581629706
15744.0625 0.0665389735527
15776.0625 0.0664430945685
15808.0625 0.0663581699258
15840.0625 0.0662496740714
15872.0625 0.0661260302994
15904.0625 0.0660477991424
15936.0625 0.0659518106204
15968.0625 0.0658342481454
16000.0625 0.0657334199407
16032.0625 0.0656485703621
16064.0625 0.0655414273279
16096.0625 0.0654151418587
16128.0625 0.0653377847805
16160.0625 0.0652402288107
16192.0625 0.0651201669821
16224.0625 0.0650219031865
16256.0625 0.0649353215753
16288.0625 0.0648242913374
16320.0625 0.0647005602687
16352.0625 0.0646237408712
16384.0625 0.064396714494
16448.0625 0.0642181922571
16512.0625 0.0639878580592
16576.0625 0.0637987395639
16640.0625 0.0635916563046
16704.0625 0.0633651342464
16768.0625 0.0631830406306
16832.0625 0.0629515754682
16896.0625 0.0627578675037
16960.0625 0.0625516071683
17024.0625 0.0623160941096
17088.0625 0.062135894331
17152.0625 0.0619121735505
17216.0625 0.0617001983417
17280.0625 0.0615049129209
17344.0625 0.0612645446107
17408.0625 0.0610766099028
17472.0625 0.0608642132235
17536.0625 0.0606253506417
17600.0625 0.060441855275
17664.0625 0.0602206282878
17728.0625 0.0599929930581
17792.0625 0.0598014736265
17856.0625 0.0595726379287
17920.0625 0.0593558163649
17984.0625 0.0591576562704
18048.0625 0.058921904675
18112.0625 0.0587131227449
18176.0625 0.0585089541933
18240.0625 0.0582700293362
18304.0625 0.0580630767439
18368.0625 0.0578580880485
18432.0625 0.0576171003212
18496.0625 0.0574086570131
18560.0625 0.0572051679299
18624.0625 0.0569636197246
18688.0625 0.0567504240306
18752.0625 0.0565455293043
18816.0625 0.0563082981137
18880.0625 0.0560830065492
18944.0625 0.0558850510737
19008.0625 0.0556516981905
19072.0625 0.0554105864685
19136.0625 0.0552149729902
19200.0625 0.0549903903636
19264.0625 0.0547395542379
19328.0625 0.0545414486344
19392.0625 0.0543263724479
19456.0625 0.054078056805
19520.0625 0.0538596166387
19584.0625 0.0536551750765
19648.0625 0.0534174801572
19712.0625 0.0531707970175
19776.0625 0.0529724906872
19840.0625 0.0527500454389
19904.0625 0.0524978514887
19968.0625 0.0522795775753
20032.0625 0.0520705059537
20096.0625 0.0518349395161
20160.0625 0.0515801116531
20224.0625 0.0513783913004
20288.0625 0.0511579427547
20352.0625 0.0509127647875
20416.0625 0.0506681678713
20480.0625 0.0504660099232
20544.0625 0.0502384469773
20608.0625 0.0499864404091
20672.0625 0.04975129433
20736.0625 0.0495459786891
20800.0625 0.0493147776409
20864.0625 0.0490590634665
20928.0625 0.0488272385529
20992.0625 0.0486172161205
21056.0625 0.0483852049369
21120.0625 0.0481296158692
21184.0625 0.0478902144947
21248.0625 0.0476824033925
21312.0625 0.0474511656462
21376.0625 0.0471976572417
21440.0625 0.046946687669
21504.0625 0.0467376677581
21568.0625 0.0465106169156
21632.0625 0.0462630457965
21696.0625 0.0460036690544
21760.0625 0.0457857154141
21824.0625 0.0455641381281
21888.0625 0.045322853481
21952.0625 0.0450630775095
22016.0625 0.0448189938087
22080.0625 0.0446052437531
22144.0625 0.0443743107112
22208.0625 0.0441242830527
22272.0625 0.043862106701
22336.0625 0.0436322796021
22400.0625 0.0434115191238
22464.0625 0.0431732075676
22528.0625 0.0429188995923
22592.0625 0.0426572359
22656.0625 0.0424294538785
22720.0625 0.0422048456745
22784.0625 0.0419656850609
22848.0625 0.0417093687063
22912.0625 0.0414460002269
22976.0625 0.0412133190275
23040.0625 0.0409879907651
23104.0625 0.0407499666762
23168.0625 0.0404952806008
23232.0625 0.0402307711483
23296.0625 0.0399830220997
23360.0625 0.0397607047382
23424.0625 0.0395238405272
23488.0625 0.0392747236455
23552.0625 0.0390115019579
23616.0625 0.038747658073
23680.0625 0.0385164636971
23744.0625 0.038286444768
23808.0625 0.038043591005
23872.0625 0.0377888087364
23936.0625 0.0375216620351
24000.0625 0.0372590436397
24064.0625 0.0370284253106
24128.0625 0.0367950796557
24192.0625 0.0365505377864
24256.0625 0.0362941791736
24320.0625 0.0360260649805
24384.0625 0.0357607225956
24448.0625 0.0355215297322
24512.0625 0.0352891443407
24576.0625 0.0350447898534
24640.0625 0.0347902183201
24704.0625 0.0345252729404
24768.0625 0.0342568273536
24832.0625 0.0339951992472
24896.0625 0.0337627588087
24960.0625 0.0335239195802
25024.0625 0.0332743278491
25088.0625 0.0330160993083
25152.0625 0.0327485872954
25216.0625 0.0324789901711
25280.0625 0.0322151234891
25344.0625 0.0319778539325
25408.0625 0.0317374972989
25472.0625 0.0314873778955
25536.0625 0.0312298243749
25600.0625 0.0309638364394
25664.0625 0.0306911800396
25728.0625 0.0304225537432
25792.0625 0.0301658642927
25856.0625 0.0299271001282
25920.0625 0.0296800544572
25984.0625 0.0294252571758
26048.0625 0.0291636852284
26112.0625 0.0288952824559
26176.0625 0.0286207194302
26240.0625 0.028351404769
26304.0625 0.0280857688003
26368.0625 0.0278417090088
26432.0625 0.0275944787359
26496.0625 0.0273405905631
26560.0625 0.0270806121969
26624.0625 0.0268142539457
26688.0625 0.0265414051596
26752.0625 0.0262641448337
26816.0625 0.0259962786299
26880.0625 0.0257265808642
26944.0625 0.0254732492772
27008.0625 0.0252249186214
27072.0625 0.0249702681319
27136.0625 0.0247097887829
27200.0625 0.0244442006328
27264.0625 0.0241739090274
27328.0625 0.023899427182
27392.0625 0.0236197614716
27456.0625 0.0233470055425
27520.0625 0.0230761428945
27584.0625 0.0228119209095
27648.0625 0.0225595117757
27712.0625 0.0223027878514
27776.0625 0.0220405931507
27840.0625 0.0217713674543
27904.0625 0.0215010113494
27968.0625 0.0212274992198
28032.0625 0.02095001537
28096.0625 0.0206703741249
28160.0625 0.0203901401521
28224.0625 0.0201214671492
28288.0625 0.0198514908126
28352.0625 0.0195818169562
28416.0625 0.019320155488
28480.0625 0.0190595148904
28544.0625 0.0187952734443
28608.0625 0.0185275929544
28672.0625 0.0182569805198
28736.0625 0.0179829796401
28800.0625 0.0177060946343
28864.0625 0.0174283416661
28928.0625 0.0171490117977
28992.0625 0.0168660916453
29056.0625 0.0165822451475
29120.0625 0.0163064683089
29184.0625 0.0160348344477
29248.0625 0.0157591782676
29312.0625 0.0154854348297
29376.0625 0.0152145516086
29440.0625 0.0149453203518
29504.0625 0.0146756982062
29568.0625 0.0144072175896
29632.0625 0.0141325188926
29696.0625 0.013859343717
29760.0625 0.0135824331339
29824.0625 0.0133045995414
29888.0625 0.0130257367379
29952.0625 0.0127479315029
30016.0625 0.0124668423564
30080.0625 0.0121836547537
30144.0625 0.0118985861026
30208.0625 0.0116127117643
30272.0625 0.0113249235718
30336.0625 0.0110393367009
30400.0625 0.010755901109
30464.0625 0.0104759301383
30528.0625 0.010197408737
30592.0625 0.00991762014406
30656.0625 0.00964011961336
30720.0625 0.00935922730138
30784.0625 0.00907530907569
30848.0625 0.00879413874886
30912.0625 0.00851573633796
30976.0625 0.0082347489449
31040.0625 0.00795602348073
31104.0625 0.00767803475594
31168.0625 0.00739584355855
31232.0625 0.00711332374759
31296.0625 0.00683202219775
31360.0625 0.0065503520002
31424.0625 0.00626906101492
31488.0625 0.00598362538413
31552.0625 0.00569943025564
31616.0625 0.00541383726845
31680.0625 0.00512850561522
31744.0625 0.00484209804449
31808.0625 0.00455633658029
31872.0625 0.0042702609593
31936.0625 0.00398371771732
32000.0625 0.00369649500702
32064.0625 0.00340871904716
32128.0625 0.00312137679047
32192.0625 0.00283199557282
32256.0625 0.00254305584276
32320.0625 0.00225401157912
32384.0625 0.00196485221732
32448.0625 0.00167576569541
32512.0625 0.00138524072463
32576.0625 0.00109542524777
32640.0625 0.000805081542678
32704.0625 0.000513928258318
32768.0625 3.68664382854e-05
