0 1
0.0625 0.833482390201
0.125 0.760702210249
0.1875 0.59357308754
0.25 0.427380528658
0.3125 0.427054703439
0.375 0.42705456435
0.4375 0.427053690388
0.5 0.427053233692
0.5625 0.427052240356
0.625 0.427051942463
0.6875 0.427050194539
0.75 0.42705005545
0.8125 0.427048346955
0.875 0.427047572652
0.9375 0.427045744783
1.0 0.42704544689
1.0625 0.427042546826
1.125 0.427042407737
1.1875 0.42704209013
1.25 0.427037661176
1.3125 0.427037363283
1.375 0.427034522363
1.4375 0.427033132561
1.5 0.427030172266
1.5625 0.427029735285
1.625 0.427025226385
1.6875 0.427024948208
1.75 0.427021272754
1.8125 0.427019565346
1.875 0.427015770518
1.9375 0.427015333537
2.0 0.427009672497
2.0625 0.427009394319
2.125 0.427004884333
2.1875 0.427002859317
2.25 0.427002680799
2.3125 0.42699682044
2.375 0.426994477818
2.4375 0.426989550565
2.5 0.426988974495
2.5625 0.42698170462
2.625 0.426981287353
2.6875 0.426975644942
2.75 0.426973004427
2.8125 0.426967242641
2.875 0.426966666571
2.9375 0.426958244556
3.0 0.426957827289
3.0625 0.426951350344
3.125 0.426948392223
3.1875 0.426941795904
3.25 0.426941219834
3.3125 0.426938321943
3.375 0.426930394966
3.4375 0.426929660093
3.5 0.426919629242
3.5625 0.426919072887
3.625 0.426911463516
3.6875 0.426907889896
3.75 0.426900161152
3.8125 0.426899445993
3.875 0.426888263002
3.9375 0.426887706647
4.0 0.426879262744
4.0625 0.426875371516
4.125 0.426866808239
4.1875 0.42686609308
4.25 0.42685375795
4.3125 0.426853201594
4.375 0.426852824844
4.4375 0.426839019966
4.5 0.426838304807
4.5625 0.426828728479
4.625 0.426824221753
4.6875 0.42681452605
4.75 0.426813671802
4.8125 0.426799727836
4.875 0.426799032392
4.9375 0.426788621531
5.0 0.426783797197
5.0625 0.426773266962
5.125 0.426772412714
5.1875 0.426757316608
5.25 0.426756621164
5.3125 0.426745375769
5.375 0.426740233829
5.4375 0.426739996167
5.5 0.426727459544
5.5625 0.426721999997
5.625 0.426710337336
5.6875 0.426709344
5.75 0.426692639058
5.8125 0.426691804525
5.875 0.426679426705
5.9375 0.426673669266
6.0 0.426661172072
6.0625 0.426660178736
6.125 0.426642321654
6.1875 0.426641487121
6.25 0.426628274768
6.3125 0.426622199722
6.375 0.426608867995
6.4375 0.426607874659
6.5 0.426602217965
6.5625 0.426587614724
6.625 0.426586462585
6.6875 0.426566996668
6.75 0.426566023046
6.8125 0.426551678268
6.875 0.426544987722
6.9375 0.42653052357
7.0 0.426529391145
7.0625 0.426508773088
7.125 0.426507799466
7.1875 0.426492620155
7.25 0.426485612003
7.3125 0.426470313318
7.375 0.426469180892
7.4375 0.426447410695
7.5 0.426446437074
7.5625 0.426446001179
7.625 0.426422820379
7.6875 0.426421687954
7.75 0.426405376218
7.8125 0.426397752566
7.875 0.426381321456
7.9375 0.426380049942
8.0 0.426356670909
8.0625 0.426355558199
8.125 0.426338411929
8.1875 0.426330470671
8.25 0.426313205028
8.3125 0.426311933514
8.375 0.426287402341
8.4375 0.426286289631
8.5 0.426268308828
8.5625 0.426260049963
8.625 0.426259753157
8.6875 0.42624054027
8.75 0.426231963798
8.8125 0.426213565729
8.875 0.426212155127
8.9375 0.426186015119
9.0 0.426184763319
9.0625 0.426165650092
9.125 0.426156775727
9.1875 0.426137543125
9.25 0.426136132523
9.3125 0.426108840375
9.375 0.426107588575
9.4375 0.426087640815
9.5 0.426078448844
9.5625 0.426058381709
9.625 0.426056971106
9.6875 0.42604855561
9.75 0.426027276105
9.8125 0.426025706699
9.875 0.425996805716
9.9375 0.425995414827
10.0 0.425974334641
10.0625 0.425964527171
10.125 0.425943327611
10.1875 0.425941777919
10.25 0.425911724796
10.3125 0.425910333908
10.375 0.425888419189
10.4375 0.425878294112
10.5 0.425856260019
10.5625 0.425854710327
10.625 0.425823505064
10.6875 0.425822114175
10.75 0.425821619137
10.8125 0.425789062415
10.875 0.425787512723
10.9375 0.425764465579
11.0 0.425753725003
11.0625 0.425730558484
11.125 0.425728869704
11.1875 0.425696055605
11.25 0.425694525628
11.3125 0.425670643951
11.375 0.425659585768
11.4375 0.425635584716
11.5 0.425633895936
11.5625 0.425599929697
11.625 0.42559839972
11.6875 0.42557368351
11.75 0.42556230772
11.8125 0.42556195177
11.875 0.425536062619
11.9375 0.425524369222
12.0 0.425499235745
12.0625 0.425497407876
12.125 0.425461832802
12.1875 0.425460163736
12.25 0.4254343151
12.3125 0.425422323811
12.375 0.425396355801
12.4375 0.425394527932
12.5 0.425357800718
12.5625 0.425356131652
12.625 0.425329448484
12.6875 0.425317139587
12.75 0.425290337045
12.8125 0.425288509175
12.875 0.425277334878
12.9375 0.425249379109
13.0 0.425247392436
13.0625 0.425209056386
13.125 0.425207248231
13.1875 0.425179432638
13.25 0.425166508242
13.3125 0.425138573275
13.375 0.425136606316
13.4375 0.425097118127
13.5 0.425095309972
13.5625 0.425066659845
13.625 0.425053417843
13.6875 0.425024648342
13.75 0.425022681384
13.8125 0.424982041055
13.875 0.4249802329
13.9375 0.424979678718
14.0 0.424937746073
14.0625 0.424935779115
14.125 0.424905996563
14.1875 0.424892139061
14.25 0.424862237135
14.3125 0.424860131088
14.375 0.424817881923
14.4375 0.42481593468
14.5 0.424785317595
14.5625 0.424771142486
14.625 0.424740406027
14.6875 0.42473829998
14.75 0.424694898675
14.8125 0.424692951432
14.875 0.424661499814
14.9375 0.424647007099
15.0 0.424646592005
15.0625 0.42461402659
15.125 0.424599216268
15.1875 0.424567347384
15.25 0.424565102248
15.3125 0.424520092107
15.375 0.424518005775
15.4375 0.424485421732
15.5 0.424470313517
15.5625 0.4244376101
15.625 0.424435364964
15.6875 0.424389202684
15.75 0.424387116351
15.8125 0.424353697775
15.875 0.424338271954
15.9375 0.424304734003
16.0 0.424302488868
16.0625 0.424288555768
16.125 0.424253923579
16.1875 0.424251519485
16.25 0.424203748214
16.3125 0.424201522637
16.375 0.42416697148
16.4375 0.424150930005
16.5 0.424116259474
16.5625 0.424113875094
16.625 0.424064951683
16.6875 0.424062726106
16.75 0.424027340417
16.8125 0.424010981334
16.875 0.42397547627
16.9375 0.42397309189
17.0 0.423923016339
17.0625 0.423920790763
17.125 0.423920177282
17.1875 0.423868868559
17.25 0.423866484179
17.3125 0.423829966064
17.375 0.423812991483
17.4375 0.423776353994
17.5 0.423773830525
17.5625 0.423722146138
17.625 0.423719781473
17.6875 0.423682428825
17.75 0.423665136636
17.8125 0.423627664614
17.875 0.423625141145
17.9375 0.423572304619
18.0 0.423569939954
18.0625 0.423531752773
18.125 0.423514142977
18.1875 0.423513668585
18.25 0.423474426751
18.3125 0.423456499349
18.375 0.423417894901
18.4375 0.423415232343
18.5 0.423360786981
18.5625 0.423358283227
18.625 0.423318963621
18.6875 0.423300738327
18.75 0.423261299346
18.8125 0.423258636788
18.875 0.423203039287
18.9375 0.423200535532
19.0 0.423160381393
19.0625 0.423141838492
19.125 0.423101564978
19.1875 0.42309890242
19.25 0.423082210363
19.3125 0.423040901911
19.375 0.42303808055
19.4375 0.422980874212
19.5 0.422978231369
19.5625 0.422936944805
19.625 0.422917786404
19.6875 0.422876380465
19.75 0.422873578819
19.8125 0.422815220342
19.875 0.422812577499
19.9375 0.422770456401
20.0 0.422750980394
20.0625 0.422708739922
20.125 0.422705938275
20.1875 0.422646427658
20.25 0.422643784815
20.3125 0.42264311219
20.375 0.422582427545
20.4375 0.422579625899
20.5 0.422536372376
20.5625 0.42251628087
20.625 0.422472907973
20.6875 0.422469967237
20.75 0.422408847785
20.8125 0.422406065853
20.875 0.422361977797
20.9375 0.422341568683
21.0 0.422297361253
21.0625 0.422294420518
21.125 0.422232148925
21.1875 0.422229366994
21.25 0.422184444405
21.3125 0.422163717684
21.375 0.422163184148
21.4375 0.42211726605
21.5 0.422096221723
21.5625 0.422050881867
21.625 0.422047802043
21.6875 0.421983921615
21.75 0.421981000594
21.8125 0.42193494558
21.875 0.421913603361
21.9375 0.421867428972
22.0 0.421864349148
22.0625 0.42179931658
22.125 0.42179639556
22.1875 0.421749506012
22.25 0.421727846186
22.3125 0.421680837265
22.375 0.421677757441
22.4375 0.421658306581
22.5 0.421610321865
22.5625 0.421607083237
22.625 0.421540441833
22.6875 0.421537381724
22.75 0.421489359751
22.8125 0.421467084426
22.875 0.421418943079
22.9375 0.421415724166
23.0 0.421347930623
23.0625 0.421344870513
23.125 0.421296014008
23.1875 0.421273421076
23.25 0.421224445196
23.3125 0.421221226283
23.375 0.4211522806
23.4375 0.42114922049
23.5 0.421148488721
23.5625 0.421078428154
23.625 0.421075209241
23.6875 0.42102522031
23.75 0.421002011879
23.8125 0.420951903574
23.875 0.420948545572
23.9375 0.420877991053
24.0 0.420874791855
24.0625 0.420823968391
24.125 0.420800442353
24.1875 0.420749499515
24.25 0.420746141513
24.3125 0.420674434854
24.375 0.420671235656
24.4375 0.420619577659
24.5 0.420595734014
24.5625 0.420595141334
24.625 0.420542546971
24.6875 0.42051838572
24.75 0.420466310456
24.8125 0.420462813366
24.875 0.420389497871
24.9375 0.420386159584
25.0 0.420333369162
25.0625 0.420308910018
25.125 0.420256000222
25.1875 0.420252503131
25.25 0.420178035497
25.3125 0.420174697209
25.375 0.420121072254
25.4375 0.420096295503
25.5 0.420042551174
25.5625 0.420039054083
25.625 0.420016844422
25.6875 0.419962183441
25.75 0.419958527547
25.8125 0.419882451077
25.875 0.419878973701
25.9375 0.419824216321
26.0 0.41979882407
26.0625 0.419743947316
26.125 0.419740311136
26.1875 0.419663082527
26.25 0.419659605151
26.3125 0.419604013237
26.375 0.41957830338
26.4375 0.419522592093
26.5 0.419518955913
26.5625 0.419440575163
26.625 0.419437097787
26.6875 0.419436306875
26.75 0.419356870385
26.8125 0.419353234206
26.875 0.419296509867
26.9375 0.419270184511
27.0 0.419213340798
27.0625 0.41920956553
27.125 0.419129575944
27.1875 0.419125959479
27.25 0.419068400608
27.3125 0.419041757645
27.375 0.418984079399
27.4375 0.418980304131
27.5 0.418899162406
27.5625 0.418895545941
27.625 0.418837152536
27.6875 0.418810191966
27.75 0.418809540142
27.8125 0.418750269516
27.875 0.418722991339
27.9375 0.418664180668
28.0 0.418660266311
28.0625 0.41857751575
28.125 0.418573760196
28.1875 0.418514234366
28.25 0.418486658297
28.3125 0.418427013093
28.375 0.418423098736
28.4375 0.418339196035
28.5 0.418335440482
28.5625 0.418275080119
28.625 0.418247186443
28.6875 0.418186706706
28.75 0.418182792348
28.8125 0.418157823885
28.875 0.41809648664
28.9375 0.418092413479
29.0 0.418006901943
29.0625 0.418003007301
29.125 0.417941514512
29.1875 0.417913005337
29.25 0.417851393175
29.3125 0.417847339729
29.375 0.417760676053
29.4375 0.41775678141
29.5 0.417694454089
29.5625 0.417665627307
29.625 0.417603180612
29.6875 0.417599127166
29.75 0.41751131135
29.8125 0.417507416707
29.875 0.417506566651
29.9375 0.417417754239
30.0 0.417413700793
30.0625 0.417350241046
30.125 0.417320798765
30.1875 0.417257219644
30.25 0.41725302711
30.3125 0.417163602458
30.375 0.417159568727
30.4375 0.417095274447
30.5 0.417065514559
30.5625 0.417001100906
30.625 0.416996908371
30.6875 0.416906331579
30.75 0.416902297848
30.8125 0.416837169035
30.875 0.416807091541
30.9375 0.416806380573
31.0 0.416740433682
31.0625 0.416710038581
31.125 0.416644492502
31.1875 0.416640160878
31.25 0.416547975251
31.3125 0.416543802431
31.375 0.416477541193
31.4375 0.416446848199
31.5 0.416380467587
31.5625 0.416376135963
31.625 0.416282798197
31.6875 0.416278625376
31.75 0.416211529606
31.8125 0.416180519005
31.875 0.41611330386
31.9375 0.416108972081
32.0 0.41608124497
32.0625 0.416008741034
32.1875 0.415909482212
32.3125 0.415809627606
32.4375 0.415736809012
32.5625 0.415636398051
32.6875 0.415535391304
32.8125 0.415461738178
32.9375 0.415360175076
33.0625 0.415261077231
33.1875 0.415186411054
33.3125 0.415083537009
33.4375 0.414980067179
33.5625 0.414904586183
33.6875 0.414800559998
33.8125 0.414695938029
33.9375 0.4146196225
34.0625 0.414585657659
34.1875 0.414479522167
34.3125 0.414402491479
34.4375 0.414296280389
34.5625 0.414189473514
34.6875 0.414111608294
34.8125 0.414004245063
34.9375 0.413896286048
35.0625 0.413817586295
35.1875 0.413712410143
35.3125 0.413603120471
35.4375 0.413523427381
35.5625 0.413413601067
35.6875 0.413303178969
35.8125 0.413222651346
35.9375 0.413111672893
36.0625 0.413000098655
36.1875 0.412994400825
36.3125 0.412881948278
36.4375 0.412769341275
36.5625 0.41268726396
36.6875 0.412574100601
36.8125 0.412460341458
36.9375 0.41237742961
37.0625 0.412263114111
37.1875 0.412148202828
37.3125 0.412068073843
37.4375 0.411952427687
37.5625 0.41183620546
37.6875 0.411751465743
37.8125 0.411634687161
37.9375 0.411517312795
38.0625 0.411431738544
38.1875 0.411313807823
38.3125 0.411275396485
38.4375 0.411188705177
38.5625 0.41106974169
38.6875 0.410950182418
38.8125 0.410863058476
38.9375 0.410742942849
39.0625 0.410622231437
39.1875 0.410534272962
39.3125 0.410413005194
39.4375 0.410295037217
39.5625 0.410206065691
39.6875 0.41008348698
39.8125 0.409960312485
39.9375 0.409870526141
40.0625 0.40974679529
40.1875 0.409622468655
40.3125 0.409531847778
40.4375 0.409491530799
40.5625 0.409365808929
40.6875 0.409274472893
40.8125 0.409148557137
40.9375 0.409022045596
41.0625 0.408929875027
41.1875 0.408802807131
41.3125 0.408675143451
41.4375 0.408582138349
41.5625 0.408458092065
41.6875 0.408329097726
41.8125 0.408235099288
41.9375 0.408105568309
42.0625 0.407975441545
42.1875 0.407880608573
42.3125 0.407749925455
42.4375 0.407618646551
42.5625 0.407611995901
42.6875 0.407479956976
42.8125 0.407347645307
42.9375 0.407251262643
43.0625 0.407118394619
43.1875 0.40698493081
43.3125 0.406887713614
43.4375 0.406753693449
43.5625 0.406619077501
43.6875 0.4065254777
43.8125 0.406390126878
43.9375 0.406254199986
44.0625 0.40615515492
44.1875 0.406018671673
44.3125 0.405881592641
44.4375 0.405781713042
44.5625 0.405644077654
44.6875 0.405599314179
44.8125 0.405498435811
44.9375 0.405359767658
45.0625 0.40522050372
45.1875 0.405119074429
45.3125 0.404979254137
45.4375 0.404838838059
45.5625 0.404736574235
45.6875 0.404595601803
45.8125 0.404458763692
45.9375 0.404355486818
46.0625 0.404213203442
46.1875 0.404070324281
46.3125 0.403966232588
46.4375 0.403822797072
46.5625 0.403678765771
46.6875 0.403573839545
46.8125 0.403527170429
46.9375 0.403381862181
47.0625 0.403276220796
47.1875 0.403130600375
47.3125 0.402984384169
47.4375 0.402877908251
47.5625 0.402731135689
47.6875 0.402583767343
47.8125 0.402476456892
47.9375 0.402333540476
48.0625 0.402184841472
48.1875 0.402076537374
48.3125 0.401927301419
48.4375 0.40177746968
48.5625 0.401668331049
48.6875 0.401517942954
48.8125 0.401366959075
48.9375 0.401359355293
49.0625 0.40120772968
49.1875 0.401055713035
49.3125 0.400945024712
49.4375 0.400792451712
49.5625 0.400639282927
49.6875 0.400527760071
49.8125 0.400374034931
49.9375 0.400219714006
50.0625 0.40011264308
50.1875 0.399957587282
50.3125 0.399801955413
50.4375 0.399688604688
50.5625 0.399532416465
50.6875 0.399375632457
50.8125 0.399261447199
50.9375 0.399104106835
51.0625 0.399052990912
51.1875 0.398937925172
51.3125 0.398779552043
51.4375 0.39862058313
51.5625 0.39850484818
51.6875 0.398345322911
51.8125 0.398185201858
51.9375 0.398068632375
52.0625 0.397907954966
52.1875 0.397752246413
52.3125 0.397634663879
52.4375 0.397472675527
52.5625 0.39731009139
52.6875 0.397191694038
52.8125 0.397028553546
52.9375 0.396864817269
53.0625 0.396745585384
53.1875 0.39669256382
53.3125 0.396527668884
53.4375 0.396407721839
53.5625 0.396242396442
53.6875 0.39607647526
53.8125 0.395955693683
53.9375 0.395789216145
54.0625 0.395622142823
54.1875 0.395500526713
54.3125 0.395338739854
54.4375 0.395170335874
54.5625 0.395047726427
54.6875 0.394878785807
54.8125 0.394709249402
54.9375 0.394585805422
55.0625 0.394415712662
55.1875 0.394245024117
55.3125 0.394236467515
55.4375 0.394065255524
55.5625 0.393893534213
55.6875 0.393768540542
55.8125 0.393596262876
55.9375 0.393423389425
56.0625 0.393297561221
56.1875 0.393124131415
56.3125 0.392950105825
56.4375 0.392829564083
56.5625 0.392654803619
56.6875 0.392479467085
56.8125 0.392351811011
56.9375 0.392175918122
57.0625 0.391999429449
57.1875 0.391870938842
57.3125 0.391693893813
57.4375 0.391636425753
57.5625 0.391507172952
57.6875 0.391329095157
57.8125 0.391150421578
57.9375 0.391020381279
58.0625 0.390841151345
58.1875 0.390661325626
58.3125 0.390530450794
58.4375 0.39035006872
58.5625 0.390175490034
58.6875 0.390043602152
58.8125 0.389861909134
58.9375 0.389679620332
59.0625 0.389546917631
59.1875 0.389364072473
59.3125 0.389180631531
59.4375 0.389047094297
59.5625 0.388987720596
59.6875 0.388803239282
59.8125 0.388668986889
59.9375 0.388483956826
60.0625 0.388298330978
60.1875 0.388163244052
60.3125 0.387977061849
60.4375 0.387790283862
60.5625 0.387654362403
60.6875 0.387473705411
60.8125 0.387285596766
60.9375 0.38714868197
61.0625 0.386960036684
61.1875 0.386770795614
61.3125 0.386633046285
61.4375 0.386443248859
61.5625 0.386252855649
61.6875 0.386243346226
61.8125 0.386052547857
61.9375 0.385861121881
62.0625 0.385721822861
62.1875 0.38552984053
62.3125 0.385337262414
62.4375 0.38519712886
62.5625 0.385003994389
62.6875 0.384810264133
62.8125 0.384676251575
62.9375 0.384481786446
63.0625 0.384286745247
63.1875 0.384144783824
63.3125 0.38394918627
63.4375 0.383752992931
63.5625 0.383610196975
63.6875 0.383413447281
63.8125 0.383349627083
63.9375 0.383206187221
64.0625 0.382810026206
64.3125 0.382466745337
64.5625 0.382122034152
64.8125 0.381728497973
65.0625 0.381380906437
65.3125 0.381031904299
65.5625 0.380626208247
65.8125 0.380412639205
66.0625 0.38006001315
66.3125 0.379649947288
66.5625 0.379294667524
66.8125 0.378937957442
67.0625 0.378530616386
67.3125 0.378171045669
67.5625 0.377810044635
67.8125 0.377390444047
68.0625 0.377169596436
68.3125 0.376804860804
68.5625 0.376380890405
68.8125 0.376013611745
69.0625 0.375652692829
69.3125 0.375223776549
69.5625 0.374852206936
69.8125 0.374479207007
70.0625 0.374192579691
70.3125 0.373817465021
70.5625 0.373440730493
70.8125 0.373002855557
71.0625 0.372623578002
71.3125 0.37225075985
71.5625 0.371807958747
71.8125 0.371424390239
72.0625 0.371039391413
72.3125 0.370743658746
72.5625 0.370356355641
72.8125 0.369967622218
73.0625 0.369515842745
73.3125 0.36913291271
73.5625 0.36873986862
73.8125 0.368283162981
74.0625 0.367887595577
74.3125 0.36764637735
74.5625 0.367185570298
74.8125 0.366786268297
75.0625 0.366385535978
75.3125 0.365919851968
75.5625 0.365525022697
75.8125 0.365119999426
76.0625 0.36464938925
76.3125 0.36424182295
76.5625 0.363993483872
76.8125 0.363518503884
77.0625 0.363107202988
77.3125 0.362694471773
77.5625 0.362223785998
77.8125 0.361808174434
78.0625 0.361391152267
78.3125 0.360906637554
78.5625 0.360651753539
78.8125 0.360231344031
79.0625 0.359742459506
79.3125 0.359319159714
79.5625 0.358894429604
79.8125 0.358409938951
80.0625 0.357982347896
80.3125 0.357553326212
80.5625 0.357054906341
80.8125 0.356792979712
81.0625 0.356360223431
81.3125 0.355857433748
81.5625 0.355422134439
81.8125 0.35499486394
82.0625 0.354487128376
82.3125 0.354047538115
82.5625 0.353606517535
82.8125 0.353267775993
83.0625 0.352824877248
83.3125 0.352380122072
83.5625 0.351863427852
83.8125 0.351416129648
84.0625 0.350976959912
84.3125 0.350455339526
84.5625 0.350003750369
84.8125 0.349550730894
85.0625 0.349203120575
85.3125 0.34874779682
85.5625 0.348291042748
85.8125 0.347760443992
86.0625 0.347311162374
86.3125 0.346850097634
86.5625 0.346314572712
86.8125 0.345850984659
87.0625 0.345568450839
87.3125 0.345029061078
87.5625 0.344561738428
87.8125 0.34409298546
88.0625 0.343548482167
88.3125 0.343087301313
88.5625 0.342614257392
88.8125 0.342064827932
89.0625 0.341589240983
89.3125 0.341299822887
89.5625 0.340746023617
89.8125 0.34026670207
90.0625 0.339785950207
90.3125 0.339238114215
90.5625 0.338754482001
90.8125 0.338269439185
91.0625 0.337706105188
91.3125 0.33740990558
91.5625 0.336921711998
91.8125 0.33635400819
92.0625 0.335862687748
92.3125 0.335369936989
92.5625 0.334808296119
92.8125 0.334312684725
93.0625 0.333815643013
93.3125 0.333238404479
93.5625 0.332935399453
93.8125 0.332434623144
94.0625 0.331853014799
94.3125 0.331349695462
94.5625 0.330856074
94.8125 0.330269519774
95.0625 0.329761909484
95.3125 0.329252868876
95.5625 0.328862013728
95.8125 0.32835133153
96.0625 0.327838556014
96.3125 0.327243042512
96.5625 0.326727723658
96.8125 0.326222202339
97.0625 0.32562176267
97.3125 0.325102152863
97.5625 0.324581112739
97.8125 0.324181624768
98.0625 0.323658280364
98.3125 0.323133505642
98.5625 0.322524087603
98.8125 0.322008454402
99.0625 0.321479369013
99.3125 0.320865024807
99.5625 0.320333416104
99.8125 0.320009566691
100.0625 0.319391594223
100.3125 0.318856250923
100.5625 0.318319477306
100.8125 0.317696154729
101.0625 0.317168622292
101.3125 0.316627557722
101.5625 0.315999308979
101.8125 0.315455701381
102.0625 0.315125204267
102.3125 0.314492585713
102.5625 0.313945243518
102.8125 0.313396471004
103.0625 0.312771484795
103.3125 0.312219831932
103.5625 0.311666768466
103.8125 0.311024615187
104.0625 0.310687099985
104.3125 0.310131122329
104.5625 0.309484599239
104.8125 0.308925258147
105.0625 0.308364486738
105.3125 0.307725695652
105.5625 0.307162063608
105.8125 0.306597001246
106.0625 0.30594094343
106.3125 0.305596859386
106.5625 0.305028062427
106.8125 0.304367634799
107.0625 0.303796294812
107.3125 0.303236321767
107.5625 0.302570948258
107.8125 0.301995317319
108.0625 0.301418256061
108.3125 0.300975286686
108.5625 0.300396820414
108.8125 0.29981602456
109.0625 0.299141692395
109.3125 0.298558353512
109.5625 0.297986481231
109.8125 0.2973072229
110.0625 0.296719593065
110.3125 0.296130532912
110.5625 0.295679167911
110.8125 0.295087803478
111.0625 0.294495008728
111.3125 0.293806772026
111.5625 0.293224787862
111.8125 0.292627682445
112.0625 0.291934519267
112.3125 0.291334889915
112.5625 0.290969724908
112.8125 0.290273169732
113.0625 0.289669805783
113.3125 0.289065011516
113.5625 0.288362869657
113.8125 0.287768985636
114.0625 0.287159900416
114.3125 0.286452832391
114.5625 0.285841204143
114.8125 0.285469628011
115.0625 0.284758190174
115.3125 0.284142827329
115.5625 0.283526034166
115.8125 0.28282389774
116.0625 0.282204224228
116.3125 0.281583140112
116.5625 0.28086216755
116.8125 0.280483336755
117.0625 0.279859575025
117.3125 0.279134232651
117.5625 0.27850687091
117.8125 0.277878078852
118.0625 0.277162137548
118.3125 0.276530484855
118.5625 0.275897401844
118.8125 0.275162524744
119.0625 0.274777361682
119.3125 0.274140544074
119.5625 0.273401297163
119.8125 0.272761936527
120.0625 0.272135611898
120.3125 0.271391419107
120.5625 0.270747767517
120.8125 0.270102685611
121.0625 0.269607602009
121.3125 0.268961351662
121.5625 0.268312535158
121.8125 0.267559383711
122.0625 0.266908024179
122.3125 0.266269800314
122.5625 0.2655117227
122.8125 0.264856072215
123.0625 0.264198991413
123.3125 0.26369574876
123.5625 0.263036363678
123.8125 0.262375548278
124.0625 0.261608492294
124.3125 0.260960156547
124.5625 0.26029503048
124.8125 0.259523048329
125.0625 0.258855419284
125.3125 0.258449038654
125.5625 0.257673785898
125.8125 0.257002397884
126.0625 0.256329583589
126.3125 0.255548631139
126.5625 0.25488838886
126.8125 0.254211283612
127.0625 0.253425409032
127.3125 0.252745748648
127.5625 0.252333093343
127.8125 0.251542851591
128.0625 0.2501746414
128.5625 0.24870766044
129.0625 0.247218786959
129.5625 0.246107067911
130.0625 0.244607522622
130.5625 0.243117651304
131.0625 0.241716840925
131.5625 0.240476899202
132.0625 0.238954036974
132.5625 0.237812807964
133.0625 0.236019251853
133.5625 0.23475899959
134.0625 0.233328074772
134.5625 0.231776722617
135.0625 0.230296290556
135.5625 0.228928763235
136.0625 0.228582560415
136.5625 0.22823483926
137.0625 0.228001952703
137.5625 0.227651938755
138.0625 0.227300409422
138.5625 0.227064978906
139.0625 0.226711153676
139.5625 0.226355827187
140.0625 0.226117841689
140.5625 0.225760205176
141.0625 0.225401076098
141.5625 0.225160541207
142.0625 0.224799093257
142.5625 0.224436161589
143.0625 0.224193077151
143.5625 0.223827817763
144.0625 0.22346108335
144.5625 0.223215448122
145.0625 0.22284637621
145.5625 0.222475838276
146.0625 0.2222276535
146.5625 0.221854770305
147.0625 0.221480429627
147.5625 0.221229695458
148.0625 0.220853000981
148.5625 0.220474867804
149.0625 0.220221573841
149.5625 0.219841068237
150.0625 0.219459133091
150.5625 0.21920328927
151.0625 0.218818972073
151.5625 0.21843324567
152.0625 0.218174840814
152.5625 0.217786712489
153.0625 0.217397185204
153.5625 0.217136229092
154.0625 0.216744289486
154.5625 0.216350948279
155.0625 0.216087453641
155.5625 0.215691703062
156.0625 0.215294572617
156.5625 0.21502851508
157.0625 0.214628953219
157.5625 0.214228021581
158.0625 0.21395941341
158.5625 0.213556039956
159.0625 0.213151307126
159.5625 0.212880147699
160.0625 0.212472962652
160.5625 0.212064427232
161.0625 0.211790716084
161.5625 0.211379718823
162.0625 0.210967397114
162.5625 0.210691120118
163.0625 0.210276311575
163.5625 0.209860189294
164.0625 0.209581360888
164.5625 0.209162740907
165.0625 0.20874280129
165.5625 0.208461437617
166.0625 0.208039006819
166.5625 0.207615283551
167.0625 0.207331351392
167.5625 0.206905109311
168.0625 0.206477585161
168.5625 0.206191102212
169.0625 0.205761048384
169.5625 0.205329723662
170.0625 0.205040689147
170.5625 0.204606824036
171.0625 0.204171698122
171.5625 0.203880112507
172.0625 0.203442436269
172.5625 0.203003510094
173.0625 0.202709372757
173.5625 0.202267885082
174.0625 0.20182515787
174.5625 0.201528469122
175.0625 0.201083170475
175.5625 0.200636642381
176.0625 0.200337402223
176.5625 0.199888290585
177.0625 0.199437982566
177.5625 0.199136168333
178.0625 0.198683245413
178.5625 0.198229136823
179.0625 0.197924770558
179.5625 0.197468036821
180.0625 0.197010128591
180.5625 0.196703209828
181.0625 0.196242664809
181.5625 0.195780956318
182.0625 0.195471485679
182.5625 0.195007129377
183.0625 0.194541620625
183.5625 0.194229598265
184.0625 0.193761430525
184.5625 0.19329214635
185.0625 0.192977547276
185.5625 0.192505568254
186.0625 0.192032484904
186.5625 0.191715333177
187.0625 0.191239542563
187.5625 0.190762656313
188.0625 0.190442955814
188.5625 0.189963353296
189.0625 0.189482656074
189.5625 0.189160413789
190.0625 0.188677000765
190.5625 0.188192492261
191.0625 0.187867708966
191.5625 0.187380484349
192.0625 0.187380310487
192.5625 0.187380294343
193.0625 0.187380278199
193.5625 0.187380262055
194.0625 0.187380245911
194.5625 0.187380229766
195.0625 0.187380213622
195.5625 0.187380197478
196.0625 0.187380181334
196.5625 0.187380165189
197.0625 0.187380149045
197.5625 0.187380132901
198.0625 0.187380116757
198.5625 0.187380100612
199.0625 0.187380084468
199.5625 0.187380068324
200.0625 0.18738005218
200.5625 0.187380036035
201.0625 0.187380019891
201.5625 0.187380003747
202.0625 0.187379987603
202.5625 0.187379971458
203.0625 0.187379955314
203.5625 0.18737993917
204.0625 0.187379923026
204.5625 0.187379906881
205.0625 0.187379890737
205.5625 0.187379874593
206.0625 0.187379858449
206.5625 0.187379842305
207.0625 0.18737982616
207.5625 0.187379809861
208.0625 0.187379793406
208.5625 0.18737977602
209.0625 0.187379758634
209.5625 0.187379741248
210.0625 0.187379723862
210.5625 0.187379706476
211.0625 0.187379689089
211.5625 0.187379671703
212.0625 0.187379654317
212.5625 0.187379636931
213.0625 0.187379619545
213.5625 0.187379602159
214.0625 0.187379584773
214.5625 0.187379567387
215.0625 0.187379550001
215.5625 0.187379532615
216.0625 0.187379515228
216.5625 0.187379497842
217.0625 0.187379480456
217.5625 0.18737946307
218.0625 0.187379445684
218.5625 0.187379428298
219.0625 0.187379410912
219.5625 0.187379393526
220.0625 0.18737937614
220.5625 0.187379358753
221.0625 0.187379341367
221.5625 0.187379323981
222.0625 0.187379306595
222.5625 0.187379289209
223.0625 0.187379271823
223.5625 0.187379254282
224.0625 0.187379236275
224.5625 0.187379217647
225.0625 0.187379199019
225.5625 0.187379180391
226.0625 0.187379161763
226.5625 0.187379143135
227.0625 0.187379124507
227.5625 0.187379105879
228.0625 0.187379087251
228.5625 0.187379068623
229.0625 0.187379049995
229.5625 0.187379031367
230.0625 0.187379012739
230.5625 0.187378994111
231.0625 0.187378975483
231.5625 0.187378956855
232.0625 0.187378938227
232.5625 0.187378919599
233.0625 0.187378900971
233.5625 0.187378882343
234.0625 0.187378863715
234.5625 0.187378845087
235.0625 0.187378826459
235.5625 0.187378807831
236.0625 0.187378789203
236.5625 0.187378770575
237.0625 0.187378751947
237.5625 0.187378733319
238.0625 0.187378714691
238.5625 0.187378696063
239.0625 0.187378677436
239.5625 0.187378658652
240.0625 0.187378639559
240.5625 0.187378619689
241.0625 0.187378599819
241.5625 0.187378579949
242.0625 0.187378560079
242.5625 0.187378540209
243.0625 0.18737852034
243.5625 0.18737850047
244.0625 0.1873784806
244.5625 0.18737846073
245.0625 0.18737844086
245.5625 0.18737842099
246.0625 0.187378401121
246.5625 0.187378381251
247.0625 0.187378361381
247.5625 0.187378341511
248.0625 0.187378321641
248.5625 0.187378301771
249.0625 0.187378281902
249.5625 0.187378262032
250.0625 0.187378242317
250.5625 0.187378222447
251.0625 0.187378202578
251.5625 0.187378182708
252.0625 0.187378162838
252.5625 0.187378142968
253.0625 0.187378123098
253.5625 0.187378103228
254.0625 0.187378083359
254.5625 0.187378063489
255.0625 0.187378043619
255.5625 0.187378023439
256.0625 0.187377985406
257.0625 0.187377940699
258.0625 0.187377895992
259.0625 0.187377851285
260.0625 0.187377806578
261.0625 0.187377761871
262.0625 0.187377717164
263.0625 0.187377672457
264.0625 0.187377627749
265.0625 0.187377583042
266.0625 0.187377538335
267.0625 0.187377493628
268.0625 0.187377448921
269.0625 0.187377404214
270.0625 0.187377359507
271.0625 0.1873773148
272.0625 0.187377268695
273.0625 0.187377221505
274.0625 0.187377174314
275.0625 0.187377127123
276.0625 0.187377079932
277.0625 0.187377032741
278.0625 0.18737698555
279.0625 0.187376938359
280.0625 0.187376891169
281.0625 0.187376843978
282.0625 0.187376796787
283.0625 0.187376749596
284.0625 0.187376702405
285.0625 0.187376655214
286.0625 0.187376608023
287.0625 0.187376560833
288.0625 0.187376514728
289.0625 0.187376465054
290.0625 0.187376415379
291.0625 0.187376365705
292.0625 0.18737631603
293.0625 0.187376266355
294.0625 0.187376216681
295.0625 0.187376167006
296.0625 0.187376117332
297.0625 0.187376067657
298.0625 0.187376017982
299.0625 0.187375968308
300.0625 0.187375918633
301.0625 0.187375868959
302.0625 0.187375819284
303.0625 0.18737576961
304.0625 0.187375715588
305.0625 0.18737566343
306.0625 0.187375611272
307.0625 0.187375559114
308.0625 0.187375506955
309.0625 0.187375454797
310.0625 0.187375402639
311.0625 0.18737535048
312.0625 0.187375298322
313.0625 0.187375246164
314.0625 0.187375194005
315.0625 0.187375141847
316.0625 0.187375089689
317.0625 0.18737503753
318.0625 0.187374985372
319.0625 0.187374933214
320.0625 0.187374879658
321.0625 0.187374825016
322.0625 0.187374770374
323.0625 0.187374715732
324.0625 0.18737466109
325.0625 0.187374606448
326.0625 0.187374551806
327.0625 0.187374497164
328.0625 0.187374442522
329.0625 0.18737438788
330.0625 0.187374333238
331.0625 0.187374278596
332.0625 0.187374223954
333.0625 0.187374169312
334.0625 0.18737411467
335.0625 0.187374060028
336.0625 0.187374006783
337.0625 0.187373949657
338.0625 0.187373892531
339.0625 0.187373835405
340.0625 0.18737377828
341.0625 0.187373721154
342.0625 0.187373664028
343.0625 0.187373606902
344.0625 0.187373549777
345.0625 0.187373492651
346.0625 0.187373435525
347.0625 0.187373378399
348.0625 0.187373321274
349.0625 0.187373264148
350.0625 0.187373207022
351.0625 0.187373149896
352.0625 0.187373088269
353.0625 0.187373028659
354.0625 0.18737296905
355.0625 0.18737290944
356.0625 0.187372849831
357.0625 0.187372790221
358.0625 0.187372730612
359.0625 0.187372671002
360.0625 0.187372611393
361.0625 0.187372551783
362.0625 0.187372492174
363.0625 0.187372432564
364.0625 0.187372372955
365.0625 0.187372313345
366.0625 0.187372253736
367.0625 0.187372194126
368.0625 0.187372136379
369.0625 0.187372074286
370.0625 0.187372012193
371.0625 0.1873719501
372.0625 0.187371888007
373.0625 0.187371825913
374.0625 0.18737176382
375.0625 0.187371701727
376.0625 0.187371639634
377.0625 0.18737157754
378.0625 0.187371515447
379.0625 0.187371453354
380.0625 0.187371391261
381.0625 0.187371329167
382.0625 0.187371267074
383.0625 0.187371204981
384.0625 0.187371137765
385.0625 0.187371070704
386.0625 0.187371003644
387.0625 0.187370936583
388.0625 0.187370869522
389.0625 0.187370802462
390.0625 0.187370735401
391.0625 0.18737066834
392.0625 0.18737060128
393.0625 0.187370534219
394.0625 0.187370467158
395.0625 0.187370400098
396.0625 0.187370333037
397.0625 0.187370265976
398.0625 0.187370198915
399.0625 0.187370131855
400.0625 0.187370074729
401.0625 0.187370005185
402.0625 0.18736993564
403.0625 0.187369866096
404.0625 0.187369796551
405.0625 0.187369727007
406.0625 0.187369657462
407.0625 0.187369587918
408.0625 0.187369518374
409.0625 0.187369448829
410.0625 0.187369379285
411.0625 0.18736930974
412.0625 0.187369240196
413.0625 0.187369170652
414.0625 0.187369101107
415.0625 0.187369031563
416.0625 0.187368957051
417.0625 0.187368885023
418.0625 0.187368812995
419.0625 0.187368740966
420.0625 0.187368668938
421.0625 0.18736859691
422.0625 0.187368524882
423.0625 0.187368452854
424.0625 0.187368380826
425.0625 0.187368308798
426.0625 0.187368236769
427.0625 0.187368164741
428.0625 0.187368092713
429.0625 0.187368020685
430.0625 0.187367948657
431.0625 0.187367876629
432.0625 0.187367803359
433.0625 0.187367728847
434.0625 0.187367654335
435.0625 0.187367579823
436.0625 0.187367505311
437.0625 0.18736743468
438.0625 0.187367360168
439.0625 0.187367285656
440.0625 0.187367211144
441.0625 0.187367136633
442.0625 0.187367062121
443.0625 0.187366987609
444.0625 0.187366913097
445.0625 0.187366838585
446.0625 0.187366764073
447.0625 0.187366689561
448.0625 0.187366618154
449.0625 0.187366541159
450.0625 0.187366464163
451.0625 0.187366387167
452.0625 0.187366310172
453.0625 0.187366233176
454.0625 0.187366156181
455.0625 0.187366079185
456.0625 0.187366002189
457.0625 0.187365925194
458.0625 0.187365848198
459.0625 0.187365771202
460.0625 0.187365694207
461.0625 0.187365617211
462.0625 0.187365540216
463.0625 0.18736546322
464.0625 0.187365376755
465.0625 0.187365297276
466.0625 0.187365217797
467.0625 0.187365138317
468.0625 0.187365058838
469.0625 0.187364979359
470.0625 0.187364899879
471.0625 0.1873648204
472.0625 0.187364740921
473.0625 0.187364661441
474.0625 0.187364581962
475.0625 0.187364502483
476.0625 0.187364423003
477.0625 0.187364343524
478.0625 0.187364264045
479.0625 0.187364184565
480.0625 0.187364108346
481.0625 0.187364026383
482.0625 0.18736394442
483.0625 0.187363862457
484.0625 0.187363780494
485.0625 0.18736369853
486.0625 0.187363616567
487.0625 0.187363534604
488.0625 0.187363452641
489.0625 0.187363370678
490.0625 0.187363288715
491.0625 0.187363206752
492.0625 0.187363124789
493.0625 0.187363042826
494.0625 0.187362960863
495.0625 0.1873628789
496.0625 0.187362791193
497.0625 0.187362706746
498.0625 0.1873626223
499.0625 0.187362537853
500.0625 0.187362453561
501.0625 0.187362369114
502.0625 0.187362284668
503.0625 0.187362200221
504.0625 0.187362115774
505.0625 0.187362031327
506.0625 0.18736194688
507.0625 0.187361862434
508.0625 0.187361777987
509.0625 0.18736169354
510.0625 0.187361609093
511.0625 0.187361524647
512.0625 0.187361359323
514.0625 0.187361180495
516.0625 0.187361001666
518.0625 0.187360822838
520.0625 0.187360644009
522.0625 0.187360465181
524.0625 0.187360286352
526.0625 0.187360107524
528.0625 0.187359925435
530.0625 0.187359741639
532.0625 0.187359557843
534.0625 0.187359374047
536.0625 0.187359190252
538.0625 0.187359006456
540.0625 0.18735882266
542.0625 0.187358638864
544.0625 0.187358456775
546.0625 0.187358268012
548.0625 0.187358079248
550.0625 0.187357890485
552.0625 0.187357701722
554.0625 0.187357512958
556.0625 0.187357324195
558.0625 0.187357135431
560.0625 0.18735693813
562.0625 0.187356744399
564.0625 0.187356550668
566.0625 0.187356356937
568.0625 0.187356163207
570.0625 0.187355969476
572.0625 0.187355775745
574.0625 0.187355582014
576.0625 0.187355395734
578.0625 0.187355197036
580.0625 0.187354998338
582.0625 0.187354799639
584.0625 0.187354600941
586.0625 0.187354402243
588.0625 0.187354203544
590.0625 0.187354004846
592.0625 0.187353803043
594.0625 0.187353599377
596.0625 0.187353395711
598.0625 0.187353192046
600.0625 0.18735298838
602.0625 0.187352784714
604.0625 0.187352581048
606.0625 0.187352377382
608.0625 0.187352159125
610.0625 0.187351950491
612.0625 0.187351741858
614.0625 0.187351533225
616.0625 0.187351324592
618.0625 0.187351115958
620.0625 0.187350907325
622.0625 0.187350698692
624.0625 0.187350498441
626.0625 0.187350284841
628.0625 0.18735007124
630.0625 0.187349857639
632.0625 0.187349644038
634.0625 0.187349430438
636.0625 0.187349216837
638.0625 0.187349003236
640.0625 0.187348771008
642.0625 0.187348547472
644.0625 0.187348323936
646.0625 0.187348100401
648.0625 0.187347876865
650.0625 0.187347653329
652.0625 0.187347429794
654.0625 0.187347206258
656.0625 0.187347004455
658.0625 0.187346775952
660.0625 0.187346547449
662.0625 0.187346318946
664.0625 0.187346090443
666.0625 0.18734586194
668.0625 0.187345633437
670.0625 0.187345404934
672.0625 0.187345160907
674.0625 0.187344927437
676.0625 0.187344693966
678.0625 0.187344460496
680.0625 0.187344227025
682.0625 0.187343993554
684.0625 0.187343760084
686.0625 0.187343528787
688.0625 0.187343305251
690.0625 0.187343066813
692.0625 0.187342828375
694.0625 0.187342589937
696.0625 0.187342351499
698.0625 0.187342113061
700.0625 0.187341874623
702.0625 0.187341636185
704.0625 0.187341381603
706.0625 0.187341138197
708.0625 0.187340894792
710.0625 0.187340651386
712.0625 0.187340407981
714.0625 0.187340164575
716.0625 0.18733992117
718.0625 0.187339677765
720.0625 0.18733944507
722.0625 0.187339196697
724.0625 0.187338948324
726.0625 0.187338699951
728.0625 0.187338451578
730.0625 0.187338203206
732.0625 0.187337954833
734.0625 0.18733770646
736.0625 0.187337441166
738.0625 0.187337187826
740.0625 0.187336934486
742.0625 0.187336681145
744.0625 0.187336427805
746.0625 0.187336174465
748.0625 0.187335921124
750.0625 0.187335667939
752.0625 0.187335425931
754.0625 0.187335167623
756.0625 0.187334909315
758.0625 0.187334651007
760.0625 0.187334392699
762.0625 0.187334134391
764.0625 0.187333876084
766.0625 0.187333617776
768.0625 0.187333354811
770.0625 0.187333086568
772.0625 0.187332818325
774.0625 0.187332550083
776.0625 0.18733228184
778.0625 0.187332013597
780.0625 0.187331745354
782.0625 0.187331477112
784.0625 0.187331221132
786.0625 0.187330947922
788.0625 0.187330674712
790.0625 0.187330401502
792.0625 0.187330128292
794.0625 0.187329855081
796.0625 0.187329581871
798.0625 0.187329308661
800.0625 0.187329033122
802.0625 0.187328754945
804.0625 0.187328476767
806.0625 0.187328198589
808.0625 0.187327920412
810.0625 0.187327642234
812.0625 0.187327364056
814.0625 0.187327085878
816.0625 0.187326812824
818.0625 0.187326529678
820.0625 0.187326246533
822.0625 0.187325963388
824.0625 0.187325680243
826.0625 0.187325397098
828.0625 0.187325113953
830.0625 0.187324830808
832.0625 0.187324537572
834.0625 0.18732424946
836.0625 0.187323961347
838.0625 0.187323673235
840.0625 0.187323385122
842.0625 0.187323097009
844.0625 0.187322808897
846.0625 0.187322520784
848.0625 0.187322238105
850.0625 0.187321945025
852.0625 0.187321651945
854.0625 0.187321358865
856.0625 0.187321065785
858.0625 0.187320772705
860.0625 0.187320479625
862.0625 0.187320186545
864.0625 0.187319882753
866.0625 0.187319584706
868.0625 0.187319286658
870.0625 0.187318988611
872.0625 0.187318690563
874.0625 0.187318392826
876.0625 0.187318094779
878.0625 0.187317796731
880.0625 0.187317504427
882.0625 0.187317201412
884.0625 0.187316898398
886.0625 0.187316595383
888.0625 0.187316292368
890.0625 0.187315989353
892.0625 0.187315686338
894.0625 0.187315383323
896.0625 0.187315087293
898.0625 0.187314774343
900.0625 0.187314461393
902.0625 0.187314148444
904.0625 0.187313835494
906.0625 0.187313522544
908.0625 0.187313209594
910.0625 0.187312896644
912.0625 0.187312589904
914.0625 0.187312271986
916.0625 0.187311954069
918.0625 0.187311636152
920.0625 0.187311318234
922.0625 0.187311000317
924.0625 0.1873106824
926.0625 0.187310364482
928.0625 0.187310053395
930.0625 0.18730973051
932.0625 0.187309407626
934.0625 0.187309084741
936.0625 0.187308761856
938.0625 0.187308438971
940.0625 0.187308116086
942.0625 0.187307793202
944.0625 0.18730743244
946.0625 0.187307104588
948.0625 0.187306776735
950.0625 0.187306448883
952.0625 0.187306121031
954.0625 0.187305793179
956.0625 0.187305465326
958.0625 0.187305137474
960.0625 0.187304825611
962.0625 0.187304492791
964.0625 0.187304159971
966.0625 0.187303827152
968.0625 0.187303494332
970.0625 0.187303161512
972.0625 0.187302828693
974.0625 0.187302495873
976.0625 0.187302142097
978.0625 0.18730180431
980.0625 0.187301466522
982.0625 0.187301128735
984.0625 0.187300790948
986.0625 0.187300453161
988.0625 0.187300115374
990.0625 0.187299777587
992.0625 0.187299456409
994.0625 0.187299113655
996.0625 0.1872987709
998.0625 0.187298428145
1000.0625 0.187298085391
1002.0625 0.187297742636
1004.0625 0.187297399882
1006.0625 0.187297057127
1008.0625 0.187296692795
1010.0625 0.187296345073
1012.0625 0.187295997351
1014.0625 0.187295649629
1016.0625 0.187295301907
1018.0625 0.187294954184
1020.0625 0.187294606462
1022.0625 0.18729425874
1024.0625 0.187293577112
1028.0625 0.187292861798
1032.0625 0.187292146484
1036.0625 0.18729143117
1040.0625 0.187290698935
1044.0625 0.187289973686
1048.0625 0.187289248438
1052.0625 0.187288523189
1056.0625 0.187287811135
1060.0625 0.187287080608
1064.0625 0.187286345424
1068.0625 0.18728561024
1072.0625 0.18728484758
1076.0625 0.187284102461
1080.0625 0.187283357342
1084.0625 0.187282612224
1088.0625 0.187281891321
1092.0625 0.187281136268
1096.0625 0.187280381214
1100.0625 0.18727962616
1104.0625 0.187278832609
1108.0625 0.18727806762
1112.0625 0.187277302632
1116.0625 0.187276537643
1120.0625 0.187275797957
1124.0625 0.187275023344
1128.0625 0.187274248421
1132.0625 0.187273473497
1136.0625 0.187272658989
1140.0625 0.187271874131
1144.0625 0.187271089273
1148.0625 0.187270304414
1152.0625 0.187269541909
1156.0625 0.187268737181
1160.0625 0.187267932453
1164.0625 0.187267127724
1168.0625 0.187266304989
1172.0625 0.187265490326
1176.0625 0.187264675663
1180.0625 0.187263861
1184.0625 0.187263073813
1188.0625 0.187262249215
1192.0625 0.187261424617
1196.0625 0.187260600018
1200.0625 0.187259757569
1204.0625 0.187258923036
1208.0625 0.187258088503
1212.0625 0.18725725397
1216.0625 0.187256424559
1220.0625 0.187255580091
1224.0625 0.187254735623
1228.0625 0.187253891155
1232.0625 0.187253028525
1236.0625 0.187252174122
1240.0625 0.18725131972
1244.0625 0.187250465317
1248.0625 0.1872496283
1252.0625 0.187248763962
1256.0625 0.187247899624
1260.0625 0.187247035287
1264.0625 0.187246140523
1268.0625 0.187245266251
1272.0625 0.187244391978
1276.0625 0.187243517705
1280.0625 0.187242658335
1284.0625 0.187241764192
1288.0625 0.18724087005
1292.0625 0.187239975907
1296.0625 0.187239075556
1300.0625 0.187238171478
1304.0625 0.187237267401
1308.0625 0.187236363323
1312.0625 0.18723547834
1316.0625 0.187234564327
1320.0625 0.187233650315
1324.0625 0.187232736303
1328.0625 0.187231790778
1332.0625 0.187230866831
1336.0625 0.187229942883
1340.0625 0.187229018936
1344.0625 0.187228114703
1348.0625 0.187227180821
1352.0625 0.187226246939
1356.0625 0.187225313057
1360.0625 0.187224347042
1364.0625 0.187223403224
1368.0625 0.187222459407
1372.0625 0.18722151559
1376.0625 0.187220592109
1380.0625 0.187219638357
1384.0625 0.187218684605
1388.0625 0.187217730853
1392.0625 0.187216744346
1396.0625 0.18721578066
1400.0625 0.187214816973
1404.0625 0.187213853286
1408.0625 0.187212918162
1412.0625 0.187211934605
1416.0625 0.187210951048
1420.0625 0.187209967491
1424.0625 0.187208964375
1428.0625 0.187207970884
1432.0625 0.187206977392
1436.0625 0.1872059839
1440.0625 0.187205026112
1444.0625 0.187204022686
1448.0625 0.187203019259
1452.0625 0.187202015832
1456.0625 0.187200993157
1460.0625 0.187199979795
1464.0625 0.187198966434
1468.0625 0.187197953072
1472.0625 0.187196948249
1476.0625 0.187195924952
1480.0625 0.187194901656
1484.0625 0.187193878359
1488.0625 0.187192835348
1492.0625 0.187191802117
1496.0625 0.187190768886
1500.0625 0.187189735654
1504.0625 0.187188711271
1508.0625 0.187187668105
1512.0625 0.187186624939
1516.0625 0.187185581772
1520.0625 0.187184518581
1524.0625 0.18718346548
1528.0625 0.187182412379
1532.0625 0.187181359278
1536.0625 0.187180331479
1540.0625 0.187179258508
1544.0625 0.187178185537
1548.0625 0.187177112566
1552.0625 0.187176034473
1556.0625 0.187174951567
1560.0625 0.187173868661
1564.0625 0.187172785755
1568.0625 0.187171712629
1572.0625 0.187170619788
1576.0625 0.187169526947
1580.0625 0.187168434106
1584.0625 0.18716732093
1588.0625 0.187166218154
1592.0625 0.187165115378
1596.0625 0.187164012603
1600.0625 0.187162935285
1604.0625 0.187161822574
1608.0625 0.187160709864
1612.0625 0.187159597153
1616.0625 0.187158448428
1620.0625 0.187157325783
1624.0625 0.187156203137
1628.0625 0.187155080491
1632.0625 0.18715398408
1636.0625 0.1871528515
1640.0625 0.187151718919
1644.0625 0.187150586339
1648.0625 0.187149416968
1652.0625 0.187148274452
1656.0625 0.187147131937
1660.0625 0.187145989422
1664.0625 0.187144864292
1668.0625 0.187143701907
1672.0625 0.187142539522
1676.0625 0.187141377137
1680.0625 0.187140209784
1684.0625 0.187139045225
1688.0625 0.187137878804
1692.0625 0.187136706484
1696.0625 0.18713556195
1700.0625 0.187134379695
1704.0625 0.18713319744
1708.0625 0.187132015185
1712.0625 0.187130828428
1716.0625 0.187129636238
1720.0625 0.187128444048
1724.0625 0.187127251858
1728.0625 0.18712605439
1732.0625 0.187124852265
1736.0625 0.18712365014
1740.0625 0.187122448015
1744.0625 0.187121241234
1748.0625 0.18712003026
1752.0625 0.1871188182
1756.0625 0.187117606141
1760.0625 0.187116405878
1764.0625 0.187115183884
1768.0625 0.187113961889
1772.0625 0.187112739894
1776.0625 0.187111496788
1780.0625 0.187110264858
1784.0625 0.187109032928
1788.0625 0.187107800999
1792.0625 0.187106578693
1796.0625 0.187105326894
1800.0625 0.187104075094
1804.0625 0.187102823295
1808.0625 0.187101585001
1812.0625 0.187100323266
1816.0625 0.187099061532
1820.0625 0.187097799797
1824.0625 0.187096550792
1828.0625 0.187095279123
1832.0625 0.187094007453
1836.0625 0.187092735784
1840.0625 0.187091442072
1844.0625 0.187090160467
1848.0625 0.187088878863
1852.0625 0.187087597259
1856.0625 0.187086203887
1860.0625 0.187084912348
1864.0625 0.187083620808
1868.0625 0.187082329269
1872.0625 0.187081176819
1876.0625 0.187079875345
1880.0625 0.187078573871
1884.0625 0.187077272397
1888.0625 0.187075821278
1892.0625 0.187074509869
1896.0625 0.18707319846
1900.0625 0.187071887051
1904.0625 0.187070717214
1908.0625 0.18706939587
1912.0625 0.187068074526
1916.0625 0.187066753183
1920.0625 0.187065281883
1924.0625 0.18706394067
1928.0625 0.187062599456
1932.0625 0.187061258242
1936.0625 0.187060062016
1940.0625 0.187058710867
1944.0625 0.187057359719
1948.0625 0.18705600857
1952.0625 0.187054671703
1956.0625 0.187053310619
1960.0625 0.187051949536
1964.0625 0.187050588452
1968.0625 0.187049242271
1972.0625 0.187047871252
1976.0625 0.187046500234
1980.0625 0.187045129215
1984.0625 0.187043601411
1988.0625 0.187042220458
1992.0625 0.187040839505
1996.0625 0.187039458551
2000.0625 0.187038189055
2004.0625 0.187036798167
2008.0625 0.187035407278
2012.0625 0.18703401639
2016.0625 0.187032659808
2020.0625 0.187031258985
2024.0625 0.187029858162
2028.0625 0.187028457338
2032.0625 0.187027014136
2036.0625 0.187025603378
2040.0625 0.18702419262
2044.0625 0.187022781862
2048.0625 0.187019969039
2056.0625 0.187017108404
2064.0625 0.187014233487
2072.0625 0.187011352361
2080.0625 0.187008497625
2088.0625 0.187005596629
2096.0625 0.187002641923
2104.0625 0.186999721057
2112.0625 0.186996826737
2120.0625 0.186993886622
2128.0625 0.1869908914
2136.0625 0.186987930795
2144.0625 0.186984997976
2152.0625 0.186982017501
2160.0625 0.186978981919
2168.0625 0.186975981574
2176.0625 0.186973006066
2184.0625 0.186969965982
2192.0625 0.186966912547
2200.0625 0.186963852593
2208.0625 0.186960821977
2216.0625 0.186957742153
2224.0625 0.18695460629
2232.0625 0.186951506596
2240.0625 0.186948436862
2248.0625 0.186945317298
2256.0625 0.186942141074
2264.0625 0.18693900164
2272.0625 0.186935892788
2280.0625 0.186932733484
2288.0625 0.186929516899
2296.0625 0.186926337726
2304.0625 0.186923192859
2312.0625 0.186919973946
2320.0625 0.186916719795
2328.0625 0.186913481012
2336.0625 0.186910274363
2344.0625 0.18690701571
2352.0625 0.186903698845
2360.0625 0.186900420322
2368.0625 0.186897174554
2376.0625 0.186893876162
2384.0625 0.186890518936
2392.0625 0.186887200674
2400.0625 0.186883915787
2408.0625 0.186880577655
2416.0625 0.186877180068
2424.0625 0.186873822067
2432.0625 0.186870525537
2440.0625 0.186867127795
2448.0625 0.186863693729
2456.0625 0.186860276118
2464.0625 0.186856893434
2472.0625 0.186853455953
2480.0625 0.186849958086
2488.0625 0.186846500735
2496.0625 0.186843102994
2504.0625 0.186839625773
2512.0625 0.186836063484
2520.0625 0.186832566393
2528.0625 0.186829129844
2536.0625 0.186825612883
2544.0625 0.186822009923
2552.0625 0.186818473093
2560.0625 0.186814978797
2568.0625 0.186811402226
2576.0625 0.1868077884
2584.0625 0.186804191961
2592.0625 0.186800658235
2600.0625 0.186797041925
2608.0625 0.186793338064
2616.0625 0.186789701885
2624.0625 0.186786129506
2632.0625 0.186782473456
2640.0625 0.186778728769
2648.0625 0.18677505285
2656.0625 0.186771441663
2664.0625 0.186767745874
2672.0625 0.186763960515
2680.0625 0.186760250755
2688.0625 0.186756614265
2696.0625 0.186752858867
2704.0625 0.186749065281
2712.0625 0.186745290012
2720.0625 0.18674158165
2728.0625 0.186737786511
2736.0625 0.186733900251
2744.0625 0.186730085243
2752.0625 0.186726338072
2760.0625 0.186722503194
2768.0625 0.186718576263
2776.0625 0.186714721515
2784.0625 0.186710935536
2792.0625 0.186707060918
2800.0625 0.186703093316
2808.0625 0.186699198829
2816.0625 0.186695396395
2824.0625 0.186691462168
2832.0625 0.186687461656
2840.0625 0.186683507559
2848.0625 0.186679624404
2856.0625 0.186675650437
2864.0625 0.186671581934
2872.0625 0.186667588097
2880.0625 0.186663666133
2888.0625 0.186659652427
2896.0625 0.186655543252
2904.0625 0.186651509676
2912.0625 0.186647548904
2920.0625 0.186643495458
2928.0625 0.186639345612
2936.0625 0.186635272297
2944.0625 0.186631289947
2952.0625 0.186627176892
2960.0625 0.186622995223
2968.0625 0.186618862298
2976.0625 0.18661480435
2984.0625 0.186610651555
2992.0625 0.186606400808
3000.0625 0.186602228143
3008.0625 0.186598160415
3016.0625 0.18659396788
3024.0625 0.186589647433
3032.0625 0.186585435029
3040.0625 0.186581328803
3048.0625 0.186577096529
3056.0625 0.1865727351
3064.0625 0.186568482956
3072.0625 0.186564341958
3080.0625 0.186560050074
3088.0625 0.186555687404
3096.0625 0.18655137565
3104.0625 0.18654717287
3112.0625 0.186542841246
3120.0625 0.186538378295
3128.0625 0.186534026802
3136.0625 0.186529785679
3144.0625 0.186525414316
3152.0625 0.186520910228
3160.0625 0.186516518995
3168.0625 0.186512239374
3176.0625 0.186507828271
3184.0625 0.186503283202
3192.0625 0.186498852229
3200.0625 0.186494515638
3208.0625 0.186490044925
3216.0625 0.186485501253
3224.0625 0.186481010671
3232.0625 0.186476634495
3240.0625 0.186472124043
3248.0625 0.186467477451
3256.0625 0.186462947129
3264.0625 0.186458532456
3272.0625 0.186453982264
3280.0625 0.186449294691
3288.0625 0.186444724629
3296.0625 0.186440271458
3304.0625 0.186435681526
3312.0625 0.186430952972
3320.0625 0.18642634317
3328.0625 0.18642186066
3336.0625 0.186417211119
3344.0625 0.186412486445
3352.0625 0.186407817034
3360.0625 0.186403267153
3368.0625 0.186398577872
3376.0625 0.18639374795
3384.0625 0.1863890388
3392.0625 0.186384450421
3400.0625 0.1863797214
3408.0625 0.186374850497
3416.0625 0.186370101607
3424.0625 0.18636547473
3432.0625 0.18636070597
3440.0625 0.186355727334
3448.0625 0.186350938705
3456.0625 0.186346317416
3464.0625 0.186341489046
3472.0625 0.186336516
3480.0625 0.18633166776
3488.0625 0.186326978014
3496.0625 0.186322109905
3504.0625 0.186317062191
3512.0625 0.186312174212
3520.0625 0.186307446278
3528.0625 0.186302538429
3536.0625 0.186297449423
3544.0625 0.186292521705
3552.0625 0.186287755583
3560.0625 0.186282807995
3568.0625 0.186277677697
3576.0625 0.186272710239
3584.0625 0.186267960262
3592.0625 0.186262953064
3600.0625 0.186257796687
3608.0625 0.186252769619
3616.0625 0.186247907564
3624.0625 0.186242860626
3632.0625 0.186237628185
3640.0625 0.186232561377
3648.0625 0.186227661135
3656.0625 0.186222574457
3664.0625 0.186217300724
3672.0625 0.186212194177
3680.0625 0.186207255747
3688.0625 0.18620212933
3696.0625 0.186196742587
3704.0625 0.1861915963
3712.0625 0.186186659268
3720.0625 0.186181473241
3728.0625 0.186176096899
3736.0625 0.186170891002
3744.0625 0.186165928977
3752.0625 0.186160703211
3760.0625 0.186155213083
3768.0625 0.186149967447
3776.0625 0.186144967855
3784.0625 0.186139702349
3792.0625 0.186134170308
3800.0625 0.186128884932
3808.0625 0.186123847774
3816.0625 0.186118542529
3824.0625 0.186112968575
3832.0625 0.18610764346
3840.0625 0.18610259559
3848.0625 0.186097230735
3856.0625 0.186091669666
3864.0625 0.186086284941
3872.0625 0.186081152935
3880.0625 0.186075748341
3888.0625 0.186070071157
3896.0625 0.186064646692
3904.0625 0.18605947712
3912.0625 0.186054032786
3920.0625 0.186048313689
3928.0625 0.186042849485
3936.0625 0.186037642346
3944.0625 0.186032158272
3952.0625 0.186026320577
3960.0625 0.186020816634
3968.0625 0.186015686491
3976.0625 0.186010142807
3984.0625 0.186004319704
3992.0625 0.185998756151
4000.0625 0.185993494215
4008.0625 0.185987910792
4016.0625 0.185982007123
4024.0625 0.18597640383
4032.0625 0.185971103397
4040.0625 0.185965480234
4048.0625 0.185959534341
4056.0625 0.185953891309
4064.0625 0.185948553619
4072.0625 0.185942890717
4080.0625 0.185936259936
4088.0625 0.185930273994
4096.0625 0.18592007456
4112.0625 0.185907466064
4128.0625 0.185897238843
4144.0625 0.18588449219
4160.0625 0.185874192941
4176.0625 0.185861423468
4192.0625 0.18585074157
4208.0625 0.185837879423
4224.0625 0.185826636978
4240.0625 0.185814134196
4256.0625 0.185803170705
4272.0625 0.185790202068
4288.0625 0.185779607876
4304.0625 0.185766368358
4320.0625 0.185755767802
4336.0625 0.185742480937
4352.0625 0.185731318748
4368.0625 0.185718219249
4384.0625 0.18570686752
4400.0625 0.185693542158
4416.0625 0.185682689348
4432.0625 0.185668923745
4448.0625 0.185658031195
4464.0625 0.185644253949
4480.0625 0.18563243264
4496.0625 0.185618952821
4512.0625 0.185607833476
4528.0625 0.185593859705
4544.0625 0.185582602668
4560.0625 0.18556851418
4576.0625 0.185556678434
4592.0625 0.185542719566
4608.0625 0.185531744587
4624.0625 0.185517395308
4640.0625 0.18550520532
4656.0625 0.18549129209
4672.0625 0.18547978963
4688.0625 0.18546534007
4704.0625 0.185453336051
4720.0625 0.185439077738
4736.0625 0.185427192162
4752.0625 0.18541249811
4768.0625 0.18540049316
4784.0625 0.185385848783
4800.0625 0.185373833743
4816.0625 0.185359025283
4832.0625 0.185346663298
4848.0625 0.18533204267
4864.0625 0.185320211116
4880.0625 0.185305053538
4896.0625 0.185292475157
4912.0625 0.185277639842
4928.0625 0.185265758303
4944.0625 0.185250264179
4960.0625 0.185237565648
4976.0625 0.185222423283
4992.0625 0.185209996409
5008.0625 0.18519459527
5024.0625 0.185182269299
5040.0625 0.185166698956
5056.0625 0.185153548541
5072.0625 0.185139878406
5088.0625 0.185124153451
5104.0625 0.185110995119
5120.0625 0.185095679358
5136.0625 0.185082861919
5152.0625 0.185066976918
5168.0625 0.185054468703
5184.0625 0.185038310492
5200.0625 0.185025207268
5216.0625 0.18500915415
5232.0625 0.184995730681
5248.0625 0.184979637668
5264.0625 0.184966702096
5280.0625 0.184950310104
5296.0625 0.184937573541
5312.0625 0.18492084609
5328.0625 0.184907730914
5344.0625 0.184891185862
5360.0625 0.184877593965
5376.0625 0.184861305358
5392.0625 0.184847757236
5408.0625 0.1848311192
5424.0625 0.18481736555
5440.0625 0.184800739156
5456.0625 0.184787363188
5472.0625 0.184770384415
5488.0625 0.184757120059
5504.0625 0.184739627931
5520.0625 0.18472638717
5536.0625 0.184708868342
5552.0625 0.184695459775
5568.0625 0.184677842373
5584.0625 0.184664373731
5600.0625 0.184646714726
5616.0625 0.184633081692
5632.0625 0.184615636444
5648.0625 0.184601967085
5664.0625 0.184584016398
5680.0625 0.18457025778
5696.0625 0.18455230461
5712.0625 0.184538530158
5728.0625 0.184520465685
5744.0625 0.184506663447
5760.0625 0.184488141968
5776.0625 0.184474305578
5792.0625 0.184455858766
5808.0625 0.184441772141
5824.0625 0.184423303286
5840.0625 0.184409061738
5856.0625 0.184390632312
5872.0625 0.184376014013
5888.0625 0.184358182235
5904.0625 0.184343604142
5920.0625 0.184325144911
5936.0625 0.184310559832
5952.0625 0.184292292936
5968.0625 0.184277604627
5984.0625 0.184258978366
6000.0625 0.184244444824
6016.0625 0.184225127
6032.0625 0.184210512892
6048.0625 0.184191268338
6064.0625 0.184176275306
6080.0625 0.184157460437
6096.0625 0.184142524066
6112.0625 0.184123700037
6128.0625 0.18410876941
6144.0625 0.18408970834
6160.0625 0.184074720121
6176.0625 0.184055016387
6192.0625 0.184039835369
6208.0625 0.184020716863
6224.0625 0.184005493622
6240.0625 0.183986199547
6256.0625 0.183969029993
6272.0625 0.183952643745
6288.0625 0.183933507388
6304.0625 0.183918254807
6320.0625 0.183897797727
6336.0625 0.183882326733
6352.0625 0.183862652493
6368.0625 0.183847287523
6384.0625 0.183826989867
6400.0625 0.18381166976
6416.0625 0.183791504984
6432.0625 0.183776041131
6448.0625 0.183755801687
6464.0625 0.183740206041
6480.0625 0.183719370658
6496.0625 0.183703749398
6512.0625 0.18368350002
6528.0625 0.183667568915
6544.0625 0.183646494628
6560.0625 0.183630636638
6576.0625 0.183610063754
6592.0625 0.183594274998
6608.0625 0.183572970811
6624.0625 0.183557076652
6640.0625 0.183536258344
6656.0625 0.183520611937
6672.0625 0.183499174405
6688.0625 0.183483242213
6704.0625 0.183462009433
6720.0625 0.183445640106
6736.0625 0.183424755048
6752.0625 0.183408505405
6768.0625 0.183386628253
6784.0625 0.183370219651
6800.0625 0.183348828378
6816.0625 0.183332316857
6832.0625 0.183310579259
6848.0625 0.18329428227
6864.0625 0.183272172113
6880.0625 0.183255756836
6896.0625 0.183233890705
6912.0625 0.183217643856
6928.0625 0.183195902067
6944.0625 0.183179415849
6960.0625 0.183156703543
6976.0625 0.183140167184
6992.0625 0.183117913126
7008.0625 0.183101017248
7024.0625 0.183078779333
7040.0625 0.183061723565
7056.0625 0.183039369537
7072.0625 0.183022579217
7088.0625 0.182999569484
7104.0625 0.182982826355
7120.0625 0.182959931184
7136.0625 0.182942973368
7152.0625 0.182920277206
7168.0625 0.182903257917
7184.0625 0.182880658931
7200.0625 0.182863309927
7216.0625 0.182840638137
7232.0625 0.18282312676
7248.0625 0.182800172445
7264.0625 0.182782927758
7280.0625 0.182759324724
7296.0625 0.182742040918
7312.0625 0.1827181951
7328.0625 0.182701209342
7344.0625 0.182677255326
7360.0625 0.182660172392
7376.0625 0.182636144641
7392.0625 0.182618955527
7408.0625 0.182594889278
7424.0625 0.182578002714
7440.0625 0.182553956334
7456.0625 0.182536617266
7472.0625 0.182512319253
7488.0625 0.182494820915
7504.0625 0.182470451651
7520.0625 0.182453075016
7536.0625 0.182428401185
7552.0625 0.182410706788
7568.0625 0.182385912961
7584.0625 0.182368501554
7600.0625 0.1823436298
7616.0625 0.182326106935
7632.0625 0.182301177745
7648.0625 0.182283322992
7664.0625 0.182258925942
7680.0625 0.182240799065
7696.0625 0.182216576341
7712.0625 0.182197758522
7728.0625 0.182173013438
7744.0625 0.182154458584
7760.0625 0.182129562459
7776.0625 0.182111559924
7792.0625 0.182086007473
7808.0625 0.182068153497
7824.0625 0.182042361056
7840.0625 0.182024441415
7856.0625 0.181999004148
7872.0625 0.181980026749
7888.0625 0.181954780728
7904.0625 0.181935798518
7920.0625 0.181910381275
7936.0625 0.181892695105
7952.0625 0.181866579003
7968.0625 0.181848405401
7984.0625 0.181822535344
8000.0625 0.181803370424
8016.0625 0.181777518218
8032.0625 0.181758663919
8048.0625 0.181732375353
8064.0625 0.181713814911
8080.0625 0.181687556771
8096.0625 0.181668294209
8112.0625 0.181641972423
8128.0625 0.181623114554
8144.0625 0.181596474851
8160.0625 0.181577959892
8176.0625 0.181551456483
8192.0625 0.181505708054
8224.0625 0.181460148078
8256.0625 0.181413535467
8288.0625 0.181367670303
8320.0625 0.181320787741
8352.0625 0.181273962771
8384.0625 0.181227159999
8416.0625 0.181180351794
8448.0625 0.181133556939
8480.0625 0.181086551122
8512.0625 0.181038536911
8544.0625 0.180991213488
8576.0625 0.180943086422
8608.0625 0.180894346807
8640.0625 0.180846764921
8672.0625 0.180797880007
8704.0625 0.18074970482
8736.0625 0.180701543293
8768.0625 0.180652348845
8800.0625 0.180602849364
8832.0625 0.180553088781
8864.0625 0.180504063072
8896.0625 0.180454365203
8928.0625 0.180404437589
8960.0625 0.18035478955
8992.0625 0.180304367054
9024.0625 0.180254098703
9056.0625 0.180203871955
9088.0625 0.180152766123
9120.0625 0.180101783856
9152.0625 0.180050582244
9184.0625 0.179999343842
9216.0625 0.179948701535
9248.0625 0.179896926182
9280.0625 0.179845070108
9312.0625 0.179793209532
9344.0625 0.179740495019
9376.0625 0.179688051233
9408.0625 0.179635358297
9440.0625 0.179582496002
9472.0625 0.179530194254
9504.0625 0.179477209014
9536.0625 0.179424115267
9568.0625 0.179370750637
9600.0625 0.179316654084
9632.0625 0.17926265331
9664.0625 0.179208701589
9696.0625 0.179154749558
9728.0625 0.179101153321
9760.0625 0.179046324534
9792.0625 0.178991915962
9824.0625 0.17893708733
9856.0625 0.178881545091
9888.0625 0.178826410649
9920.0625 0.17877084792
9952.0625 0.178715199036
9984.0625 0.178660398811
10016.0625 0.178604310773
10048.0625 0.178548152725
10080.0625 0.178491821436
10112.0625 0.178435030347
10144.0625 0.178378248572
10176.0625 0.178321467419
10208.0625 0.178264279709
10240.0625 0.178208076488
10272.0625 0.178150550526
10304.0625 0.178093111805
10336.0625 0.178035428436
10368.0625 0.177977019508
10400.0625 0.17791886718
10432.0625 0.177860214226
10464.0625 0.177802069039
10496.0625 0.177744431619
10528.0625 0.17768547565
10560.0625 0.177626279846
10592.0625 0.177567390161
10624.0625 0.177507550916
10656.0625 0.177448082056
10688.0625 0.177388050477
10720.0625 0.177328128803
10752.0625 0.177270148473
10784.0625 0.177215612766
10816.0625 0.177155630085
10848.0625 0.177094913151
10880.0625 0.177033537875
10912.0625 0.176972659344
10944.0625 0.17691141291
10976.0625 0.176850264584
11008.0625 0.176789867121
11040.0625 0.176728081097
11072.0625 0.176666493617
11104.0625 0.176604483903
11136.0625 0.176541623822
11168.0625 0.176479382499
11200.0625 0.17641673307
11232.0625 0.176354207826
11264.0625 0.1762924336
11296.0625 0.176229132502
11328.0625 0.176166115015
11360.0625 0.176102648748
11392.0625 0.176038357884
11424.0625 0.175974681587
11456.0625 0.175910572191
11488.0625 0.175846394181
11520.0625 0.175783369397
11552.0625 0.175719044071
11584.0625 0.175654030907
11616.0625 0.175589475681
11648.0625 0.175523777008
11680.0625 0.17545834813
11712.0625 0.175392969237
11744.0625 0.175327524214
11776.0625 0.175262967591
11808.0625 0.175197103905
11840.0625 0.175130943258
11872.0625 0.175064750323
11904.0625 0.174997388949
11936.0625 0.174930743975
11968.0625 0.174863918309
12000.0625 0.174797083796
12032.0625 0.17473121654
12064.0625 0.174663817599
12096.0625 0.174596450791
12128.0625 0.174528430452
12160.0625 0.174456473868
12192.0625 0.17438372187
12224.0625 0.174315649683
12256.0625 0.17424574528
12288.0625 0.174178317621
12320.0625 0.174109463059
12352.0625 0.17404047034
12384.0625 0.17397144316
12416.0625 0.173900843158
12448.0625 0.173831466237
12480.0625 0.173761694248
12512.0625 0.173691866064
12544.0625 0.173623244508
12576.0625 0.173552845843
12608.0625 0.173482375305
12640.0625 0.173411548197
12672.0625 0.173339878328
12704.0625 0.173270604637
12736.0625 0.173206733834
12768.0625 0.173136781153
12800.0625 0.173066680381
12832.0625 0.172995038609
12864.0625 0.172920185687
12896.0625 0.172851555903
12928.0625 0.172778362111
12960.0625 0.172706041661
12992.0625 0.172633441015
13024.0625 0.172560616988
13056.0625 0.172489145352
13088.0625 0.172415989127
13120.0625 0.172342863172
13152.0625 0.172269783477
13184.0625 0.172195213854
13216.0625 0.172121145014
13248.0625 0.172047116844
13280.0625 0.171973204479
13312.0625 0.171900635035
13344.0625 0.171825846689
13376.0625 0.171747003189
13408.0625 0.171665113862
13440.0625 0.171589104298
13472.0625 0.171513359095
13504.0625 0.171438273168
13536.0625 0.171362546283
13568.0625 0.171288591694
13600.0625 0.171212771824
13632.0625 0.171136304012
13664.0625 0.171060184697
13696.0625 0.170982244034
13728.0625 0.170905769701
13760.0625 0.170828842399
13792.0625 0.170751653995
13824.0625 0.170676472599
13856.0625 0.170598572761
13888.0625 0.17052142984
13920.0625 0.170443969468
13952.0625 0.17036429485
13984.0625 0.170286605819
14016.0625 0.170208266517
14048.0625 0.170129465551
14080.0625 0.170052603757
14112.0625 0.169974111395
14144.0625 0.169895389754
14176.0625 0.169815650404
14208.0625 0.16973529183
14240.0625 0.169656072046
14272.0625 0.169576592246
14304.0625 0.169496420262
14336.0625 0.169418271741
14368.0625 0.16933782546
14400.0625 0.169257389269
14432.0625 0.16917673063
14464.0625 0.169094954157
14496.0625 0.169013517178
14528.0625 0.168932419539
14560.0625 0.168851054123
14592.0625 0.168771833097
14624.0625 0.168690156749
14656.0625 0.168608243982
14688.0625 0.168526266327
14720.0625 0.168443008775
14752.0625 0.168360453342
14784.0625 0.168278212877
14816.0625 0.168195376007
14848.0625 0.168114343877
14880.0625 0.168031002188
14912.0625 0.167947820235
14944.0625 0.167864491276
14976.0625 0.167779882886
15008.0625 0.167695653265
15040.0625 0.167611583378
15072.0625 0.16752795901
15104.0625 0.167444980257
15136.0625 0.167359817995
15168.0625 0.167275263782
15200.0625 0.167190213754
15232.0625 0.167104229843
15264.0625 0.167019248273
15296.0625 0.166933798675
15328.0625 0.166848755943
15360.0625 0.166765064049
15392.0625 0.166679299638
15424.0625 0.166593158632
15456.0625 0.166506875432
15488.0625 0.166418703511
15520.0625 0.166332266165
15552.0625 0.166245353185
15584.0625 0.166158245077
15616.0625 0.166073824829
15648.0625 0.165986943982
15680.0625 0.165897931009
15712.0625 0.165809681782
15744.0625 0.16572064304
15776.0625 0.165632651966
15808.0625 0.165544633261
15840.0625 0.165455944103
15872.0625 0.165369915796
15904.0625 0.16528082055
15936.0625 0.165191620676
15968.0625 0.165103055394
16000.0625 0.165012073445
16032.0625 0.164922274371
16064.0625 0.164833009455
16096.0625 0.16474444883
16128.0625 0.16465469493
16160.0625 0.164565018956
16192.0625 0.164474986101
16224.0625 0.1643836437
16256.0625 0.164291967083
16288.0625 0.164200791713
16320.0625 0.164109780114
16352.0625 0.164018347057
16384.0625 0.163969181482
16448.0625 0.163949075384
16512.0625 0.163926583664
16576.0625 0.163906266914
16640.0625 0.163887368529
16704.0625 0.163866762425
16768.0625 0.163844029318
16832.0625 0.163823132617
16896.0625 0.163804267297
16960.0625 0.163783554393
17024.0625 0.163760157198
17088.0625 0.163738983252
17152.0625 0.163720149754
17216.0625 0.163698526873
17280.0625 0.163675092733
17344.0625 0.163653819127
17408.0625 0.163634280716
17472.0625 0.163612833404
17536.0625 0.163588668271
17600.0625 0.16356694154
17664.0625 0.163547415237
17728.0625 0.163525464039
17792.0625 0.163501122095
17856.0625 0.163479059595
17920.0625 0.163459404138
17984.0625 0.163436908537
18048.0625 0.163412186583
18112.0625 0.163389665369
18176.0625 0.163369892246
18240.0625 0.163347111637
18304.0625 0.163322002066
18368.0625 0.163299232168
18432.0625 0.163279061959
18496.0625 0.163256159337
18560.0625 0.163230803411
18624.0625 0.163207450613
18688.0625 0.163186616161
18752.0625 0.163163883985
18816.0625 0.163137728609
18880.0625 0.16311476793
18944.0625 0.163093848255
19008.0625 0.163069808085
19072.0625 0.16304407277
19136.0625 0.163020141729
19200.0625 0.162998691001
19264.0625 0.162975192905
19328.0625 0.162948520758
19392.0625 0.162924764975
19456.0625 0.162903107943
19520.0625 0.162879309782
19584.0625 0.162852130954
19648.0625 0.162828098856
19712.0625 0.162806260357
19776.0625 0.162781705434
19840.0625 0.162754468394
19904.0625 0.16273002912
19968.0625 0.162707962272
20032.0625 0.162683024545
20096.0625 0.162655347885
20160.0625 0.162630576722
20224.0625 0.162608082053
20288.0625 0.162583203313
20352.0625 0.162554763838
20416.0625 0.162529710462
20480.0625 0.16250684789
20544.0625 0.162481345114
20608.0625 0.162453575779
20672.0625 0.162428086198
20736.0625 0.162405000246
20800.0625 0.162379208581
20864.0625 0.162350486581
20928.0625 0.162324696779
20992.0625 0.162301239044
21056.0625 0.162275131324
21120.0625 0.162246608799
21184.0625 0.16222029431
21248.0625 0.162196732102
21312.0625 0.162170401623
21376.0625 0.162141219047
21440.0625 0.162114628398
21504.0625 0.162090947592
21568.0625 0.162064251539
21632.0625 0.162034395873
21696.0625 0.162007517887
21760.0625 0.161983728418
21824.0625 0.161956721123
21888.0625 0.161926530619
21952.0625 0.16189936747
22016.0625 0.161875187279
22080.0625 0.16184780401
22144.0625 0.16181719003
22208.0625 0.16178975988
22272.0625 0.161765163044
22336.0625 0.16173751743
22400.0625 0.161706589724
22464.0625 0.161678631161
22528.0625 0.161654410455
22592.0625 0.161626559623
22656.0625 0.161595051811
22720.0625 0.161566768034
22784.0625 0.161541830151
22848.0625 0.161513595273
22912.0625 0.161481603599
22976.0625 0.161453228701
23040.0625 0.161428627363
23104.0625 0.161399782264
23168.0625 0.161367512257
23232.0625 0.161338492365
23296.0625 0.161313858894
23360.0625 0.161284663278
23424.0625 0.161251975695
23488.0625 0.161222618171
23552.0625 0.161197765977
23616.0625 0.161168182123
23680.0625 0.161135030082
23744.0625 0.161105391121
23808.0625 0.161080255005
23872.0625 0.16105030744
23936.0625 0.161016714848
24000.0625 0.160987445807
24064.0625 0.160961224923
24128.0625 0.160931674599
24192.0625 0.160897821371
24256.0625 0.160867501247
24320.0625 0.160841681485
24384.0625 0.160811091565
24448.0625 0.160776722497
24512.0625 0.160746915884
24576.0625 0.16072004566
24640.0625 0.160689670738
24704.0625 0.160655132776
24768.0625 0.16062427508
24832.0625 0.160597501256
24896.0625 0.160566956665
24960.0625 0.160532053284
25024.0625 0.160500617189
25088.0625 0.160473939299
25152.0625 0.160442858998
25216.0625 0.160407661141
25280.0625 0.160375856367
25344.0625 0.160348919393
25408.0625 0.160317609658
25472.0625 0.160281625234
25536.0625 0.160249877587
25600.0625 0.160222543992
25664.0625 0.160191008703
25728.0625 0.16015448531
25792.0625 0.160122966321
25856.0625 0.160095339957
25920.0625 0.160062968428
25984.0625 0.160026509456
26048.0625 0.159993888778
26112.0625 0.159966449159
26176.0625 0.159934125286
26240.0625 0.159896644571
26304.0625 0.159864431224
26368.0625 0.159836499206
26432.0625 0.159803495102
26496.0625 0.159766124913
26560.0625 0.159733054679
26624.0625 0.159705023933
26688.0625 0.159671913494
26752.0625 0.159634150875
26816.0625 0.159600450862
26880.0625 0.159572328683
26944.0625 0.159539035845
27008.0625 0.159500775394
27072.0625 0.159466804343
27136.0625 0.159438514047
27200.0625 0.159404810308
27264.0625 0.159366078569
27328.0625 0.1593321856
27392.0625 0.159303605794
27456.0625 0.159269457312
27520.0625 0.159229829413
27584.0625 0.159195676274
27648.0625 0.159167185416
27712.0625 0.159132888531
27776.0625 0.159092794933
27840.0625 0.159058097391
27904.0625 0.159029431431
27968.0625 0.158994700514
28032.0625 0.158954197721
28096.0625 0.158919453455
28160.0625 0.158890435891
28224.0625 0.158855447753
28288.0625 0.158814730273
28352.0625 0.158779710313
28416.0625 0.158750097741
28480.0625 0.158714758311
28544.0625 0.15867409066
28608.0625 0.158638668956
28672.0625 0.158608441196
28736.0625 0.158572810859
28800.0625 0.158531820324
28864.0625 0.158495968624
28928.0625 0.15846560193
28992.0625 0.15842970273
29056.0625 0.158387719168
29120.0625 0.15835164176
29184.0625 0.158321616113
29248.0625 0.158285382696
29312.0625 0.158242988233
29376.0625 0.158206693498
29440.0625 0.158176581852
29504.0625 0.158139987517
29568.0625 0.158097451327
29632.0625 0.15806034938
29696.0625 0.158029791749
29760.0625 0.157992915667
29824.0625 0.157949704988
29888.0625 0.157913006958
29952.0625 0.157882082977
30016.0625 0.157844817725
30080.0625 0.157800911292
30144.0625 0.157763723657
30208.0625 0.157733064193
30272.0625 0.157695560969
30336.0625 0.15765098129
30400.0625 0.15761343103
30464.0625 0.157582616799
30528.0625 0.157544761041
30592.0625 0.157499989804
30656.0625 0.157462099274
30720.0625 0.157430906584
30784.0625 0.157392673144
30848.0625 0.157347642202
30912.0625 0.157309759589
30976.0625 0.157277942397
31040.0625 0.157239576542
31104.0625 0.157194431504
31168.0625 0.157155204417
31232.0625 0.157123957396
31296.0625 0.157085166359
31360.0625 0.157038851639
31424.0625 0.157000362685
31488.0625 0.156968510566
31552.0625 0.156929424741
31616.0625 0.156883035044
31680.0625 0.156843393019
31744.0625 0.156811805572
31808.0625 0.156772382891
31872.0625 0.156725667825
31936.0625 0.15668558975
32000.0625 0.156653829374
32064.0625 0.15661402839
32128.0625 0.156567198141
32192.0625 0.156526864087
32256.0625 0.156492359811
32320.0625 0.156452072481
32384.0625 0.156407016702
32448.0625 0.156366259017
32512.0625 0.156333714558
32576.0625 0.156293183823
32640.0625 0.156245276723
32704.0625 0.15620527999
32768.0625 0.156130912947
32896.0625 0.156041820805
33024.0625 0.15596738251
33152.0625 0.155878442341
33280.0625 0.155802603998
33408.0625 0.155712742987
33536.0625 0.155636617153
33664.0625 0.155545868363
33792.0625 0.155469503626
33920.0625 0.155377986277
34048.0625 0.155300765118
34176.0625 0.155209075461
34304.0625 0.155130998968
34432.0625 0.155038568694
34560.0625 0.154960113278
34688.0625 0.154866513012
34816.0625 0.154787757374
34944.0625 0.154693603081
35072.0625 0.154614418069
35200.0625 0.15451932384
35328.0625 0.154439511376
35456.0625 0.154343723876
35584.0625 0.154263523795
35712.0625 0.154166866369
35840.0625 0.154086072055
35968.0625 0.153988687983
36096.0625 0.153907519713
36224.0625 0.153809029761
36352.0625 0.153727366763
36480.0625 0.153628833501
36608.0625 0.153546236621
36736.0625 0.153446745881
36864.0625 0.153363727853
36992.0625 0.153263300592
37120.0625 0.153179838288
37248.0625 0.153078774881
37376.0625 0.152994987053
37504.0625 0.152893213145
37632.0625 0.152808573553
37760.0625 0.152706700141
37888.0625 0.152620907477
38016.0625 0.152518210243
38144.0625 0.152432258311
38272.0625 0.152328693789
38400.0625 0.152242262186
38528.0625 0.152137441363
38656.0625 0.152050941924
38784.0625 0.151945506223
38912.0625 0.151858482406
39040.0625 0.151752126949
39168.0625 0.151664612751
39296.0625 0.1515574521
39424.0625 0.151469422839
39552.0625 0.151361792763
39680.0625 0.151273085443
39808.0625 0.151164505651
39936.0625 0.151075457751
40064.0625 0.150966174287
40192.0625 0.150876533551
40320.0625 0.15076725785
40448.0625 0.150674202141
40576.0625 0.150569131393
40704.0625 0.15047106414
40832.0625 0.150366599732
40960.0625 0.150268564768
41088.0625 0.150167108156
41216.0625 0.150059399377
41344.0625 0.149965124934
41472.0625 0.14985216167
41600.0625 0.149759247535
41728.0625 0.149645366689
41856.0625 0.14955215078
41984.0625 0.149437596222
42112.0625 0.149343701324
42240.0625 0.149228318287
42368.0625 0.149133913604
42496.0625 0.149017786069
42624.0625 0.148922962567
42752.0625 0.148806002828
42880.0625 0.148710788293
43008.0625 0.148592722674
43136.0625 0.14849734887
43264.0625 0.148378600536
43392.0625 0.148282627532
43520.0625 0.148163329362
43648.0625 0.148065597878
43776.0625 0.147945974029
43904.0625 0.147849396704
44032.0625 0.147727930859
44160.0625 0.147630591339
44288.0625 0.147508552374
44416.0625 0.14741085085
44544.0625 0.147287614727
44672.0625 0.147189854526
44800.0625 0.14706552401
44928.0625 0.146967200933
45056.0625 0.146842801649
45184.0625 0.146743132701
45312.0625 0.146618338349
45440.0625 0.146518226521
45568.0625 0.146392280029
45696.0625 0.146292127065
45824.0625 0.146165293571
45952.0625 0.146064745849
46080.0625 0.145936925228
46208.0625 0.145836094671
46336.0625 0.145707574725
46464.0625 0.1456060762
46592.0625 0.14547666739
46720.0625 0.145374898915
46848.0625 0.145244547218
46976.0625 0.145142352473
47104.0625 0.145010833114
47232.0625 0.144908612755
47360.0625 0.144776339429
47488.0625 0.144673611614
47616.0625 0.144540412167
47744.0625 0.144437167114
47872.0625 0.144303096655
48000.0625 0.144199631637
48128.0625 0.144064764211
48256.0625 0.143960929739
48384.0625 0.143825082326
48512.0625 0.143720758404
48640.0625 0.143584297976
48768.0625 0.14347878916
48896.0625 0.143341824845
49024.0625 0.143236186255
49152.0625 0.143098331989
49280.0625 0.142992276907
49408.0625 0.142853432875
49536.0625 0.142747093097
49664.0625 0.142607265508
49792.0625 0.142500523055
49920.0625 0.142360405801
50048.0625 0.14225243592
50176.0625 0.142111643402
50304.0625 0.142003264016
50432.0625 0.141861896981
50560.0625 0.141753335351
50688.0625 0.141610452465
50816.0625 0.141501841782
50944.0625 0.141357995675
51072.0625 0.141249039443
51200.0625 0.141104464516
51328.0625 0.140995008433
51456.0625 0.140849399189
51584.0625 0.14073970234
51712.0625 0.14059293102
51840.0625 0.140483043545
51968.0625 0.140335638874
52096.0625 0.140225213051
52224.0625 0.140076781358
52352.0625 0.139965174832
52480.0625 0.139816772168
52608.0625 0.139704821645
52736.0625 0.139555513973
52864.0625 0.13944324398
52992.0625 0.139292870322
53120.0625 0.139180439353
53248.0625 0.139029111011
53376.0625 0.138916343341
53504.0625 0.138764030977
53632.0625 0.138650306606
53760.0625 0.138497787472
53888.0625 0.13838341019
54016.0625 0.138229977975
54144.0625 0.138115397493
54272.0625 0.137960959367
54400.0625 0.13784637159
54528.0625 0.137690687719
54656.0625 0.13757573949
54784.0625 0.137419171877
54912.0625 0.1373036957
55040.0625 0.137146542703
55168.0625 0.13703072874
55296.0625 0.136872351575
55424.0625 0.136756560275
55552.0625 0.136597016534
55680.0625 0.13648100294
55808.0625 0.136320472848
55936.0625 0.136203518852
56064.0625 0.136043021824
56192.0625 0.135925143727
56320.0625 0.135763952341
56448.0625 0.135645612425
56576.0625 0.135483429411
56704.0625 0.135364871703
56832.0625 0.135201691626
56960.0625 0.135082987844
57088.0625 0.134918985963
57216.0625 0.134799148359
57344.0625 0.134634764294
57472.0625 0.134515032093
57600.0625 0.134349166019
57728.0625 0.134228949179
57856.0625 0.134062658387
57984.0625 0.133942112764
58112.0625 0.133774402521
58240.0625 0.133653878631
58368.0625 0.133485119167
58496.0625 0.133364595588
58624.0625 0.133194480008
58752.0625 0.133073693463
58880.0625 0.132902654713
59008.0625 0.132781208272
59136.0625 0.132609812796
59264.0625 0.132487048582
59392.0625 0.132315483591
59520.0625 0.132192369481
59648.0625 0.132020266142
59776.0625 0.131896181361
59904.0625 0.131723155626
60032.0625 0.131598923994
60160.0625 0.131424916411
60288.0625 0.131300820297
60416.0625 0.131125625181
60544.0625 0.131000769822
60672.0625 0.130824967123
60800.0625 0.130699487883
60928.0625 0.130522808273
61056.0625 0.130397531146
61184.0625 0.130219884433
61312.0625 0.130092748545
61440.0625 0.129915566135
61568.0625 0.129788061879
61696.0625 0.12961003733
61824.0625 0.129482045332
61952.0625 0.129302707976
62080.0625 0.129174494615
62208.0625 0.128994668431
62336.0625 0.128865784463
62464.0625 0.1286849904
62592.0625 0.128555959427
62720.0625 0.128373880034
62848.0625 0.12824477517
62976.0625 0.128061922406
63104.0625 0.127932390341
63232.0625 0.127748257214
63360.0625 0.12761876908
63488.0625 0.127433808561
63616.0625 0.127303029819
63744.0625 0.127118256977
63872.0625 0.126986020286
64000.0625 0.126801165946
64128.0625 0.126668296991
64256.0625 0.126482818304
64384.0625 0.126349742578
64512.0625 0.126163075737
64640.0625 0.126029152594
64768.0625 0.125842238777
64896.0625 0.125707522082
65024.0625 0.125520062622
65152.0625 0.125385302151
65280.0625 0.125196286789
65408.0625 0.125061293624
65536.0625 0.124736405547
65792.0625 0.124409981283
66048.0625 0.124081742499
66304.0625 0.123753085673
66560.0625 0.123422806817
66816.0625 0.12309144552
67072.0625 0.122757938437
67328.0625 0.12242385311
67584.0625 0.122088248362
67840.0625 0.12175206801
68096.0625 0.121413128235
68352.0625 0.121074191254
68608.0625 0.1207340107
68864.0625 0.120392494987
69120.0625 0.120049791741
69376.0625 0.119705462118
69632.0625 0.119359834592
69888.0625 0.119012921114
70144.0625 0.118665019578
70400.0625 0.118315636653
70656.0625 0.117964720491
70912.0625 0.117612185092
71168.0625 0.117259077039
71424.0625 0.116904792474
71680.0625 0.11654909591
71936.0625 0.116191691781
72192.0625 0.115833548898
72448.0625 0.115474709795
72704.0625 0.115114099948
72960.0625 0.11475185053
73216.0625 0.114388345741
73472.0625 0.114023753856
73728.0625 0.113658392635
73984.0625 0.113292240191
74240.0625 0.11292373519
74496.0625 0.112553726602
74752.0625 0.11218281704
75008.0625 0.11181005353
75264.0625 0.111434957799
75520.0625 0.111060955995
75776.0625 0.110684869721
76032.0625 0.110307524041
76288.0625 0.109929052611
76544.0625 0.109549480113
76800.0625 0.1091686094
77056.0625 0.108786520108
77312.0625 0.108403519288
77568.0625 0.108018863372
77824.0625 0.10763167576
78080.0625 0.107244102083
78336.0625 0.106855704119
78592.0625 0.106464779271
78848.0625 0.106074159456
79104.0625 0.1056827034
79360.0625 0.105289124997
79616.0625 0.104894098426
79872.0625 0.104496981175
80128.0625 0.104098940287
80384.0625 0.103700345994
80640.0625 0.103300093035
80896.0625 0.102898225652
81152.0625 0.102495250216
81408.0625 0.102091210346
81664.0625 0.101686794657
81920.0625 0.101280574694
82176.0625 0.100872136761
82432.0625 0.100463305777
82688.0625 0.100053368293
82944.0625 0.0996428198106
83200.0625 0.0992296798676
83456.0625 0.0988153641893
83712.0625 0.0984001251847
83968.0625 0.0979831121765
84224.0625 0.0975654060526
84480.0625 0.0971459436217
84736.0625 0.0967251157607
84992.0625 0.0963034954348
85248.0625 0.0958815416683
85504.0625 0.0954583013301
85760.0625 0.0950330508788
86016.0625 0.0946063539657
86272.0625 0.0941782351176
86528.0625 0.0937490144252
86784.0625 0.0933188191796
87040.0625 0.0928869385684
87296.0625 0.0924541257827
87552.0625 0.0920200570061
87808.0625 0.0915842025835
88064.0625 0.0911453648917
88320.0625 0.0907065754773
88576.0625 0.0902671612498
88832.0625 0.0898267342818
89088.0625 0.0893852450538
89344.0625 0.0889419953275
89600.0625 0.0884971237261
89856.0625 0.0880513151378
90112.0625 0.0876048066036
90368.0625 0.087156809229
90624.0625 0.0867072831191
90880.0625 0.0862567306081
91136.0625 0.0858049259871
91392.0625 0.0853512340423
91648.0625 0.084896839047
91904.0625 0.0844407892671
92160.0625 0.0839839246689
92416.0625 0.08352534133
92672.0625 0.083065577754
92928.0625 0.082604897682
93184.0625 0.0821426863909
93440.0625 0.0816792791842
93696.0625 0.081214879262
93952.0625 0.0807489894128
94208.0625 0.0802816319901
94464.0625 0.0798131499038
94720.0625 0.0793434801292
94976.0625 0.0788707907608
95232.0625 0.0783982128498
95488.0625 0.0779239056423
95744.0625 0.0774496648746
96000.0625 0.076973488661
96256.0625 0.0764960205977
96512.0625 0.0760168210646
96768.0625 0.0755369186362
97024.0625 0.075055863447
97280.0625 0.074573050709
97536.0625 0.0740894184955
97792.0625 0.0736044506567
98048.0625 0.0731181932967
98304.0625 0.0726306384987
98560.0625 0.07214127834
98816.0625 0.0716515578854
99072.0625 0.0711609647104
99328.0625 0.0706680649271
99584.0625 0.0701739726434
99840.0625 0.069678878175
100096.0625 0.0691825249215
100352.0625 0.068685000745
100608.0625 0.0681858216287
100864.0625 0.0676855097766
101120.0625 0.0671841724549
101376.0625 0.0666819647413
101632.0625 0.0661778433143
101888.0625 0.0656702626735
102144.0625 0.0651624223278
102400.0625 0.0646549110762
102656.0625 0.0641453061962
102912.0625 0.0636343276586
103168.0625 0.0631229767169
103424.0625 0.0626113435615
103680.0625 0.0620965428752
103936.0625 0.0615818274119
104192.0625 0.0610647443337
104448.0625 0.0605456519186
104704.0625 0.0600256718808
104960.0625 0.0595056966552
105216.0625 0.0589839007009
105472.0625 0.0584605480693
105728.0625 0.0579371058682
105984.0625 0.0574112833232
106240.0625 0.0568846304364
106496.0625 0.0563557449876
106752.0625 0.0558261470189
107008.0625 0.0552960224997
107264.0625 0.0547648184897
107520.0625 0.0542319320636
107776.0625 0.0536977481995
108032.0625 0.0531612429799
108288.0625 0.0526249085168
108544.0625 0.0520857823421
108800.0625 0.0515442394988
109056.0625 0.0510019673706
109312.0625 0.0504591556522
109568.0625 0.0499154218493
109824.0625 0.0493709941546
110080.0625 0.0488245009286
110336.0625 0.0482769847167
110592.0625 0.0477285706367
110848.0625 0.0471791540614
111104.0625 0.0466278899021
111360.0625 0.0460757534882
111616.0625 0.04552189259
111872.0625 0.0449678936897
112128.0625 0.0444112856318
112384.0625 0.04385313316
112640.0625 0.0432948031017
112896.0625 0.0427347844179
113152.0625 0.0421741649822
113408.0625 0.0416110947266
113664.0625 0.0410462725106
113920.0625 0.0404818556082
114176.0625 0.0399153106155
114432.0625 0.0393478730327
114688.0625 0.0387786487171
114944.0625 0.0382082371791
115200.0625 0.0376365199756
115456.0625 0.0370636683288
115712.0625 0.036487174138
115968.0625 0.035910976908
116224.0625 0.0353341731823
116480.0625 0.0347548947311
116736.0625 0.0341759495652
116992.0625 0.0335963153197
117248.0625 0.0330139391924
117504.0625 0.0324302142449
117760.0625 0.0318461330376
118016.0625 0.031260054291
118272.0625 0.0306726762436
118528.0625 0.0300842932173
118784.0625 0.0294951167947
119040.0625 0.0289035255664
119296.0625 0.0283107491336
119552.0625 0.0277178194858
119808.0625 0.0271239314289
120064.0625 0.0265285458386
120320.0625 0.0259320501766
120576.0625 0.0253336449925
120832.0625 0.02473389549
121088.0625 0.0241328429611
121344.0625 0.0235312438565
121600.0625 0.0229280713095
121856.0625 0.0223224423543
122112.0625 0.0217166825376
122368.0625 0.0211088269192
122624.0625 0.0204995416042
122880.0625 0.0198895510653
123136.0625 0.0192784083865
123392.0625 0.0186654628309
123648.0625 0.0180512019853
123904.0625 0.0174357248887
124160.0625 0.0168181179942
124416.0625 0.0162004850206
124672.0625 0.0155820262071
124928.0625 0.0149624043874
125184.0625 0.0143424019361
125440.0625 0.013716776322
125696.0625 0.0130931257383
125952.0625 0.012467474045
126208.0625 0.0118418254564
126464.0625 0.0112144899499
126720.0625 0.0105853854074
126976.0625 0.00995616288767
127232.0625 0.0093232889756
127488.0625 0.00868965861276
127744.0625 0.00805686650853
128000.0625 0.00742126887694
128256.0625 0.006785238766
128512.0625 0.00614761689512
128768.0625 0.00550795991864
129024.0625 0.00486738411759
129280.0625 0.00422571687279
129536.0625 0.0035830503927
129792.0625 0.00293836044948
130048.0625 0.00229221038396
130304.0625 0.0016466303343
130560.0625 0.000996856663124
130816.0625 0.000348710921204
131072.0625 5.09462531336e-05
