0 1
0.0625 0.832760674594
0.125 0.832110394016
0.1875 0.831967649499
0.25 0.831500588486
0.3125 0.426587830775
0.375 0.426587531622
0.4375 0.426586974414
0.5 0.426586655722
0.5625 0.426585661649
0.625 0.42658550145
0.6875 0.426584070977
0.75 0.426583751819
0.8125 0.426582360583
0.875 0.426581724283
0.9375 0.426579896182
1.0 0.426579735672
1.0625 0.426577153874
1.125 0.426576834406
1.1875 0.42657683239
1.25 0.426573496431
1.3125 0.426573335456
1.375 0.426569700809
1.4375 0.426568467601
1.5 0.426565526169
1.5625 0.426565205305
1.625 0.426561034231
1.6875 0.426560554409
1.75 0.426557215813
1.8125 0.426555625606
1.875 0.426551850146
1.9375 0.426551528972
2.0 0.426546206572
2.0625 0.42654572644
2.125 0.426541553815
2.1875 0.426539646002
2.25 0.426539483011
2.3125 0.426534556225
2.375 0.426532806905
2.4375 0.426526768339
2.5 0.426526345897
2.5625 0.426519434221
2.625 0.426518793734
2.6875 0.426513507779
2.75 0.426510963666
2.8125 0.426505240846
2.875 0.426504759008
2.9375 0.426496696007
3.0 0.42649605521
3.0625 0.426489935226
3.125 0.426487073506
3.1875 0.426480516657
3.25 0.426480034509
3.3125 0.426477489931
3.375 0.426470020272
3.4375 0.426470013914
3.5 0.426459192167
3.5625 0.426458469797
3.625 0.426451236482
3.6875 0.426447738463
3.75 0.426440068283
3.8125 0.426439425781
3.875 0.426428622178
3.9375 0.426427820717
4.0 0.426419753374
4.0625 0.426415937747
4.125 0.426407433539
4.1875 0.426406790726
4.25 0.426394835798
4.3125 0.426394034027
4.375 0.426394025652
4.4375 0.426380840617
4.5 0.426380673284
4.5625 0.426370303445
4.625 0.426365949996
4.6875 0.426356332457
4.75 0.42635552929
4.8125 0.426341985086
4.875 0.42634102296
4.9375 0.426331008258
5.0 0.426326238724
5.0625 0.426315787157
5.125 0.42631498368
5.1875 0.42630028815
5.25 0.426299325714
5.3125 0.426288476983
5.375 0.426283389843
5.4375 0.426283220494
5.5 0.426271141656
5.5625 0.426266688954
5.625 0.426253915195
5.6875 0.426253069536
5.75 0.426236784731
5.8125 0.42623566194
5.875 0.426223699879
5.9375 0.426217976438
6.0 0.426205577512
6.0625 0.42620461337
6.125 0.426187177239
6.1875 0.426186054139
6.25 0.426173258048
6.3125 0.426167217001
6.375 0.426153984046
6.4375 0.426153019594
6.5 0.426147771634
6.5625 0.426133149923
6.625 0.426133137207
6.6875 0.426112883244
6.75 0.426111737656
6.8125 0.426097828236
6.875 0.426091150889
6.9375 0.426076804603
7.0 0.426075679797
7.0625 0.426055503065
7.125 0.426054219299
7.1875 0.42603947585
7.25 0.426032480896
7.3125 0.426017300582
7.375 0.426016175465
7.4375 0.425994847408
7.5 0.425993563332
7.5625 0.425993548599
7.625 0.42597051449
7.6875 0.425970340798
7.75 0.425953235767
7.8125 0.425945762076
7.875 0.425929468431
7.9375 0.42592818296
8.0 0.425905265627
8.0625 0.425903821197
8.125 0.425887130388
8.1875 0.425879181528
8.25 0.425862053854
8.3125 0.425860769314
8.375 0.425836701895
8.4375 0.425835258396
8.5 0.425817734799
8.5625 0.425809469572
8.625 0.425809295105
8.6875 0.425790065457
8.75 0.425782910613
8.8125 0.425763402903
8.875 0.425762135267
8.9375 0.425736478572
9.0 0.425734874719
9.0625 0.425716237792
9.125 0.425707336265
9.1875 0.425688262473
9.25 0.425686817268
9.3125 0.425660010489
9.375 0.425658407565
9.4375 0.42563893785
9.5 0.425629719957
9.5625 0.425609813377
9.625 0.425608369103
9.6875 0.425600420242
9.75 0.425578648961
9.8125 0.425578632367
9.875 0.42554894867
9.9375 0.425547382346
10.0 0.4255267993
10.0625 0.425516945108
10.125 0.425495925197
10.1875 0.425494320568
10.25 0.425464773188
10.3125 0.425463010841
10.375 0.425441595007
10.4375 0.425431424448
10.5 0.425409571749
10.5625 0.425407968051
10.625 0.425377270585
10.6875 0.425375507928
10.75 0.425375490559
10.8125 0.425342611096
10.875 0.425342434768
10.9375 0.425318598266
11.0 0.425308008056
11.0625 0.425285042027
11.125 0.425283277974
11.1875 0.425250991233
11.25 0.425249068222
11.3125 0.425225706269
11.375 0.425214583044
11.4375 0.425190784227
11.5 0.425189021105
11.5625 0.425155584278
11.625 0.425153662197
11.6875 0.425129466216
11.75 0.425118025384
11.8125 0.425117848281
11.875 0.425091470302
11.9375 0.425081615799
12.0 0.425055376619
12.0625 0.425053689486
12.125 0.425018663384
12.1875 0.425016580949
12.25 0.424991271637
12.3125 0.424979195746
12.375 0.42495345081
12.4375 0.424951528264
12.5 0.424915352077
12.5625 0.424913270572
12.625 0.424887128473
12.6875 0.424874734974
12.75 0.42484815601
12.8125 0.424846233154
12.875 0.424835584633
12.9375 0.424806665023
13.0 0.424806645792
13.0625 0.424767533601
13.125 0.424765547782
13.1875 0.424738292352
13.25 0.424725262554
13.3125 0.424697571499
13.375 0.424695489529
13.4375 0.424656573982
13.5 0.424654333053
13.5625 0.424626244835
13.625 0.42461289867
13.6875 0.424584373587
13.75 0.424582291307
13.8125 0.424542224434
13.875 0.424539983195
13.9375 0.42453996319
14.0 0.424497238373
14.0625 0.424497059409
14.125 0.424466491437
14.1875 0.424452784708
14.25 0.424423146294
14.3125 0.4244209049
14.375 0.424379249992
14.4375 0.424376849639
14.5 0.424346815303
14.5625 0.424332516472
14.625 0.424302045271
14.6875 0.424299803566
14.75 0.424256997332
14.8125 0.42425459667
14.875 0.424223728304
14.9375 0.424209111867
15.0 0.424208932127
15.0625 0.424175405819
15.125 0.424162851656
15.1875 0.424129881005
15.25 0.424127774377
15.3125 0.424083380108
15.375 0.424080820331
15.4375 0.424048839876
15.5 0.424033588379
15.5625 0.424001171059
15.625 0.423998769931
15.6875 0.423953224337
15.75 0.42395066425
15.8125 0.423917849766
15.875 0.423902280663
15.9375 0.423869029314
16.0 0.423866627876
16.0625 0.42385327954
16.125 0.4238172116
16.1875 0.423817189423
16.25 0.423768648738
16.3125 0.423766244354
16.375 0.42373231778
16.4375 0.423716113307
16.5 0.423681749868
16.5625 0.423679189006
16.625 0.423630904051
16.6875 0.42362818423
16.75 0.423593423628
16.8125 0.423576901548
16.875 0.423541704081
16.9375 0.423539142909
17.0 0.423489706627
17.0625 0.423486986497
17.125 0.423486963855
17.1875 0.423434393375
17.25 0.423434211775
17.3125 0.423396913262
17.375 0.423380091255
17.4375 0.423343781387
17.5 0.423341061412
17.5625 0.423290036785
17.625 0.423287157851
17.6875 0.42325045082
17.75 0.423232976384
17.8125 0.423195832488
17.875 0.423193112202
17.9375 0.42314093625
18.0 0.423138057006
18.0625 0.423100515946
18.125 0.423082723903
18.1875 0.423082541217
18.25 0.423041866579
18.3125 0.423026613686
18.375 0.422986912806
18.4375 0.422984387612
18.5 0.422930623935
18.5625 0.422927585267
18.625 0.422888932427
18.6875 0.422870505015
18.75 0.422831415311
18.8125 0.422828535291
18.875 0.422773620288
18.9375 0.42277058131
19.0 0.422731094442
19.0625 0.422712349423
19.125 0.42267242569
19.1875 0.42266954536
19.25 0.422653497519
19.3125 0.42261028218
19.375 0.422610258918
19.4375 0.422552290669
19.5 0.422549467099
19.5625 0.422508867831
19.625 0.422489488063
19.6875 0.42244845193
19.75 0.422445412796
19.8125 0.422387758122
19.875 0.42238456003
19.9375 0.422343126733
20.0 0.422323429358
20.0625 0.422281559197
20.125 0.422278519753
20.1875 0.422219713754
20.25 0.422216515352
20.3125 0.422216491004
20.375 0.422154076722
20.4375 0.422153893415
20.5 0.422109863743
20.5625 0.422089924906
20.625 0.422046942964
20.6875 0.422043744097
20.75 0.421983350372
20.8125 0.421979992546
20.875 0.421936613441
20.9375 0.42191596309
21.0 0.42187214712
21.0625 0.421868947942
21.125 0.421807402892
21.1875 0.421804044756
21.25 0.421759831622
21.3125 0.421738864904
21.375 0.421738681132
21.4375 0.421690859095
21.5 0.421672906853
21.5625 0.421626474192
21.625 0.421623529813
21.6875 0.421560396418
21.75 0.421556879478
21.8125 0.421511553944
21.875 0.421489951237
21.9375 0.421444188838
22.0 0.421440830547
22.0625 0.421376545826
22.125 0.421373028576
22.1875 0.421326869013
22.25 0.421304948699
22.3125 0.421258353512
22.375 0.421254996151
22.4375 0.421236249581
22.5 0.421185886222
22.5625 0.421185860014
22.625 0.421118463581
22.6875 0.421115220205
22.75 0.421067948863
22.8125 0.42104539318
22.875 0.420997684972
22.9375 0.420994166947
23.0 0.420927143175
23.0625 0.420923466191
23.125 0.42087536082
23.1875 0.42085248753
23.25 0.420803945294
23.3125 0.420800428199
23.375 0.420732254343
23.4375 0.420728578289
23.5 0.420728551615
23.5625 0.42065629167
23.625 0.420656106037
23.6875 0.420605344584
23.75 0.420582289538
23.8125 0.420532634902
23.875 0.420528957763
23.9375 0.420459194321
24.0 0.420455358223
24.0625 0.420405306423
24.125 0.420381480777
24.1875 0.420330992112
24.25 0.420327314663
24.3125 0.420256401136
24.375 0.420252565968
24.4375 0.42020168138
24.5 0.420177539368
24.5625 0.42017735265
24.625 0.420122382593
24.6875 0.420101730381
24.75 0.420048566559
24.8125 0.420045202375
24.875 0.419972699882
24.9375 0.41996870405
25.0 0.419916706442
25.0625 0.419891927819
25.125 0.419839493346
25.1875 0.419835656163
25.25 0.419762002344
25.3125 0.419758007443
25.375 0.419705177047
25.4375 0.419680082058
25.5 0.419626814797
25.5625 0.419622978544
25.625 0.419601532624
25.6875 0.419544020626
25.75 0.419543992091
25.8125 0.419467166854
25.875 0.419463504293
25.9375 0.419409560256
26.0 0.419383829277
26.0625 0.419329448376
26.125 0.419325452079
26.1875 0.419249058589
26.25 0.419244903334
26.3125 0.419190126509
26.375 0.419164079164
26.4375 0.419108865474
26.5 0.419104870108
26.5625 0.419027326533
26.625 0.419023172208
26.6875 0.419023142588
26.75 0.418941037599
26.8125 0.41894084902
26.875 0.418883356406
26.9375 0.418857184531
27.0 0.418800857821
27.0625 0.41879670179
27.125 0.41871756925
27.1875 0.41871325426
27.25 0.418656530386
27.3125 0.418629530065
27.375 0.418572370567
27.4375 0.418568215467
27.5 0.418487932842
27.5625 0.418483618783
27.625 0.41842606212
27.6875 0.418398744192
27.75 0.418398555148
27.8125 0.418336436451
27.875 0.41831308489
27.9375 0.418253189287
28.0 0.418249405917
28.0625 0.418167533706
28.125 0.418163059603
28.1875 0.4181043893
28.25 0.418076435383
28.3125 0.418017329456
28.375 0.418013015242
28.4375 0.417929992946
28.5 0.417925519773
28.5625 0.417866016682
28.625 0.417837746398
28.6875 0.417777806442
28.75 0.417773491918
28.8125 0.417749346028
28.875 0.41768468601
28.9375 0.417684654529
29.0 0.417598401108
29.0625 0.417594318741
29.125 0.41753370263
29.1875 0.417504795736
29.25 0.41744374276
29.3125 0.417439268812
29.375 0.417353507465
29.4375 0.417348874559
29.5 0.417287425659
29.5625 0.417258202399
29.625 0.417196316635
29.6875 0.417191842377
29.75 0.417104929705
29.8125 0.417100296488
29.875 0.417100264541
29.9375 0.417008313889
30.0 0.417008122984
30.0625 0.41694389859
30.125 0.416914610506
30.1875 0.416851611101
30.25 0.416846976798
30.3125 0.416758475781
30.375 0.41675368376
30.4375 0.416690288432
30.5 0.416660112816
30.5625 0.416596280623
30.625 0.416591647252
30.6875 0.416501994908
30.75 0.416497202578
30.8125 0.416432973221
30.875 0.416402479998
30.9375 0.416402288007
31.0 0.416333021291
31.0625 0.416306969759
31.125 0.416240342996
31.1875 0.416236139821
31.25 0.416144898512
31.3125 0.416139946758
31.375 0.416074605621
31.4375 0.416043477029
31.5 0.415977699028
31.5625 0.415972905922
31.625 0.415880514528
31.6875 0.415875562463
31.75 0.415809387298
31.8125 0.415777941099
31.875 0.415711329069
31.9375 0.415706535653
32.0 0.415679690414
32.0625 0.415607847948
32.1875 0.415507663861
32.3125 0.415408295037
32.4375 0.415335618077
32.5625 0.415235375524
32.6875 0.415134855065
32.8125 0.415061343766
32.9375 0.414959949578
33.0625 0.414858118679
33.1875 0.414786968963
33.3125 0.414684894741
33.4375 0.414581912362
33.5625 0.414506573738
33.6875 0.414402717629
33.8125 0.414298583614
33.9375 0.414222410651
34.0625 0.414188546885
34.1875 0.414083380337
34.3125 0.414005401604
34.4375 0.413899361482
34.5625 0.413793043453
34.6875 0.41371532107
34.8125 0.413608129312
34.9375 0.413500659648
35.0625 0.413422102925
35.1875 0.413313600728
35.3125 0.413208455737
35.4375 0.413129575669
35.5625 0.413019921991
35.6875 0.412909990407
35.8125 0.412829606359
35.9375 0.412718801045
36.0625 0.412607717826
36.1875 0.412602089916
36.3125 0.41249025455
36.4375 0.412377048264
36.5625 0.412295114796
36.6875 0.412182125468
36.8125 0.412068858235
36.9375 0.411986090428
37.0625 0.411871949465
37.1875 0.411757530596
37.3125 0.411673772128
37.4375 0.411562233744
37.5625 0.411447213623
37.6875 0.41136261849
37.8125 0.411246015607
37.9375 0.411129134818
38.0625 0.411043705346
38.1875 0.410925950828
38.3125 0.41088795786
38.4375 0.410801815633
38.5625 0.410681938048
38.6875 0.410562873245
38.8125 0.410475894353
38.9375 0.410355955821
39.0625 0.410235739383
39.1875 0.410147926152
39.3125 0.410026838465
39.4375 0.409905314069
39.5625 0.40982069862
39.6875 0.409699046592
39.8125 0.409576368234
39.9375 0.409486727677
40.0625 0.409363175589
40.1875 0.409239345595
40.3125 0.409148873181
40.4375 0.409108655413
40.5625 0.408983795367
40.6875 0.408891514702
40.8125 0.4087657786
40.9375 0.408639764593
41.0625 0.408547740277
41.1875 0.40842085254
41.3125 0.408293689378
41.4375 0.408200833205
41.5625 0.40807263751
41.6875 0.407948630257
41.8125 0.40785556643
41.9375 0.407726216773
42.0625 0.40759658921
42.1875 0.407501903229
42.3125 0.407371404418
42.4375 0.4072406277
42.5625 0.407234039835
42.6875 0.407102508491
42.8125 0.406969606225
42.9375 0.406873370825
43.0625 0.406740685518
43.1875 0.406607722306
43.3125 0.406510655048
43.4375 0.406376820587
43.5625 0.40624270822
43.6875 0.40614464782
43.8125 0.406014247175
43.9375 0.405879649247
44.0625 0.405780752182
44.1875 0.40564445332
44.3125 0.405507879033
44.4375 0.40540815011
44.5625 0.405270702094
44.6875 0.405226352643
44.8125 0.405125908484
44.9375 0.40498633492
45.0625 0.404847574138
45.1875 0.404746293314
45.3125 0.404606661284
45.4375 0.404466751347
45.5625 0.404364638666
45.6875 0.404223855
45.8125 0.404082634624
45.9375 0.403984550962
46.0625 0.403843321126
46.1875 0.403700946789
46.3125 0.403597006781
46.4375 0.403453761195
46.5625 0.403310237704
46.6875 0.403205463357
46.8125 0.403158889106
46.9375 0.403014333081
47.0625 0.402907750484
47.1875 0.402762318403
47.3125 0.402616610897
47.4375 0.402510287131
47.5625 0.402363705896
47.6875 0.402216846755
47.8125 0.402109688649
47.9375 0.401961796975
48.0625 0.401818927462
48.1875 0.401711679565
48.3125 0.4015626361
48.4375 0.401413314728
48.5625 0.401304328987
48.6875 0.401154133886
48.8125 0.401003660879
48.9375 0.400996110268
49.0625 0.400844882634
49.1875 0.400692284079
49.3125 0.400581748917
49.4375 0.400429369803
49.5625 0.400276712782
49.6875 0.400165343282
49.8125 0.400011812532
49.9375 0.399858003875
50.0625 0.399745641233
50.1875 0.399596378017
50.3125 0.399442204454
50.4375 0.399329007628
50.5625 0.399173014957
50.6875 0.399016744381
50.8125 0.398902713216
50.9375 0.39874556891
51.0625 0.398694862666
51.1875 0.398580116265
51.3125 0.398420848892
51.4375 0.398262394302
51.5625 0.398146813717
51.6875 0.397987485398
51.8125 0.397827879172
51.9375 0.397711464248
52.0625 0.397550984293
52.1875 0.397390067628
52.3125 0.397278517923
52.4375 0.397117712452
52.5625 0.396955644306
52.6875 0.396837402056
52.8125 0.396674460181
52.9375 0.3965112404
53.0625 0.396392163811
53.1875 0.396339232767
53.3125 0.396174982934
53.4375 0.396054100575
53.5625 0.395888974686
53.6875 0.395723570892
53.8125 0.395602944883
53.9375 0.395436667358
54.0625 0.395270111928
54.1875 0.39514865158
54.3125 0.394981066098
54.4375 0.394819336495
54.5625 0.394697907319
54.6875 0.394529167875
54.8125 0.394360150524
54.9375 0.394236862851
55.0625 0.394066971771
55.1875 0.393896802785
55.3125 0.393888292218
55.4375 0.393717371087
55.5625 0.393545079034
55.6875 0.39342024194
55.8125 0.393248166847
55.9375 0.393075813847
56.0625 0.392950142414
56.1875 0.392776915685
56.3125 0.392603413531
56.4375 0.392476751437
56.5625 0.392308628442
56.6875 0.392134877072
56.8125 0.392007378313
56.9375 0.391831689664
57.0625 0.391655723109
57.1875 0.391527390011
57.3125 0.391350552207
57.4375 0.391293491961
57.5625 0.391164446109
57.6875 0.390985482758
57.8125 0.390807332188
57.9375 0.390677449671
58.0625 0.390498425372
58.1875 0.390319123168
58.3125 0.390188408793
58.4375 0.39000823534
58.5625 0.389827625177
58.6875 0.389702607258
58.8125 0.38952222398
58.9375 0.389340459855
59.0625 0.389207915673
59.1875 0.389025277819
59.3125 0.38884236454
59.4375 0.3887089885
59.5625 0.388649703454
59.6875 0.388465757642
59.8125 0.388330573351
59.9375 0.388145751483
60.0625 0.387960651709
60.1875 0.387825723768
60.3125 0.387639752746
60.4375 0.387453503817
60.5625 0.387317744019
60.6875 0.387130462557
60.8125 0.386949870694
60.9375 0.386814257758
61.0625 0.386625822334
61.1875 0.386437109005
61.3125 0.38629952188
61.4375 0.386109937302
61.5625 0.385920074818
61.6875 0.385910601816
61.8125 0.385719984705
61.9375 0.385527996673
62.0625 0.385388857647
62.1875 0.385197086574
62.3125 0.385005040076
62.4375 0.384865069193
62.5625 0.384672148966
62.6875 0.384478950832
62.8125 0.384337986807
62.9375 0.384151001551
63.0625 0.383957672374
63.1875 0.383815871683
63.3125 0.383620489536
63.4375 0.383424829482
63.5625 0.383282196934
63.6875 0.383085663151
63.8125 0.383022246422
63.9375 0.382878898638
64.0625 0.382482392448
64.3125 0.382139492994
64.5625 0.381795482535
64.8125 0.381395309752
65.0625 0.381056866567
65.3125 0.380708570584
65.5625 0.380303636487
65.8125 0.38009032474
66.0625 0.37973720572
66.3125 0.379327907318
66.5625 0.3789730244
66.8125 0.378617030479
67.0625 0.378210612871
67.3125 0.377852704933
67.5625 0.377492425488
67.8125 0.377073604147
68.0625 0.376852874538
68.3125 0.376487774692
68.5625 0.376064589045
68.8125 0.375697722665
69.0625 0.375329586478
69.3125 0.374910862062
69.5625 0.374539710158
69.8125 0.37416744725
70.0625 0.373881473121
70.3125 0.373505503143
70.5625 0.373129510523
70.8125 0.372692437632
71.0625 0.372313587789
71.3125 0.371941671333
71.5625 0.371501017609
71.8125 0.371117882242
72.0625 0.370733635871
72.3125 0.370438345062
72.5625 0.370050389295
72.8125 0.369662413212
73.0625 0.369211453077
73.3125 0.368820465931
73.5625 0.368438220267
73.8125 0.367982340015
74.0625 0.367587221185
74.3125 0.367346623767
74.5625 0.366885290847
74.8125 0.366486442306
75.0625 0.36608648276
75.3125 0.365621640344
75.5625 0.365227423779
75.8125 0.364824596775
76.0625 0.364354829279
76.3125 0.363947731949
76.5625 0.363699716669
76.8125 0.363224494179
77.0625 0.362813662175
77.3125 0.362401724129
77.5625 0.361922835666
77.8125 0.361518368675
78.0625 0.361102140142
78.3125 0.360618490364
78.5625 0.360363930022
78.8125 0.359942883416
79.0625 0.35945486437
79.3125 0.359032053866
79.5625 0.358608132357
79.8125 0.358124666506
80.0625 0.357699062053
80.3125 0.3572708544
80.5625 0.356773316758
80.8125 0.356511337934
81.0625 0.356078304918
81.3125 0.355576402971
81.5625 0.355141608383
81.8125 0.354705543988
82.0625 0.354210002091
82.3125 0.35377092198
82.5625 0.353330730864
82.8125 0.352992719425
83.0625 0.352548816278
83.3125 0.35210489545
83.5625 0.351589106259
83.8125 0.351142328209
84.0625 0.35070414602
84.3125 0.350185012339
84.5625 0.349733948765
84.8125 0.349281774187
85.0625 0.348934441105
85.3125 0.348478557131
85.5625 0.348022652841
85.8125 0.347492976406
86.0625 0.347034056089
86.3125 0.346585786
86.5625 0.346051189446
86.8125 0.345588142409
87.0625 0.345306290813
87.3125 0.344766241592
87.5625 0.344299464844
87.8125 0.343831577091
88.0625 0.343288013411
88.3125 0.342827536076
88.5625 0.342357017209
88.8125 0.341808533412
89.0625 0.341333502912
89.3125 0.341044238417
89.5625 0.340490299626
89.8125 0.340011539415
90.0625 0.339531668199
90.3125 0.338974063434
90.5625 0.338503572017
90.8125 0.338019415278
91.0625 0.337457044236
91.3125 0.337161234679
91.5625 0.336672259865
91.8125 0.336105524518
92.0625 0.335614780844
92.3125 0.335122931129
92.5625 0.334562416414
92.8125 0.334069120407
93.0625 0.333572980205
93.3125 0.332996726882
93.5625 0.332693499463
93.8125 0.332192538861
94.0625 0.33161191627
94.3125 0.331109194095
94.5625 0.330605202114
94.8125 0.330032848317
95.0625 0.329525835656
95.3125 0.329017716954
95.5625 0.328627668826
95.8125 0.328115838091
96.0625 0.327603984404
96.3125 0.327009478912
96.5625 0.326494772654
96.8125 0.325990329695
97.0625 0.325392711095
97.3125 0.324873719314
97.5625 0.324353616529
97.8125 0.323954246138
98.0625 0.323430428994
98.3125 0.322906596497
98.5625 0.32229820376
98.8125 0.321771355237
99.0625 0.321257055758
99.3125 0.320643742904
99.5625 0.32011276766
99.8125 0.319789666849
100.0625 0.319170896363
100.3125 0.318636191408
100.5625 0.318100375448
100.8125 0.317478095467
101.0625 0.316951352399
101.3125 0.31641314167
101.5625 0.315785941571
101.8125 0.315242982864
102.0625 0.314912464192
102.3125 0.314279809099
102.5625 0.31373312068
102.8125 0.313185321258
103.0625 0.312548995229
103.3125 0.312012479386
103.5625 0.31146039444
103.8125 0.310819307097
104.0625 0.310482243362
104.3125 0.309925340341
104.5625 0.309279888693
104.8125 0.308721216812
105.0625 0.308161433926
105.3125 0.307523870347
105.5625 0.306962882478
105.8125 0.306398814068
106.0625 0.305743839482
106.3125 0.305399362848
106.5625 0.304830474038
106.8125 0.304171135146
107.0625 0.303600479802
107.3125 0.303028559613
107.5625 0.302379393296
107.8125 0.301804452428
108.0625 0.301228400556
108.3125 0.300786315119
108.5625 0.300206556177
108.8125 0.299626774593
109.0625 0.298953548457
109.3125 0.298370914613
109.5625 0.297800211504
109.8125 0.297124113567
110.0625 0.296537189237
110.3125 0.295949158865
110.5625 0.295497751785
110.8125 0.294906007054
111.0625 0.294314242008
111.3125 0.29362713359
111.5625 0.29303235748
111.8125 0.292452034196
112.0625 0.291760000388
112.3125 0.291161096937
112.5625 0.29079674691
112.8125 0.290099260124
113.0625 0.289496621998
113.3125 0.288892877831
113.5625 0.288191881549
113.8125 0.287598877711
114.0625 0.286992970156
114.3125 0.286287053756
114.5625 0.285676166843
114.8125 0.285304398955
115.0625 0.284593022598
115.3125 0.283978405973
115.5625 0.283362678343
115.8125 0.282647636013
116.0625 0.282045090782
116.3125 0.281425077628
116.5625 0.280705273984
116.8125 0.280326961033
117.0625 0.279702124843
117.3125 0.278977956894
117.5625 0.278351356805
117.8125 0.277723645713
118.0625 0.277009028307
118.3125 0.276380348575
118.5625 0.275748351958
118.8125 0.27501466107
119.0625 0.274628930258
119.3125 0.273992113241
119.5625 0.273254058048
119.8125 0.272615474497
120.0625 0.271975621138
120.3125 0.271249642301
120.5625 0.270606773226
120.8125 0.269962793147
121.0625 0.269468665438
121.3125 0.268820978289
121.5625 0.268173268498
121.8125 0.267421326061
122.0625 0.266770759047
122.3125 0.266133795168
122.5625 0.265379217274
122.8125 0.264724364737
123.0625 0.264068401195
123.3125 0.263564956806
123.5625 0.262905283868
123.8125 0.262245590614
124.0625 0.261479760933
124.3125 0.260817056615
124.5625 0.260170708906
124.8125 0.259399959106
125.0625 0.258733170716
125.3125 0.258327524484
125.5625 0.257551326049
125.8125 0.256880756615
126.0625 0.25620908114
126.3125 0.255429376
126.5625 0.254770125039
126.8125 0.254096525776
127.0625 0.253311899589
127.3125 0.252633072992
127.5625 0.252220036813
127.8125 0.251429960594
128.0625 0.250063741935
128.5625 0.248601431016
129.0625 0.247114987545
129.5625 0.246002616163
130.0625 0.244505198964
130.5625 0.243017944261
131.0625 0.241621607521
131.5625 0.240382199369
132.0625 0.238860718164
132.5625 0.237705023661
133.0625 0.235932806736
133.5625 0.234674760726
134.0625 0.233243456039
134.5625 0.231694301925
135.0625 0.230198252235
135.5625 0.228830675993
136.0625 0.228484923502
136.5625 0.228137992858
137.0625 0.227905468831
137.5625 0.227555933591
138.0625 0.227205208721
138.5625 0.226970142752
139.0625 0.226616804912
139.5625 0.226262286126
140.0625 0.22602467806
140.5625 0.225667537465
141.0625 0.225309224919
141.5625 0.225069074756
142.0625 0.224708131717
142.5625 0.224346032544
143.0625 0.22410333284
143.5625 0.223738587045
144.0625 0.223372686203
144.5625 0.223127450605
145.0625 0.222758901125
145.5625 0.222389205437
146.0625 0.222141427742
146.5625 0.221769075662
147.0625 0.221395585903
147.5625 0.221145266266
148.0625 0.220769111586
148.5625 0.220391828222
149.0625 0.220138966178
149.5625 0.219759009053
150.0625 0.219377941854
150.5625 0.219122527478
151.0625 0.218738767597
151.5625 0.218353907413
152.0625 0.218095950165
152.5625 0.217708387684
153.0625 0.21731973436
153.5625 0.217059234239
154.0625 0.216667869004
154.5625 0.21627542254
155.0625 0.216012379701
155.5625 0.215617212331
156.0625 0.215220984823
156.5625 0.214955386551
157.0625 0.214556416426
157.5625 0.214156396708
158.0625 0.213888254788
158.5625 0.213485481908
159.0625 0.213081669361
159.5625 0.212810984413
160.0625 0.212404408467
160.5625 0.21199680185
161.0625 0.211723572323
161.5625 0.211313193158
162.0625 0.210901793865
162.5625 0.210626021001
163.0625 0.21021183939
163.5625 0.209796647578
164.0625 0.209518331067
164.5625 0.209100346391
165.0625 0.208681362059
165.5625 0.20840050252
166.0625 0.207978715709
166.5625 0.207555955451
167.0625 0.20727253536
167.5625 0.206846945794
168.0625 0.206420393792
168.5625 0.206134429588
169.0625 0.205705037422
169.5625 0.205274693366
170.0625 0.204986185204
170.5625 0.204552990748
171.0625 0.204118854172
171.5625 0.203827802207
172.0625 0.203390804686
172.5625 0.202952896061
173.0625 0.202659280598
173.5625 0.202218480632
174.0625 0.201776760102
174.5625 0.201480620376
175.0625 0.201036018276
175.5625 0.200590504916
176.0625 0.200291820922
176.5625 0.19984341467
177.0625 0.199394130347
177.5625 0.199092879753
178.0625 0.198640670747
178.5625 0.198187594989
179.0625 0.197883799972
179.5625 0.197427788366
180.0625 0.196970921174
180.5625 0.196664581578
181.0625 0.196204767527
181.5625 0.195744108902
182.0625 0.195435224573
182.5625 0.194971607921
183.0625 0.194507182365
183.5625 0.194195728954
184.0625 0.193728309548
184.5625 0.193260067279
185.0625 0.192946094723
185.5625 0.192474872717
186.0625 0.192002865533
186.5625 0.19168632188
187.0625 0.191211297119
187.5625 0.190735473687
188.0625 0.190416413526
188.5625 0.18993758632
189.0625 0.18945798231
189.5625 0.189136362837
190.0625 0.188653733186
190.5625 0.188170326731
191.0625 0.187846173537
191.5625 0.187359740975
192.0625 0.187197429352
192.5625 0.187197413223
193.0625 0.187197397095
193.5625 0.187197380966
194.0625 0.187197364838
194.5625 0.187197348709
195.0625 0.187197332581
195.5625 0.187197316452
196.0625 0.187197300324
196.5625 0.187197284195
197.0625 0.187197268067
197.5625 0.187197251938
198.0625 0.18719723581
198.5625 0.187197219681
199.0625 0.187197203553
199.5625 0.187197187424
200.0625 0.187197171296
200.5625 0.187197155167
201.0625 0.187197139039
201.5625 0.18719712291
202.0625 0.187197106782
202.5625 0.187197090653
203.0625 0.187197074525
203.5625 0.187197058396
204.0625 0.187197042268
204.5625 0.18719702614
205.0625 0.187197010011
205.5625 0.187196993883
206.0625 0.187196977754
206.5625 0.187196961626
207.0625 0.187196945497
207.5625 0.187196929369
208.0625 0.187196909363
208.5625 0.187196891994
209.0625 0.187196874625
209.5625 0.187196857256
210.0625 0.187196839887
210.5625 0.187196822517
211.0625 0.187196805148
211.5625 0.187196787779
212.0625 0.18719677041
212.5625 0.187196753041
213.0625 0.187196735672
213.5625 0.187196718303
214.0625 0.187196700933
214.5625 0.187196683564
215.0625 0.187196666195
215.5625 0.187196648826
216.0625 0.187196631457
216.5625 0.187196614088
217.0625 0.187196596719
217.5625 0.18719657935
218.0625 0.18719656198
218.5625 0.187196544611
219.0625 0.187196527242
219.5625 0.187196509873
220.0625 0.187196492504
220.5625 0.187196475135
221.0625 0.187196457766
221.5625 0.187196440396
222.0625 0.187196423027
222.5625 0.187196405658
223.0625 0.187196388289
223.5625 0.18719637092
224.0625 0.187196354946
224.5625 0.187196336337
225.0625 0.187196317727
225.5625 0.187196299117
226.0625 0.187196280507
226.5625 0.187196261898
227.0625 0.187196243288
227.5625 0.187196224678
228.0625 0.187196206068
228.5625 0.187196187458
229.0625 0.187196168849
229.5625 0.187196150239
230.0625 0.187196131629
230.5625 0.187196113019
231.0625 0.187196094409
231.5625 0.1871960758
232.0625 0.18719605719
232.5625 0.18719603858
233.0625 0.18719601997
233.5625 0.187196001361
234.0625 0.187195982751
234.5625 0.187195964141
235.0625 0.187195945531
235.5625 0.187195926921
236.0625 0.187195908312
236.5625 0.187195889702
237.0625 0.187195871092
237.5625 0.187195852482
238.0625 0.187195833872
238.5625 0.187195815263
239.0625 0.187195796653
239.5625 0.187195778043
240.0625 0.187195760984
240.5625 0.187195741134
241.0625 0.187195721283
241.5625 0.187195701433
242.0625 0.187195681582
242.5625 0.187195661732
243.0625 0.187195641881
243.5625 0.187195622031
244.0625 0.187195602181
244.5625 0.18719558233
245.0625 0.18719556248
245.5625 0.187195542629
246.0625 0.187195522779
246.5625 0.187195502928
247.0625 0.187195483078
247.5625 0.187195463227
248.0625 0.187195443377
248.5625 0.187195423527
249.0625 0.187195403676
249.5625 0.187195383826
250.0625 0.187195359788
250.5625 0.187195339938
251.0625 0.187195320087
251.5625 0.187195300237
252.0625 0.187195280386
252.5625 0.187195260536
253.0625 0.187195240685
253.5625 0.187195220835
254.0625 0.187195200985
254.5625 0.187195181134
255.0625 0.187195161284
255.5625 0.187195141433
256.0625 0.187195103438
257.0625 0.187195058775
258.0625 0.187195014111
259.0625 0.187194969448
260.0625 0.187194924784
261.0625 0.187194880121
262.0625 0.187194835457
263.0625 0.187194790794
264.0625 0.18719474613
265.0625 0.187194701467
266.0625 0.187194656803
267.0625 0.18719461214
268.0625 0.187194567476
269.0625 0.187194522813
270.0625 0.187194478149
271.0625 0.187194433486
272.0625 0.187194387427
273.0625 0.187194340282
274.0625 0.187194293137
275.0625 0.187194245992
276.0625 0.187194198847
277.0625 0.187194151703
278.0625 0.187194104558
279.0625 0.187194057413
280.0625 0.187194010268
281.0625 0.187193963124
282.0625 0.187193915979
283.0625 0.187193868834
284.0625 0.187193821689
285.0625 0.187193774544
286.0625 0.1871937274
287.0625 0.187193680255
288.0625 0.187193634196
289.0625 0.187193584569
290.0625 0.187193534943
291.0625 0.187193485317
292.0625 0.187193435691
293.0625 0.187193386065
294.0625 0.187193336439
295.0625 0.187193286813
296.0625 0.187193237187
297.0625 0.187193187561
298.0625 0.187193137934
299.0625 0.187193088308
300.0625 0.187193038682
301.0625 0.187192989056
302.0625 0.18719293943
303.0625 0.187192889804
304.0625 0.187192841574
305.0625 0.187192789466
306.0625 0.187192737359
307.0625 0.187192685251
308.0625 0.187192633144
309.0625 0.187192581037
310.0625 0.187192528929
311.0625 0.187192476822
312.0625 0.187192424714
313.0625 0.187192372607
314.0625 0.1871923205
315.0625 0.187192268392
316.0625 0.187192216285
317.0625 0.187192164177
318.0625 0.18719211207
319.0625 0.187192059963
320.0625 0.187192000721
321.0625 0.187191946133
322.0625 0.187191891544
323.0625 0.187191836955
324.0625 0.187191782367
325.0625 0.187191727778
326.0625 0.187191673189
327.0625 0.1871916186
328.0625 0.187191564012
329.0625 0.187191509423
330.0625 0.187191454834
331.0625 0.187191400246
332.0625 0.187191345657
333.0625 0.187191291068
334.0625 0.187191236479
335.0625 0.187191181891
336.0625 0.187191129008
337.0625 0.187191071938
338.0625 0.187191014868
339.0625 0.187190957798
340.0625 0.187190900728
341.0625 0.187190843658
342.0625 0.187190786588
343.0625 0.187190729518
344.0625 0.187190672448
345.0625 0.187190615378
346.0625 0.187190558308
347.0625 0.187190501238
348.0625 0.187190444168
349.0625 0.187190387098
350.0625 0.187190330028
351.0625 0.187190272958
352.0625 0.18719021108
353.0625 0.187190151529
354.0625 0.187190091977
355.0625 0.187190032426
356.0625 0.187189972875
357.0625 0.187189913323
358.0625 0.187189853772
359.0625 0.187189794221
360.0625 0.18718973467
361.0625 0.187189675118
362.0625 0.187189615567
363.0625 0.187189556016
364.0625 0.187189496464
365.0625 0.187189436913
366.0625 0.187189377362
367.0625 0.18718931781
368.0625 0.18718926012
369.0625 0.187189198087
370.0625 0.187189136055
371.0625 0.187189074022
372.0625 0.187189011989
373.0625 0.187188949957
374.0625 0.187188887924
375.0625 0.187188826047
376.0625 0.187188764014
377.0625 0.187188701981
378.0625 0.187188639949
379.0625 0.187188577916
380.0625 0.187188515884
381.0625 0.187188453851
382.0625 0.187188391818
383.0625 0.187188329786
384.0625 0.187188269769
385.0625 0.187188202774
386.0625 0.187188135779
387.0625 0.187188068783
388.0625 0.187188001788
389.0625 0.187187934793
390.0625 0.187187867798
391.0625 0.187187800802
392.0625 0.187187733807
393.0625 0.187187666812
394.0625 0.187187599817
395.0625 0.187187532821
396.0625 0.187187465826
397.0625 0.187187398831
398.0625 0.187187331836
399.0625 0.187187264841
400.0625 0.187187200637
401.0625 0.18718713116
402.0625 0.187187061684
403.0625 0.187186992207
404.0625 0.187186922731
405.0625 0.187186853254
406.0625 0.187186783777
407.0625 0.187186714301
408.0625 0.187186644824
409.0625 0.187186575348
410.0625 0.187186505871
411.0625 0.187186436395
412.0625 0.187186366918
413.0625 0.187186297442
414.0625 0.187186227965
415.0625 0.187186158489
416.0625 0.187186091804
417.0625 0.187186019846
418.0625 0.187185947888
419.0625 0.18718587593
420.0625 0.187185803972
421.0625 0.187185732014
422.0625 0.187185660056
423.0625 0.187185588099
424.0625 0.187185516141
425.0625 0.187185444183
426.0625 0.187185372225
427.0625 0.187185300267
428.0625 0.187185228309
429.0625 0.187185156352
430.0625 0.187185084394
431.0625 0.187185012436
432.0625 0.187184931328
433.0625 0.187184856889
434.0625 0.18718478245
435.0625 0.187184708011
436.0625 0.187184633572
437.0625 0.187184567197
438.0625 0.187184492758
439.0625 0.187184418318
440.0625 0.187184343879
441.0625 0.18718426944
442.0625 0.187184195001
443.0625 0.187184120562
444.0625 0.187184046123
445.0625 0.187183971683
446.0625 0.187183897244
447.0625 0.187183822805
448.0625 0.187183747591
449.0625 0.18718367067
450.0625 0.18718359375
451.0625 0.187183516829
452.0625 0.187183439909
453.0625 0.187183362988
454.0625 0.187183286068
455.0625 0.187183209147
456.0625 0.187183132227
457.0625 0.187183055306
458.0625 0.187182978386
459.0625 0.187182901466
460.0625 0.187182824545
461.0625 0.187182747625
462.0625 0.187182670704
463.0625 0.187182593784
464.0625 0.187182507093
465.0625 0.187182427691
466.0625 0.18718234829
467.0625 0.187182268888
468.0625 0.187182189486
469.0625 0.187182110084
470.0625 0.187182030683
471.0625 0.187181951281
472.0625 0.187181871879
473.0625 0.187181792477
474.0625 0.187181713076
475.0625 0.187181633674
476.0625 0.187181554272
477.0625 0.18718147487
478.0625 0.187181395468
479.0625 0.187181316067
480.0625 0.187181240077
481.0625 0.187181158194
482.0625 0.187181076311
483.0625 0.187180994428
484.0625 0.187180912544
485.0625 0.187180830661
486.0625 0.187180748778
487.0625 0.187180666895
488.0625 0.187180585012
489.0625 0.187180503129
490.0625 0.187180421246
491.0625 0.187180339363
492.0625 0.18718025748
493.0625 0.187180175597
494.0625 0.187180093714
495.0625 0.187180011831
496.0625 0.187179924055
497.0625 0.18717983969
498.0625 0.187179755326
499.0625 0.187179670961
500.0625 0.187179586287
501.0625 0.187179501923
502.0625 0.187179417558
503.0625 0.187179333194
504.0625 0.187179248829
505.0625 0.187179164465
506.0625 0.187179080101
507.0625 0.187178995736
508.0625 0.187178911372
509.0625 0.187178827008
510.0625 0.187178742643
511.0625 0.187178658279
512.0625 0.18717849839
514.0625 0.187178319736
516.0625 0.187178141082
518.0625 0.187177962428
520.0625 0.187177783774
522.0625 0.18717760512
524.0625 0.187177426466
526.0625 0.187177247812
528.0625 0.187177060939
530.0625 0.187176877322
532.0625 0.187176693706
534.0625 0.187176510089
536.0625 0.187176326472
538.0625 0.187176142856
540.0625 0.187175959239
542.0625 0.187175775623
544.0625 0.18717559914
546.0625 0.187175410561
548.0625 0.187175221982
550.0625 0.187175033402
552.0625 0.187174844823
554.0625 0.187174656244
556.0625 0.187174467665
558.0625 0.187174279086
560.0625 0.18717408725
562.0625 0.187173893708
564.0625 0.187173700166
566.0625 0.187173506624
568.0625 0.187173313083
570.0625 0.187173119541
572.0625 0.187172925999
574.0625 0.187172732457
576.0625 0.187172535814
578.0625 0.187172337309
580.0625 0.187172138805
582.0625 0.187171940301
584.0625 0.187171741796
586.0625 0.187171543292
588.0625 0.187171344787
590.0625 0.187171146283
592.0625 0.187170944677
594.0625 0.18717074121
596.0625 0.187170537743
598.0625 0.187170334276
600.0625 0.187170130809
602.0625 0.187169927342
604.0625 0.187169723875
606.0625 0.187169520408
608.0625 0.187169302208
610.0625 0.187169093778
612.0625 0.187168885349
614.0625 0.187168676919
616.0625 0.187168468489
618.0625 0.18716826006
620.0625 0.18716805163
622.0625 0.187167843201
624.0625 0.187167654932
626.0625 0.187167441539
628.0625 0.187167228147
630.0625 0.187167014755
632.0625 0.187166801363
634.0625 0.18716658797
636.0625 0.187166374578
638.0625 0.187166161186
640.0625 0.187165930735
642.0625 0.187165707417
644.0625 0.1871654841
646.0625 0.187165260782
648.0625 0.187165037465
650.0625 0.187164814147
652.0625 0.18716459083
654.0625 0.187164367513
656.0625 0.187164166062
658.0625 0.187163937782
660.0625 0.187163709501
662.0625 0.187163481221
664.0625 0.187163252941
666.0625 0.187163024661
668.0625 0.187162796381
670.0625 0.187162568101
672.0625 0.187162311906
674.0625 0.187162078664
676.0625 0.187161845421
678.0625 0.187161612178
680.0625 0.187161378936
682.0625 0.187161145693
684.0625 0.18716091245
686.0625 0.187160680603
688.0625 0.187160457596
690.0625 0.187160219391
692.0625 0.187159981186
694.0625 0.18715974298
696.0625 0.187159504775
698.0625 0.18715926657
700.0625 0.187159028364
702.0625 0.187158790159
704.0625 0.187158549007
706.0625 0.187158305839
708.0625 0.187158062672
710.0625 0.187157819504
712.0625 0.187157576336
714.0625 0.187157333168
716.0625 0.18715709
718.0625 0.187156846832
720.0625 0.187156601028
722.0625 0.187156352897
724.0625 0.187156104767
726.0625 0.187155856636
728.0625 0.187155608506
730.0625 0.187155360375
732.0625 0.187155112245
734.0625 0.187154864114
736.0625 0.187154613037
738.0625 0.187154359944
740.0625 0.187154106851
742.0625 0.187153853758
744.0625 0.187153600665
746.0625 0.187153347572
748.0625 0.187153094478
750.0625 0.187152841385
752.0625 0.187152592635
754.0625 0.187152334579
756.0625 0.187152076523
758.0625 0.187151818467
760.0625 0.187151560412
762.0625 0.187151302356
764.0625 0.1871510443
766.0625 0.187150786244
768.0625 0.187150515937
770.0625 0.187150247956
772.0625 0.187149979975
774.0625 0.187149711994
776.0625 0.187149444013
778.0625 0.187149176033
780.0625 0.187148908052
782.0625 0.187148640071
784.0625 0.187148391785
786.0625 0.187148118842
788.0625 0.187147845898
790.0625 0.187147572954
792.0625 0.187147300011
794.0625 0.187147027067
796.0625 0.187146754124
798.0625 0.18714648118
800.0625 0.187146198466
802.0625 0.18714592056
804.0625 0.187145642654
806.0625 0.187145364748
808.0625 0.187145086842
810.0625 0.187144808936
812.0625 0.187144531029
814.0625 0.187144253123
816.0625 0.187143980645
818.0625 0.187143697776
820.0625 0.187143414907
822.0625 0.187143132039
824.0625 0.18714284917
826.0625 0.187142566301
828.0625 0.187142283432
830.0625 0.187142000564
832.0625 0.187141707304
834.0625 0.187141419473
836.0625 0.187141131642
838.0625 0.18714084381
840.0625 0.187140555979
842.0625 0.187140268147
844.0625 0.187139980316
846.0625 0.187139692485
848.0625 0.187139410081
850.0625 0.187139117287
852.0625 0.187138824493
854.0625 0.187138531699
856.0625 0.187138238905
858.0625 0.187137946111
860.0625 0.187137653317
862.0625 0.187137360523
864.0625 0.187137073622
866.0625 0.187136775866
868.0625 0.187136478109
870.0625 0.187136180352
872.0625 0.187135882596
874.0625 0.187135585149
876.0625 0.187135287393
878.0625 0.187134989636
880.0625 0.187134689398
882.0625 0.187134386679
884.0625 0.18713408396
886.0625 0.187133781241
888.0625 0.187133478521
890.0625 0.187133175802
892.0625 0.187132873083
894.0625 0.187132570364
896.0625 0.187132267179
898.0625 0.187131954535
900.0625 0.18713164189
902.0625 0.187131329246
904.0625 0.187131016601
906.0625 0.187130703957
908.0625 0.187130391313
910.0625 0.187130078668
912.0625 0.187129781222
914.0625 0.187129463615
916.0625 0.187129146008
918.0625 0.187128828401
920.0625 0.187128510794
922.0625 0.187128193187
924.0625 0.187127875579
926.0625 0.187127557972
928.0625 0.187127238504
930.0625 0.187126915935
932.0625 0.187126593365
934.0625 0.187126270795
936.0625 0.187125948226
938.0625 0.187125625656
940.0625 0.187125303086
942.0625 0.187124980517
944.0625 0.187124619797
946.0625 0.187124292265
948.0625 0.187123964733
950.0625 0.1871236372
952.0625 0.187123309668
954.0625 0.187122982136
956.0625 0.187122654603
958.0625 0.187122327071
960.0625 0.187122015667
962.0625 0.187121683173
964.0625 0.187121350678
966.0625 0.187121018183
968.0625 0.187120685688
970.0625 0.187120353193
972.0625 0.187120020698
974.0625 0.187119688203
976.0625 0.187119334617
978.0625 0.18711899716
980.0625 0.187118659702
982.0625 0.187118322245
984.0625 0.187117984787
986.0625 0.18711764733
988.0625 0.187117309872
990.0625 0.187116972415
992.0625 0.187116661166
994.0625 0.187116318746
996.0625 0.187115976326
998.0625 0.187115633906
1000.0625 0.187115291486
1002.0625 0.187114949066
1004.0625 0.187114606646
1006.0625 0.187114264226
1008.0625 0.187113890634
1010.0625 0.187113543251
1012.0625 0.187113195869
1014.0625 0.187112848486
1016.0625 0.187112501103
1018.0625 0.18711215372
1020.0625 0.187111806338
1022.0625 0.187111458955
1024.0625 0.187110789313
1028.0625 0.187110074697
1032.0625 0.187109360081
1036.0625 0.187108645465
1040.0625 0.18710790402
1044.0625 0.187107179479
1048.0625 0.187106454938
1052.0625 0.187105730397
1056.0625 0.187105029428
1060.0625 0.187104299459
1064.0625 0.187103564993
1068.0625 0.187102830527
1072.0625 0.187102078847
1076.0625 0.187101334455
1080.0625 0.187100590064
1084.0625 0.187099845672
1088.0625 0.187099105158
1092.0625 0.187098350841
1096.0625 0.187097596524
1100.0625 0.187096842207
1104.0625 0.187096070366
1108.0625 0.187095306124
1112.0625 0.187094541882
1116.0625 0.18709377764
1120.0625 0.187093017586
1124.0625 0.187092243729
1128.0625 0.187091469562
1132.0625 0.187090695394
1136.0625 0.187089903393
1140.0625 0.1870891193
1144.0625 0.187088335208
1148.0625 0.187087551116
1152.0625 0.187086787339
1156.0625 0.187085983396
1160.0625 0.187085179453
1164.0625 0.18708437551
1168.0625 0.187083554043
1172.0625 0.187082740175
1176.0625 0.187081926307
1180.0625 0.187081112439
1184.0625 0.18708031501
1188.0625 0.187079491216
1192.0625 0.187078667423
1196.0625 0.18707784363
1200.0625 0.187076990526
1204.0625 0.187076156808
1208.0625 0.187075323089
1212.0625 0.187074489371
1216.0625 0.187073672556
1220.0625 0.187072828912
1224.0625 0.187071985269
1228.0625 0.187071141625
1232.0625 0.187070268051
1236.0625 0.187069414482
1240.0625 0.187068560913
1244.0625 0.187067707344
1248.0625 0.187066871454
1252.0625 0.18706600796
1256.0625 0.187065144466
1260.0625 0.187064280972
1264.0625 0.187063386771
1268.0625 0.187062513352
1272.0625 0.187061639933
1276.0625 0.187060766513
1280.0625 0.187059934966
1284.0625 0.187059041696
1288.0625 0.187058148426
1292.0625 0.187057255156
1296.0625 0.187056331335
1300.0625 0.18705542814
1304.0625 0.187054524945
1308.0625 0.18705362175
1312.0625 0.187052737785
1316.0625 0.187051824665
1320.0625 0.187050911545
1324.0625 0.187049998425
1328.0625 0.187049079256
1332.0625 0.187048156211
1336.0625 0.187047233165
1340.0625 0.18704631012
1344.0625 0.187045394053
1348.0625 0.187044461082
1352.0625 0.187043528112
1356.0625 0.187042595141
1360.0625 0.187041643405
1364.0625 0.187040700509
1368.0625 0.187039757613
1372.0625 0.187038814717
1376.0625 0.187037879265
1380.0625 0.187036926444
1384.0625 0.187035973623
1388.0625 0.187035020802
1392.0625 0.187034048751
1396.0625 0.187033086004
1400.0625 0.187032123258
1404.0625 0.187031160512
1408.0625 0.187030210327
1412.0625 0.18702922773
1416.0625 0.187028245133
1420.0625 0.187027262537
1424.0625 0.187026274357
1428.0625 0.187025281835
1432.0625 0.187024289313
1436.0625 0.187023296791
1440.0625 0.187022312798
1444.0625 0.187021310351
1448.0625 0.187020307904
1452.0625 0.187019305457
1456.0625 0.187018283469
1460.0625 0.187017271097
1464.0625 0.187016258724
1468.0625 0.187015246352
1472.0625 0.187014242664
1476.0625 0.187013220366
1480.0625 0.187012198068
1484.0625 0.187011175771
1488.0625 0.187010133623
1492.0625 0.1870091014
1496.0625 0.187008069177
1500.0625 0.187007036954
1504.0625 0.187006027993
1508.0625 0.187004985845
1512.0625 0.187003943697
1516.0625 0.187002901549
1520.0625 0.187001824973
1524.0625 0.187000772899
1528.0625 0.186999720826
1532.0625 0.186998668753
1536.0625 0.186997658396
1540.0625 0.186996586472
1544.0625 0.186995514549
1548.0625 0.186994442625
1552.0625 0.186993350695
1556.0625 0.186992268846
1560.0625 0.186991186997
1564.0625 0.186990105148
1568.0625 0.186989048423
1572.0625 0.186987956648
1576.0625 0.186986864874
1580.0625 0.1869857731
1584.0625 0.186984676208
1588.0625 0.186983574509
1592.0625 0.186982472809
1596.0625 0.18698137111
1600.0625 0.186980264603
1604.0625 0.186979152978
1608.0625 0.186978041353
1612.0625 0.186976929729
1616.0625 0.186975812986
1620.0625 0.186974691437
1624.0625 0.186973569887
1628.0625 0.186972448337
1632.0625 0.186971321979
1636.0625 0.186970190504
1640.0625 0.186969059029
1644.0625 0.186967927554
1648.0625 0.186966790961
1652.0625 0.186965649561
1656.0625 0.186964508161
1660.0625 0.18696336676
1664.0625 0.18696224521
1668.0625 0.18696108396
1672.0625 0.186959922709
1676.0625 0.186958761458
1680.0625 0.18695759571
1684.0625 0.186956430272
1688.0625 0.186955264989
1692.0625 0.186954093813
1696.0625 0.186952934423
1700.0625 0.186951753322
1704.0625 0.186950572221
1708.0625 0.18694939112
1712.0625 0.186948189083
1716.0625 0.186946998056
1720.0625 0.18694580703
1724.0625 0.186944616003
1728.0625 0.186943436453
1732.0625 0.186942235501
1736.0625 0.18694103455
1740.0625 0.186939833598
1744.0625 0.186938644743
1748.0625 0.186937401299
1752.0625 0.186936190422
1756.0625 0.186934979545
1760.0625 0.186933780454
1764.0625 0.186932559652
1768.0625 0.18693133885
1772.0625 0.186930118048
1776.0625 0.186928876155
1780.0625 0.186927645428
1784.0625 0.1869264147
1788.0625 0.186925183973
1792.0625 0.186923995428
1796.0625 0.18692274485
1800.0625 0.186921494272
1804.0625 0.186920243695
1808.0625 0.186918972336
1812.0625 0.186917711833
1816.0625 0.18691645133
1820.0625 0.186915190827
1824.0625 0.186913943041
1828.0625 0.186912672612
1832.0625 0.186911402184
1836.0625 0.186910131756
1840.0625 0.18690887482
1844.0625 0.186907594467
1848.0625 0.186906314113
1852.0625 0.18690503376
1856.0625 0.186903606234
1860.0625 0.186902315955
1864.0625 0.186901025677
1868.0625 0.186899735398
1872.0625 0.186898584383
1876.0625 0.186897284179
1880.0625 0.186895983975
1884.0625 0.186894683771
1888.0625 0.186893233759
1892.0625 0.186891923629
1896.0625 0.1868906135
1900.0625 0.186889303371
1904.0625 0.186888134987
1908.0625 0.186886814933
1912.0625 0.186885494878
1916.0625 0.186884174824
1920.0625 0.186882743886
1924.0625 0.186881403982
1928.0625 0.186880064077
1932.0625 0.186878724172
1936.0625 0.186877529424
1940.0625 0.186876179594
1944.0625 0.186874829764
1948.0625 0.186873479934
1952.0625 0.186872125762
1956.0625 0.186870766007
1960.0625 0.186869406251
1964.0625 0.186868046496
1968.0625 0.186866683174
1972.0625 0.186865313494
1976.0625 0.186863943813
1980.0625 0.186862574133
1984.0625 0.18686104751
1988.0625 0.186859667904
1992.0625 0.186858288299
1996.0625 0.186856908693
2000.0625 0.186855679051
2004.0625 0.186854289521
2008.0625 0.18685289999
2012.0625 0.186851510459
2016.0625 0.186850116741
2020.0625 0.186848717285
2024.0625 0.186847317829
2028.0625 0.186845918373
2032.0625 0.18684451566
2036.0625 0.186843106279
2040.0625 0.186841696897
2044.0625 0.186840287516
2048.0625 0.18683748023
2056.0625 0.186834622232
2064.0625 0.186831750741
2072.0625 0.186828872427
2080.0625 0.186825980932
2088.0625 0.186823082767
2096.0625 0.186820171111
2104.0625 0.186817253096
2112.0625 0.186814321279
2120.0625 0.186811384034
2128.0625 0.186808432677
2136.0625 0.186805474961
2144.0625 0.186802504064
2152.0625 0.186799526498
2160.0625 0.18679653544
2168.0625 0.186793538023
2176.0625 0.18679056573
2184.0625 0.186787528612
2192.0625 0.186784478623
2200.0625 0.186781421655
2208.0625 0.186778351816
2216.0625 0.186775274998
2224.0625 0.186772184997
2232.0625 0.186769088329
2240.0625 0.186766000345
2248.0625 0.186762883825
2256.0625 0.186759732568
2264.0625 0.186756596198
2272.0625 0.186753468668
2280.0625 0.186750312448
2288.0625 0.186747121335
2296.0625 0.186743945265
2304.0625 0.186740782066
2312.0625 0.186737566295
2320.0625 0.186734337806
2328.0625 0.186731102185
2336.0625 0.186727876333
2344.0625 0.186724620861
2352.0625 0.186721330185
2360.0625 0.186718054862
2368.0625 0.18671478993
2376.0625 0.186711494757
2384.0625 0.18670816376
2392.0625 0.186704848737
2400.0625 0.186701544259
2408.0625 0.186698209385
2416.0625 0.186694838532
2424.0625 0.186691483807
2432.0625 0.186688167233
2440.0625 0.186684772808
2448.0625 0.186681365976
2456.0625 0.1866779517
2464.0625 0.1866745489
2472.0625 0.186671114774
2480.0625 0.186667644359
2488.0625 0.186664190382
2496.0625 0.186660748347
2504.0625 0.18665727452
2512.0625 0.186653763938
2520.0625 0.186650270261
2528.0625 0.186646788835
2536.0625 0.186643275307
2544.0625 0.186639724714
2552.0625 0.186636191336
2560.0625 0.186632695022
2568.0625 0.186629121943
2576.0625 0.186625512264
2584.0625 0.186621919334
2592.0625 0.186618339587
2600.0625 0.186614726807
2608.0625 0.186611076652
2616.0625 0.186607444021
2624.0625 0.186603824883
2632.0625 0.186600172402
2640.0625 0.186596482236
2648.0625 0.186592809904
2656.0625 0.186589151375
2664.0625 0.186585459193
2672.0625 0.186581729016
2680.0625 0.186578025823
2688.0625 0.186574390091
2696.0625 0.186570638358
2704.0625 0.18656684894
2712.0625 0.186563077356
2720.0625 0.186559320505
2728.0625 0.186555529071
2736.0625 0.186551699332
2744.0625 0.186547888047
2752.0625 0.18654411817
2760.0625 0.186540287035
2768.0625 0.18653639092
2776.0625 0.186532539935
2784.0625 0.186528730977
2792.0625 0.186524860141
2800.0625 0.186520923705
2808.0625 0.186517033019
2816.0625 0.18651321398
2824.0625 0.186509283593
2832.0625 0.186505314436
2840.0625 0.186501364198
2848.0625 0.186497457538
2856.0625 0.18649348745
2864.0625 0.186489450832
2872.0625 0.186485460894
2880.0625 0.186481515308
2888.0625 0.186477505519
2896.0625 0.186473428425
2904.0625 0.186469398786
2912.0625 0.18646541412
2920.0625 0.18646136463
2928.0625 0.186457247214
2936.0625 0.186453177874
2944.0625 0.186449164673
2952.0625 0.186445055632
2960.0625 0.18644090689
2968.0625 0.186436777999
2976.0625 0.186432695631
2984.0625 0.186428546889
2992.0625 0.186424329291
3000.0625 0.186420160699
3008.0625 0.186416039406
3016.0625 0.186411850963
3024.0625 0.186407592888
3032.0625 0.186403384595
3040.0625 0.186399224222
3048.0625 0.186394996078
3056.0625 0.186390697682
3064.0625 0.186386449688
3072.0625 0.186382316144
3080.0625 0.186378028449
3088.0625 0.186373670657
3096.0625 0.186369363111
3104.0625 0.186365105037
3112.0625 0.186360777641
3120.0625 0.186356379062
3128.0625 0.186352031816
3136.0625 0.186347734661
3144.0625 0.186343367564
3152.0625 0.186338928664
3160.0625 0.186334541717
3168.0625 0.186330205481
3176.0625 0.186325798683
3184.0625 0.186321319463
3192.0625 0.186316892814
3200.0625 0.186312557199
3208.0625 0.18630809085
3216.0625 0.186303552078
3224.0625 0.186299065878
3232.0625 0.186294631941
3240.0625 0.186290125891
3248.0625 0.186285546488
3256.0625 0.186281020587
3264.0625 0.18627654757
3272.0625 0.186272001819
3280.0625 0.186267382094
3288.0625 0.186262816493
3296.0625 0.186258304395
3304.0625 0.186253718943
3312.0625 0.186248994848
3320.0625 0.186244389546
3328.0625 0.186239983213
3336.0625 0.18623533821
3344.0625 0.186230554099
3352.0625 0.186225889246
3360.0625 0.186221344115
3368.0625 0.186216659411
3376.0625 0.186211833893
3384.0625 0.186207129339
3392.0625 0.186202545748
3400.0625 0.186197821343
3408.0625 0.186192954884
3416.0625 0.186188210628
3424.0625 0.186183588577
3432.0625 0.186178824472
3440.0625 0.186173916916
3448.0625 0.186169132959
3456.0625 0.18616447524
3464.0625 0.186159651583
3472.0625 0.186154717197
3480.0625 0.18614987369
3488.0625 0.186145155178
3496.0625 0.18614029182
3504.0625 0.186135282996
3512.0625 0.186130399788
3520.0625 0.186125642971
3528.0625 0.186120739912
3536.0625 0.186115689991
3544.0625 0.186110767082
3552.0625 0.186105971805
3560.0625 0.186101029045
3568.0625 0.186095869171
3576.0625 0.186090906561
3584.0625 0.18608619999
3592.0625 0.186081197679
3600.0625 0.186076011597
3608.0625 0.186070989435
3616.0625 0.186066167019
3624.0625 0.186061125007
3632.0625 0.186055862779
3640.0625 0.186050800917
3648.0625 0.186045940816
3656.0625 0.186040859103
3664.0625 0.186035555159
3672.0625 0.186030453595
3680.0625 0.186025555654
3688.0625 0.186020434241
3696.0625 0.186015088579
3704.0625 0.186009947315
3712.0625 0.186005011224
3720.0625 0.185999830259
3728.0625 0.185994459629
3736.0625 0.185989258814
3744.0625 0.185984229674
3752.0625 0.185979009008
3760.0625 0.185973596816
3768.0625 0.1859683563
3776.0625 0.18596328901
3784.0625 0.185958028643
3792.0625 0.1859525752
3800.0625 0.185947294983
3808.0625 0.185942189542
3816.0625 0.185936889475
3824.0625 0.185931320806
3832.0625 0.185926000888
3840.0625 0.185921040914
3848.0625 0.185915681295
3856.0625 0.185910051679
3864.0625 0.18590467221
3872.0625 0.185899545524
3880.0625 0.185894146204
3888.0625 0.185888474251
3896.0625 0.18588305508
3904.0625 0.185877890864
3912.0625 0.185872451844
3920.0625 0.185866738018
3928.0625 0.185861279147
3936.0625 0.185856077401
3944.0625 0.18585059868
3952.0625 0.185844842828
3960.0625 0.185839344256
3968.0625 0.185834176628
3976.0625 0.185828638355
3984.0625 0.185822859705
3992.0625 0.185817301582
4000.0625 0.185812006632
4008.0625 0.185806428658
4016.0625 0.185800569522
4024.0625 0.185794971698
4032.0625 0.185789637977
4040.0625 0.185784020303
4048.0625 0.185778119294
4056.0625 0.185772481769
4064.0625 0.185767110519
4072.0625 0.185761453143
4080.0625 0.185754831626
4088.0625 0.185748846098
4096.0625 0.185738658324
4112.0625 0.185726060583
4128.0625 0.185715846912
4144.0625 0.185703109442
4160.0625 0.185692820246
4176.0625 0.18568007068
4192.0625 0.185669409908
4208.0625 0.185656549459
4224.0625 0.185645309612
4240.0625 0.185632827717
4256.0625 0.185621869499
4272.0625 0.185608919878
4288.0625 0.185598329978
4304.0625 0.185585107569
4320.0625 0.185574513792
4336.0625 0.185561242687
4352.0625 0.185550097595
4368.0625 0.185537008711
4384.0625 0.185525659377
4400.0625 0.185512352758
4416.0625 0.185501507129
4432.0625 0.18548775372
4448.0625 0.185476883898
4464.0625 0.185463114206
4480.0625 0.18545129575
4496.0625 0.185437838857
4512.0625 0.185426723696
4528.0625 0.185412763563
4544.0625 0.185401531626
4560.0625 0.18538744991
4576.0625 0.185375618117
4592.0625 0.185361676749
4608.0625 0.185350712327
4624.0625 0.185336364491
4640.0625 0.185324198032
4656.0625 0.185310303344
4672.0625 0.185298806527
4688.0625 0.185284372311
4704.0625 0.185272403891
4720.0625 0.185258142745
4736.0625 0.18524624985
4752.0625 0.185231586578
4768.0625 0.185219614436
4784.0625 0.185204968223
4800.0625 0.185192955139
4816.0625 0.185178165165
4832.0625 0.185165843004
4848.0625 0.185151214315
4864.0625 0.185139384694
4880.0625 0.185124254626
4896.0625 0.185111677976
4912.0625 0.185096861638
4928.0625 0.185084988128
4944.0625 0.185069514865
4960.0625 0.185056818648
4976.0625 0.18504169742
4992.0625 0.1850292926
5008.0625 0.185013896412
5024.0625 0.18500157053
5040.0625 0.18498591334
5056.0625 0.184972875632
5072.0625 0.184957431369
5088.0625 0.184944962346
5104.0625 0.184929165583
5120.0625 0.184916936006
5136.0625 0.184900987107
5152.0625 0.184887772917
5168.0625 0.184872001432
5184.0625 0.184858841676
5200.0625 0.184843053287
5216.0625 0.184830623189
5232.0625 0.184814083275
5248.0625 0.184801055493
5264.0625 0.184784797052
5280.0625 0.184771337678
5296.0625 0.184755133825
5312.0625 0.184741607146
5328.0625 0.184725383908
5344.0625 0.184712242916
5360.0625 0.18469562236
5376.0625 0.184683028341
5392.0625 0.184666088937
5408.0625 0.1846528535
5424.0625 0.184635864935
5440.0625 0.184622389743
5456.0625 0.184605562928
5472.0625 0.184591847359
5488.0625 0.184575053886
5504.0625 0.184560956662
5520.0625 0.184543992134
5536.0625 0.184530099928
5552.0625 0.184513066699
5568.0625 0.18449906671
5584.0625 0.184482002155
5600.0625 0.184467934706
5616.0625 0.184450711813
5632.0625 0.184436894976
5648.0625 0.184419632227
5664.0625 0.184405311529
5680.0625 0.184387918977
5696.0625 0.184373686986
5712.0625 0.184356197663
5728.0625 0.184341928298
5744.0625 0.184324306379
5760.0625 0.184309729643
5776.0625 0.184291951247
5792.0625 0.184277590384
5808.0625 0.184259737859
5824.0625 0.18424527061
5840.0625 0.184227421342
5856.0625 0.184212860889
5872.0625 0.184194597088
5888.0625 0.184180676657
5904.0625 0.184162130762
5920.0625 0.18414785659
5936.0625 0.184128865301
5952.0625 0.184114433566
5968.0625 0.184095585107
5984.0625 0.184080784278
6000.0625 0.184062142543
6016.0625 0.18404723967
6032.0625 0.18402872014
6048.0625 0.184013827036
6064.0625 0.183994885374
6080.0625 0.183980437355
6096.0625 0.18396087242
6112.0625 0.183945931551
6128.0625 0.183926598308
6144.0625 0.183911974116
6160.0625 0.183892901255
6176.0625 0.183877860204
6192.0625 0.183858448024
6208.0625 0.183843669216
6224.0625 0.183823625234
6240.0625 0.183808223153
6256.0625 0.183788907589
6272.0625 0.183773523808
6288.0625 0.183754032846
6304.0625 0.183737125544
6320.0625 0.183720751722
6336.0625 0.183700997432
6352.0625 0.183685625127
6368.0625 0.183665220115
6384.0625 0.183649807334
6400.0625 0.183630255425
6416.0625 0.183615027966
6432.0625 0.183594329075
6448.0625 0.183578606905
6464.0625 0.18355850911
6480.0625 0.183542853005
6496.0625 0.183522199398
6512.0625 0.183506335329
6528.0625 0.183485778802
6544.0625 0.18347003182
6560.0625 0.183449142488
6576.0625 0.183433079915
6592.0625 0.183412575495
6608.0625 0.183396677154
6624.0625 0.183375531472
6640.0625 0.183359373369
6656.0625 0.183339143133
6672.0625 0.18332312755
6688.0625 0.183301521586
6704.0625 0.183285442264
6720.0625 0.183264351636
6736.0625 0.183248302555
6752.0625 0.183226489868
6768.0625 0.183210495996
6784.0625 0.183188808149
6800.0625 0.183172261101
6816.0625 0.183150974915
6832.0625 0.183134689645
6848.0625 0.183112453585
6864.0625 0.183096154357
6880.0625 0.183074338723
6896.0625 0.18305756355
6912.0625 0.183036445318
6928.0625 0.183019938746
6944.0625 0.182997505422
6960.0625 0.182981041188
6976.0625 0.182958674704
6992.0625 0.182942007933
7008.0625 0.182919814676
7024.0625 0.182902730115
7040.0625 0.182880664645
7056.0625 0.182863679801
7072.0625 0.182840754404
7088.0625 0.182824262254
7104.0625 0.182801234813
7120.0625 0.182784457624
7136.0625 0.18276158604
7152.0625 0.182744521639
7168.0625 0.182722138407
7184.0625 0.182704862165
7200.0625 0.182682391157
7216.0625 0.182664782575
7232.0625 0.182642149661
7248.0625 0.182624723921
7264.0625 0.182601435633
7280.0625 0.182584363323
7296.0625 0.182560332194
7312.0625 0.182543421325
7328.0625 0.182519481073
7344.0625 0.182502483979
7360.0625 0.182478566369
7376.0625 0.182461429081
7392.0625 0.18243737717
7408.0625 0.182420160635
7424.0625 0.182396495343
7440.0625 0.182379276327
7456.0625 0.182355079881
7472.0625 0.182337725943
7488.0625 0.182313275629
7504.0625 0.182295994735
7520.0625 0.182271488591
7536.0625 0.182254075567
7552.0625 0.182229055328
7568.0625 0.182211714572
7584.0625 0.182186810954
7600.0625 0.182169495942
7616.0625 0.182144477253
7632.0625 0.182126919229
7648.0625 0.182102132077
7664.0625 0.182084183712
7680.0625 0.182060121101
7696.0625 0.18204158141
7712.0625 0.182017269273
7728.0625 0.181998219518
7744.0625 0.181973592411
7760.0625 0.181955277278
7776.0625 0.181930377382
7792.0625 0.181912165223
7808.0625 0.181886522331
7824.0625 0.181868810155
7840.0625 0.181843084915
7856.0625 0.181824752878
7872.0625 0.181799523899
7888.0625 0.181780310223
7904.0625 0.181754979355
7920.0625 0.181736558457
7936.0625 0.1817112783
7952.0625 0.181693317994
7968.0625 0.181667104092
7984.0625 0.181648446229
8000.0625 0.181622986178
8016.0625 0.181603576169
8032.0625 0.181577546038
8048.0625 0.181559284719
8064.0625 0.18153240319
8080.0625 0.181513860398
8096.0625 0.181487945493
8112.0625 0.181468265952
8128.0625 0.181441942097
8144.0625 0.181423673643
8160.0625 0.181396891522
8176.0625 0.181377642023
8192.0625 0.181332647123
8224.0625 0.181287093619
8256.0625 0.181240381655
8288.0625 0.181194936863
8320.0625 0.181147523156
8352.0625 0.18110154783
8384.0625 0.181054155369
8416.0625 0.181007890195
8448.0625 0.180960924984
8480.0625 0.180913849354
8512.0625 0.180866397652
8544.0625 0.180818304222
8576.0625 0.180771041098
8608.0625 0.180722292759
8640.0625 0.180674243527
8672.0625 0.180626125594
8704.0625 0.180577873981
8736.0625 0.180529200391
8768.0625 0.180480533159
8800.0625 0.180431375094
8832.0625 0.18038141867
8864.0625 0.180331994795
8896.0625 0.180282609691
8928.0625 0.180232963894
8960.0625 0.180183632293
8992.0625 0.180133456428
9024.0625 0.180082856104
9056.0625 0.180032384188
9088.0625 0.179981379722
9120.0625 0.179930688521
9152.0625 0.179879676921
9184.0625 0.179828544358
9216.0625 0.179777969158
9248.0625 0.179726349018
9280.0625 0.179674533785
9312.0625 0.179622756238
9344.0625 0.179570014703
9376.0625 0.17951760923
9408.0625 0.179464906001
9440.0625 0.179412319237
9472.0625 0.179360405063
9504.0625 0.179307499142
9536.0625 0.179254266929
9568.0625 0.179200872656
9600.0625 0.179146800211
9632.0625 0.17909300862
9664.0625 0.179039188803
9696.0625 0.17898508131
9728.0625 0.178931618801
9760.0625 0.178877052111
9792.0625 0.178822446031
9824.0625 0.178767703169
9856.0625 0.17871236805
9888.0625 0.178657069375
9920.0625 0.178601773492
9952.0625 0.178546397432
9984.0625 0.178491452033
10016.0625 0.178435636472
10048.0625 0.178379394746
10080.0625 0.178323328573
10112.0625 0.178266455975
10144.0625 0.178210023034
10176.0625 0.178153145009
10208.0625 0.178096270551
10240.0625 0.178040022312
10272.0625 0.177982824818
10304.0625 0.177925399665
10336.0625 0.177867835869
10368.0625 0.177809557302
10400.0625 0.177751409159
10432.0625 0.177693152304
10464.0625 0.177634925999
10496.0625 0.177577307305
10528.0625 0.177515886785
10560.0625 0.177453023697
10592.0625 0.177394203895
10624.0625 0.177334417626
10656.0625 0.177274842422
10688.0625 0.177215040799
10720.0625 0.177155166753
10752.0625 0.177097034273
10784.0625 0.177042649804
10816.0625 0.176982854694
10848.0625 0.176922191438
10880.0625 0.176860888006
10912.0625 0.1768000554
10944.0625 0.176738865642
10976.0625 0.176674867357
11008.0625 0.176610028685
11040.0625 0.176548199215
11072.0625 0.176486631834
11104.0625 0.176424645112
11136.0625 0.176361884687
11168.0625 0.176299737456
11200.0625 0.176237230745
11232.0625 0.176174548017
11264.0625 0.176112745687
11296.0625 0.176049376567
11328.0625 0.175986409109
11360.0625 0.175922836678
11392.0625 0.175858778531
11424.0625 0.175794984023
11456.0625 0.175730867411
11488.0625 0.175666718076
11520.0625 0.175603822421
11552.0625 0.175539401694
11584.0625 0.175474491374
11616.0625 0.175409793981
11648.0625 0.175344191997
11680.0625 0.175278738892
11712.0625 0.175213446451
11744.0625 0.175147882152
11776.0625 0.175083353953
11808.0625 0.17501747639
11840.0625 0.174951380006
11872.0625 0.17488526098
11904.0625 0.174817932009
11936.0625 0.174751286016
11968.0625 0.174684411123
12000.0625 0.174617558096
12032.0625 0.174551658821
12064.0625 0.174484240367
12096.0625 0.174416906122
12128.0625 0.174349079493
12160.0625 0.174280514676
12192.0625 0.174212128358
12224.0625 0.174144147423
12256.0625 0.174075808095
12288.0625 0.174008468267
12320.0625 0.173939641983
12352.0625 0.173870740794
12384.0625 0.173801784551
12416.0625 0.173732086243
12448.0625 0.173671830541
12480.0625 0.173602005531
12512.0625 0.173532230458
12544.0625 0.173463719144
12576.0625 0.173393634218
12608.0625 0.173323491291
12640.0625 0.173252811781
12672.0625 0.173181201473
12704.0625 0.173110283293
12736.0625 0.173039200417
12768.0625 0.172967955015
12800.0625 0.17289402267
12832.0625 0.172817922439
12864.0625 0.172744042512
12896.0625 0.172672276811
12928.0625 0.172599024964
12960.0625 0.172526743773
12992.0625 0.172454374805
13024.0625 0.172381935275
13056.0625 0.17231069282
13088.0625 0.172237459582
13120.0625 0.172163870123
13152.0625 0.172090442103
13184.0625 0.1720161433
13216.0625 0.171942744746
13248.0625 0.171868382204
13280.0625 0.171793930646
13312.0625 0.171725535333
13344.0625 0.171647327234
13376.0625 0.171572176879
13408.0625 0.171497513014
13440.0625 0.171421785445
13472.0625 0.171346110603
13504.0625 0.171271135645
13536.0625 0.171195415054
13568.0625 0.171121613443
13600.0625 0.171045813451
13632.0625 0.170969473774
13664.0625 0.17089473547
13696.0625 0.170824067902
13728.0625 0.170750453164
13760.0625 0.170673852951
13792.0625 0.170596798039
13824.0625 0.170521161658
13856.0625 0.170444016022
13888.0625 0.1703662665
13920.0625 0.170288800156
13952.0625 0.170209738488
13984.0625 0.170131488517
14016.0625 0.170053421853
14048.0625 0.169975156374
14080.0625 0.169897916604
14112.0625 0.169819105548
14144.0625 0.169740341016
14176.0625 0.169661363868
14208.0625 0.169580988814
14240.0625 0.169501400955
14272.0625 0.1694199394
14304.0625 0.16933090211
14336.0625 0.169253141422
14368.0625 0.169172812582
14400.0625 0.169092396587
14432.0625 0.169011838382
14464.0625 0.168930120477
14496.0625 0.16884875957
14528.0625 0.168767789158
14560.0625 0.168686462834
14592.0625 0.168607383952
14624.0625 0.168525806241
14656.0625 0.168443919763
14688.0625 0.168362033439
14720.0625 0.168278861645
14752.0625 0.168196372209
14784.0625 0.168114244113
14816.0625 0.168031407295
14848.0625 0.167950575371
14880.0625 0.167867262297
14912.0625 0.167783995437
14944.0625 0.167701202197
14976.0625 0.167616322799
15008.0625 0.16753234303
15040.0625 0.167448301538
15072.0625 0.167364817564
15104.0625 0.167282003387
15136.0625 0.167197264339
15168.0625 0.167112058649
15200.0625 0.167027480885
15232.0625 0.166941727448
15264.0625 0.166856976613
15296.0625 0.166772064958
15328.0625 0.16668639511
15360.0625 0.166602238547
15392.0625 0.166516385392
15424.0625 0.16643025154
15456.0625 0.166344223453
15488.0625 0.166256080209
15520.0625 0.166170577383
15552.0625 0.166083613069
15584.0625 0.165996691247
15616.0625 0.165911558446
15648.0625 0.165824331268
15680.0625 0.165736592166
15712.0625 0.165648812433
15744.0625 0.165559766459
15776.0625 0.165471360041
15808.0625 0.165382955019
15840.0625 0.16529481255
15872.0625 0.16520903368
15904.0625 0.165120397741
15936.0625 0.165030856747
15968.0625 0.164942001368
16000.0625 0.164851373096
16032.0625 0.164762240742
16064.0625 0.16467198265
16096.0625 0.164582651946
16128.0625 0.164494877021
16160.0625 0.164404245338
16192.0625 0.164314792895
16224.0625 0.164223909824
16256.0625 0.16413133745
16288.0625 0.164041494822
16320.0625 0.163949530213
16352.0625 0.163859584301
16384.0625 0.163809161235
16448.0625 0.163789082825
16512.0625 0.163766611196
16576.0625 0.163746315361
16640.0625 0.163727432475
16704.0625 0.163706845707
16768.0625 0.16368413091
16832.0625 0.1636632636
16896.0625 0.163644413435
16960.0625 0.163623718886
17024.0625 0.1636003498
17088.0625 0.163579192487
17152.0625 0.163560378922
17216.0625 0.163538773113
17280.0625 0.163515367118
17344.0625 0.163494112724
17408.0625 0.163474590591
17472.0625 0.163453164987
17536.0625 0.163429027937
17600.0625 0.163407321171
17664.0625 0.163387815942
17728.0625 0.163365883531
17792.0625 0.163341559298
17856.0625 0.163319520502
17920.0625 0.163299886555
17984.0625 0.163277411979
18048.0625 0.163252721288
18112.0625 0.163230216162
18176.0625 0.163210460476
18240.0625 0.163187702566
18304.0625 0.163162621845
18368.0625 0.163139869673
18432.0625 0.163119726749
18496.0625 0.163096840432
18560.0625 0.163071514992
18624.0625 0.163048184831
18688.0625 0.163027365286
18752.0625 0.163004657313
18816.0625 0.162978526844
18880.0625 0.162955590746
18944.0625 0.162934690403
19008.0625 0.162910668114
19072.0625 0.162884959622
19136.0625 0.162861051473
19200.0625 0.162839624473
19264.0625 0.162816155514
19328.0625 0.162789503507
19392.0625 0.162765774631
19456.0625 0.162744142769
19520.0625 0.162720361321
19584.0625 0.162693212587
19648.0625 0.162669201618
19712.0625 0.162647389086
19776.0625 0.162622847893
19840.0625 0.162595646897
19904.0625 0.16257123101
19968.0625 0.162549185856
20032.0625 0.162524263628
20096.0625 0.162496622665
20160.0625 0.162471873353
20224.0625 0.162449405446
20288.0625 0.162424548972
20352.0625 0.162396134618
20416.0625 0.16237110802
20480.0625 0.16234826435
20544.0625 0.16232278755
20608.0625 0.162295048576
20672.0625 0.162269578445
20736.0625 0.162246516885
20800.0625 0.162220748377
20864.0625 0.162192058288
20928.0625 0.162166294432
20992.0625 0.162142856024
21056.0625 0.162116775182
21120.0625 0.162088277394
21184.0625 0.162061992309
21248.0625 0.1620384562
21312.0625 0.16201215173
21376.0625 0.161982992829
21440.0625 0.16195642534
21504.0625 0.16193277323
21568.0625 0.161906103233
21632.0625 0.161876266781
21696.0625 0.161849415338
21760.0625 0.161825658393
21824.0625 0.161798676527
21888.0625 0.161768512387
21952.0625 0.161741377455
22016.0625 0.161717225517
22080.0625 0.161689868198
22144.0625 0.161659279755
22208.0625 0.161631875447
22272.0625 0.161607305719
22336.0625 0.161579682746
22400.0625 0.161548792979
22464.0625 0.161520861704
22528.0625 0.161496658589
22592.0625 0.161468838042
22656.0625 0.161437360671
22720.0625 0.161409104034
22784.0625 0.161384193127
22848.0625 0.161355983635
22912.0625 0.161324026132
22976.0625 0.161295670553
23040.0625 0.161271100981
23104.0625 0.161242288222
23168.0625 0.161210048315
23232.0625 0.161181056437
23296.0625 0.161156443441
23360.0625 0.161127282214
23424.0625 0.161094621106
23488.0625 0.161065313171
23552.0625 0.16104049004
23616.0625 0.1610109149
23680.0625 0.160977806226
23744.0625 0.160948177273
23808.0625 0.16092308492
23872.0625 0.160893152782
23936.0625 0.160859594217
24000.0625 0.160830348315
24064.0625 0.160804156589
24128.0625 0.160774628284
24192.0625 0.160740816005
24256.0625 0.160710526869
24320.0625 0.160684726415
24384.0625 0.160654172089
24448.0625 0.16061983517
24512.0625 0.160590055167
24576.0625 0.160563208377
24640.0625 0.160532866823
24704.0625 0.160498360865
24768.0625 0.160467529099
24832.0625 0.160440788694
24896.0625 0.160410270658
24960.0625 0.160375408943
25024.0625 0.160343996241
25088.0625 0.160317350592
25152.0625 0.160286294733
25216.0625 0.160251138052
25280.0625 0.160219357031
25344.0625 0.160192451775
25408.0625 0.160161168257
25472.0625 0.160125225002
25536.0625 0.16009349826
25600.0625 0.160066196461
25664.0625 0.160034692726
25728.0625 0.159998206686
25792.0625 0.15996671846
25856.0625 0.159939116268
25920.0625 0.159906778659
25984.0625 0.159870346123
26048.0625 0.159837767518
26112.0625 0.15981035561
26176.0625 0.159778057858
26240.0625 0.159740620703
26304.0625 0.159708438176
26368.0625 0.159680528612
26432.0625 0.15964755672
26496.0625 0.159610229828
26560.0625 0.159577179155
26624.0625 0.159549180729
26688.0625 0.159516106329
26752.0625 0.159478377465
26816.0625 0.159444708326
26880.0625 0.159416613905
26944.0625 0.15938335992
27008.0625 0.159345129367
27072.0625 0.159311194419
27136.0625 0.159282932975
27200.0625 0.159249265853
27264.0625 0.159210574087
27328.0625 0.159176703343
27392.0625 0.159148154378
27456.0625 0.159114038914
27520.0625 0.159074459772
27584.0625 0.159040330507
27648.0625 0.159011871489
27712.0625 0.158977608543
27776.0625 0.158937543996
27840.0625 0.158902885902
27904.0625 0.15887424699
27968.0625 0.158839552297
28032.0625 0.158799096944
28096.0625 0.15876438054
28160.0625 0.158735390833
28224.0625 0.15870043917
28288.0625 0.158659770115
28352.0625 0.158624782163
28416.0625 0.158595191824
28480.0625 0.15855988642
28544.0625 0.158519263735
28608.0625 0.158483874897
28672.0625 0.158453674623
28736.0625 0.158418105115
28800.0625 0.158377134581
28864.0625 0.15834133059
28928.0625 0.158310973994
28992.0625 0.158275112312
29056.0625 0.158233176241
29120.0625 0.158197119777
29184.0625 0.158167128553
29248.0625 0.158130940114
29312.0625 0.158088565162
29376.0625 0.158052310503
29440.0625 0.158022199712
29504.0625 0.157985642644
29568.0625 0.157943184258
29632.0625 0.15790613124
29696.0625 0.157875589941
29760.0625 0.157838780867
29824.0625 0.157795572816
29888.0625 0.157758912464
29952.0625 0.157728032778
30016.0625 0.157690827315
30080.0625 0.157646920467
30144.0625 0.157609773779
30208.0625 0.157579152149
30272.0625 0.157541685373
30336.0625 0.157497146257
30400.0625 0.157459606593
30464.0625 0.157428851747
30528.0625 0.157391048755
30592.0625 0.157346308033
30656.0625 0.157308447505
30720.0625 0.157277291929
30784.0625 0.157239153185
30848.0625 0.157194104161
30912.0625 0.157156283799
30976.0625 0.157124479361
31040.0625 0.157086141492
31104.0625 0.157041015083
31168.0625 0.157001855127
31232.0625 0.156970645892
31296.0625 0.156931850067
31360.0625 0.156885620097
31424.0625 0.156847196313
31488.0625 0.156815346281
31552.0625 0.156776301085
31616.0625 0.156729962248
31680.0625 0.156690365582
31744.0625 0.156658866965
31808.0625 0.156619383354
31872.0625 0.156572733733
31936.0625 0.156532710748
32000.0625 0.156500973616
32064.0625 0.156461252574
32128.0625 0.156414607451
32192.0625 0.156374345175
32256.0625 0.156339193767
32320.0625 0.156298770826
32384.0625 0.156254404472
32448.0625 0.156213672764
32512.0625 0.156181169218
32576.0625 0.156140706577
32640.0625 0.156092855384
32704.0625 0.156052860313
32768.0625 0.155978564922
32896.0625 0.155889575088
33024.0625 0.155815196573
33152.0625 0.155726336077
33280.0625 0.155650541512
33408.0625 0.155560821864
33536.0625 0.155484795762
33664.0625 0.155394055367
33792.0625 0.155317805173
33920.0625 0.155226398547
34048.0625 0.155149114424
34176.0625 0.155057656466
34304.0625 0.154979561887
34432.0625 0.154887223221
34560.0625 0.154808909047
34688.0625 0.154715402461
34816.0625 0.154636726792
34944.0625 0.154542669202
35072.0625 0.154463556667
35200.0625 0.154368556801
35328.0625 0.154288821304
35456.0625 0.154193124502
35584.0625 0.15411299975
35712.0625 0.15401644116
35840.0625 0.153935725547
35968.0625 0.153838443346
36096.0625 0.153757346698
36224.0625 0.153658944653
36352.0625 0.153577370198
36480.0625 0.153478937757
36608.0625 0.15339641777
36736.0625 0.15329701638
36864.0625 0.153214087288
36992.0625 0.153113746103
37120.0625 0.153030373943
37248.0625 0.152929416154
37376.0625 0.15284570359
37504.0625 0.15274402219
37632.0625 0.152659477768
37760.0625 0.152557698977
37888.0625 0.152471996562
38016.0625 0.152369401111
38144.0625 0.15228352609
38272.0625 0.152180060787
38400.0625 0.152093684387
38528.0625 0.151988989907
38656.0625 0.151902601721
38784.0625 0.151797285675
38912.0625 0.15171029143
39040.0625 0.151604011241
39168.0625 0.151516629602
39296.0625 0.151409812521
39424.0625 0.151321773957
39552.0625 0.151214093847
39680.0625 0.151125489856
39808.0625 0.151017018675
39936.0625 0.150928058305
40064.0625 0.150818876386
40192.0625 0.15072936129
40320.0625 0.150620392762
40448.0625 0.150527193239
40576.0625 0.150422471155
40704.0625 0.150324064457
40832.0625 0.150220151899
40960.0625 0.150121642227
41088.0625 0.150016792976
41216.0625 0.149917803172
41344.0625 0.149815567666
41472.0625 0.149709464425
41600.0625 0.149613117987
41728.0625 0.149499352941
41856.0625 0.149406218242
41984.0625 0.149291796116
42112.0625 0.149198013486
42240.0625 0.149082695298
42368.0625 0.148988410669
42496.0625 0.148872396476
42624.0625 0.148777765859
42752.0625 0.148660830637
42880.0625 0.148565684684
43008.0625 0.148447752132
43136.0625 0.148352503206
43264.0625 0.148233768572
43392.0625 0.148137993608
43520.0625 0.148018086558
43648.0625 0.147922210481
43776.0625 0.147801635649
43904.0625 0.14770514514
44032.0625 0.147584862326
44160.0625 0.147485146275
44288.0625 0.147364639059
44416.0625 0.147266994898
44544.0625 0.147144867079
44672.0625 0.14704463228
44800.0625 0.146922033013
44928.0625 0.146823846377
45056.0625 0.146699539197
45184.0625 0.146600007227
45312.0625 0.146475290942
45440.0625 0.146375279771
45568.0625 0.146249457444
45696.0625 0.1461493754
45824.0625 0.146022663991
45952.0625 0.145922230998
46080.0625 0.145794543195
46208.0625 0.145693764525
46336.0625 0.145565415144
46464.0625 0.145464048715
46592.0625 0.145334743101
46720.0625 0.145233067594
46848.0625 0.145102815517
46976.0625 0.145000806896
47104.0625 0.144869371391
47232.0625 0.144767235137
47360.0625 0.144635100836
47488.0625 0.14453246708
47616.0625 0.144399404925
47744.0625 0.144296255369
47872.0625 0.144162320725
48000.0625 0.144058950487
48128.0625 0.143924203836
48256.0625 0.143820481718
48384.0625 0.143684769995
48512.0625 0.143580547429
48640.0625 0.143444211347
48768.0625 0.143338814658
48896.0625 0.143201986193
49024.0625 0.143096444658
49152.0625 0.142958730986
49280.0625 0.142852773057
49408.0625 0.142714069811
49536.0625 0.142607831649
49664.0625 0.142468134795
49792.0625 0.142361504122
49920.0625 0.142221518196
50048.0625 0.142113658192
50176.0625 0.141973007431
50304.0625 0.141864728086
50432.0625 0.141723503213
50560.0625 0.141615041957
50688.0625 0.141472295579
50816.0625 0.141363797724
50944.0625 0.141220085498
51072.0625 0.141111237624
51200.0625 0.140966804734
51328.0625 0.14085745424
51456.0625 0.140711993004
51584.0625 0.140602403685
51712.0625 0.140455779027
51840.0625 0.14034599322
51968.0625 0.140198734899
52096.0625 0.140088414215
52224.0625 0.13994012119
52352.0625 0.139828632742
52480.0625 0.139680377557
52608.0625 0.139568528699
52736.0625 0.13941937311
52864.0625 0.13930720587
52992.0625 0.139156978202
53120.0625 0.139044662084
53248.0625 0.138893484076
53376.0625 0.138780826624
53504.0625 0.138628665709
53632.0625 0.138515048456
53760.0625 0.138362677871
53888.0625 0.138248411913
54016.0625 0.138095126346
54144.0625 0.137980659712
54272.0625 0.13782637418
54400.0625 0.137711900567
54528.0625 0.137556363527
54656.0625 0.137441533691
54784.0625 0.137285115478
54912.0625 0.137169752937
55040.0625 0.137012755028
55168.0625 0.136897049602
55296.0625 0.136738827945
55424.0625 0.136623150589
55552.0625 0.136463769077
55680.0625 0.136347865457
55808.0625 0.136187490492
55936.0625 0.136070649404
56064.0625 0.135910309952
56192.0625 0.135792545353
56320.0625 0.135631513618
56448.0625 0.135513289513
56576.0625 0.135351267736
56704.0625 0.135232824035
56832.0625 0.135069799967
56960.0625 0.134951215607
57088.0625 0.1347873755
57216.0625 0.134667809008
57344.0625 0.134503426891
57472.0625 0.134383734008
57600.0625 0.134218212816
57728.0625 0.13409818108
57856.0625 0.133931905106
57984.0625 0.133811361446
58112.0625 0.133643801397
58240.0625 0.133523503075
58368.0625 0.133354927707
58496.0625 0.133234509663
58624.0625 0.133064540577
58752.0625 0.132943903712
58880.0625 0.132773072838
59008.0625 0.132651723529
59136.0625 0.132480412057
59264.0625 0.132358023081
59392.0625 0.132186443783
59520.0625 0.132063370122
59648.0625 0.131891605812
59776.0625 0.131767170224
59904.0625 0.131594731774
60032.0625 0.131470671329
60160.0625 0.131296986644
60288.0625 0.131172390392
60416.0625 0.130997858496
60544.0625 0.130873099098
60672.0625 0.13069750691
60800.0625 0.130572048404
60928.0625 0.130395823018
61056.0625 0.13026997014
61184.0625 0.130092906537
61312.0625 0.129965978014
61440.0625 0.129788908208
61568.0625 0.129661516766
61696.0625 0.129483401866
61824.0625 0.129355422975
61952.0625 0.129176508319
62080.0625 0.129048482903
62208.0625 0.128868595265
62336.0625 0.128739998219
62464.0625 0.12855943334
62592.0625 0.12843053373
62720.0625 0.128248788215
62848.0625 0.128119764074
62976.0625 0.127936939192
63104.0625 0.127807412276
63232.0625 0.127623626043
63360.0625 0.127494034924
63488.0625 0.127309516396
63616.0625 0.127178819235
63744.0625 0.126994270466
63872.0625 0.126862084057
64000.0625 0.126677547849
64128.0625 0.126544719712
64256.0625 0.12635945245
64384.0625 0.126226626795
64512.0625 0.126039906108
64640.0625 0.125906444153
64768.0625 0.125719362127
64896.0625 0.125585217503
65024.0625 0.125397391085
65152.0625 0.12526292141
65280.0625 0.125074270578
65408.0625 0.124939418007
65536.0625 0.124614507704
65792.0625 0.124288707232
66048.0625 0.12396105028
66304.0625 0.123632255804
66560.0625 0.123302430345
66816.0625 0.122971465193
67072.0625 0.122638153346
67328.0625 0.122304464031
67584.0625 0.121969305938
67840.0625 0.121633364683
68096.0625 0.121294801464
68352.0625 0.120955940023
68608.0625 0.120616287511
68864.0625 0.120275217864
69120.0625 0.119932792184
69376.0625 0.119588885475
69632.0625 0.119243328697
69888.0625 0.118896935255
70144.0625 0.1185492047
70400.0625 0.118200321113
70656.0625 0.117849664944
70912.0625 0.117497493472
71168.0625 0.117144708344
71424.0625 0.116790876724
71680.0625 0.116435236078
71936.0625 0.116078328106
72192.0625 0.115720353172
72448.0625 0.115362415924
72704.0625 0.115001882144
72960.0625 0.114639734896
73216.0625 0.114276758737
73472.0625 0.113912852864
73728.0625 0.113547624766
73984.0625 0.113181667784
74240.0625 0.112813573003
74496.0625 0.112444036584
74752.0625 0.112073281689
75008.0625 0.111701049641
75264.0625 0.111326351332
75520.0625 0.110952606309
75776.0625 0.110576927264
76032.0625 0.110200243446
76288.0625 0.109821671199
76544.0625 0.109442573381
76800.0625 0.109062306402
77056.0625 0.108680463796
77312.0625 0.108297345798
77568.0625 0.107913592121
77824.0625 0.107526737123
78080.0625 0.107139650588
78336.0625 0.106751527178
78592.0625 0.106360707209
78848.0625 0.105970720959
79104.0625 0.105578306132
79360.0625 0.105186440138
79616.0625 0.104792003667
79872.0625 0.104395143892
80128.0625 0.103997350991
80384.0625 0.103599365324
80640.0625 0.103199379569
80896.0625 0.102798064301
81152.0625 0.10239521419
81408.0625 0.10199210959
81664.0625 0.101587618096
81920.0625 0.101181907195
82176.0625 0.100773690487
82432.0625 0.10036522875
82688.0625 0.0999554892954
82944.0625 0.0995454646461
83200.0625 0.0991330132804
83456.0625 0.0987190864687
83712.0625 0.098303982743
83968.0625 0.0978878864953
84224.0625 0.097470190116
84480.0625 0.097051534247
84736.0625 0.0966311507694
84992.0625 0.0962096316295
85248.0625 0.0957889178281
85504.0625 0.0953655950896
85760.0625 0.0949408060549
86016.0625 0.0945146907626
86272.0625 0.0940872447154
86528.0625 0.0936572950314
86784.0625 0.0932266403466
87040.0625 0.0927957645155
87296.0625 0.0923627708905
87552.0625 0.0919292713895
87808.0625 0.0914942792284
88064.0625 0.0910570444327
88320.0625 0.0906185823216
88576.0625 0.0901798649462
88832.0625 0.0897396680926
89088.0625 0.0892983225499
89344.0625 0.0888547891165
89600.0625 0.0884111043235
89856.0625 0.0879662843334
90112.0625 0.0875200591492
90368.0625 0.0870721072869
90624.0625 0.0866223330611
90880.0625 0.0861716619986
91136.0625 0.0857199740662
91392.0625 0.0852672142101
91648.0625 0.0848132989964
91904.0625 0.0843579005825
92160.0625 0.083900960968
92416.0625 0.0834436279116
92672.0625 0.0829841731843
92928.0625 0.0825237264002
93184.0625 0.0820625673265
93440.0625 0.0815997208103
93696.0625 0.0811354965494
93952.0625 0.0806700756792
94208.0625 0.080203468435
94464.0625 0.07973535783
94720.0625 0.0792663085164
94976.0625 0.0787947085763
95232.0625 0.0783213394656
95488.0625 0.0778482236032
95744.0625 0.0773740476032
96000.0625 0.0768980610259
96256.0625 0.0764206726663
96512.0625 0.075942539605
96768.0625 0.0754634644232
97024.0625 0.0749829248062
97280.0625 0.074501223163
97536.0625 0.0740170507604
97792.0625 0.0735326310026
98048.0625 0.0730468111684
98304.0625 0.0725601802577
98560.0625 0.0720723240475
98816.0625 0.0715820104148
99072.0625 0.071090896096
99328.0625 0.0705984128722
99584.0625 0.0701046016849
99840.0625 0.069610283536
100096.0625 0.0691151619096
100352.0625 0.0686175941816
100608.0625 0.0681192178583
100864.0625 0.0676195452081
101120.0625 0.0671181016816
101376.0625 0.0666165232342
101632.0625 0.0661127962867
101888.0625 0.0656072993933
102144.0625 0.0650992408626
102400.0625 0.0645917274436
102656.0625 0.0640832123528
102912.0625 0.0635736445683
103168.0625 0.0630621390396
103424.0625 0.0625493360985
103680.0625 0.0620358326541
103936.0625 0.0615205957078
104192.0625 0.0610045168238
104448.0625 0.0604865386558
104704.0625 0.0599676227096
104960.0625 0.0594472891628
105216.0625 0.058926162684
105472.0625 0.0584042952254
105728.0625 0.0578807152011
105984.0625 0.0573561877835
106240.0625 0.0568306284532
106496.0625 0.0563008091873
106752.0625 0.0557714216685
107008.0625 0.0552414780273
107264.0625 0.0547098343819
107520.0625 0.0541777385186
107776.0625 0.0536436943657
108032.0625 0.0531094731096
108288.0625 0.0525726505153
108544.0625 0.0520346364293
108800.0625 0.0514931136229
109056.0625 0.0509518508883
109312.0625 0.0504097994089
109568.0625 0.049867203283
109824.0625 0.0493236289025
110080.0625 0.0487778608934
110336.0625 0.0482314001348
110592.0625 0.0476830630444
110848.0625 0.0471336265808
111104.0625 0.0465818902576
111360.0625 0.0460301683569
111616.0625 0.0454773066068
111872.0625 0.0449234614844
112128.0625 0.0443674585571
112384.0625 0.0438097607434
112640.0625 0.0432511938526
112896.0625 0.0426913720418
113152.0625 0.0421309412257
113408.0625 0.0415697407397
113664.0625 0.0410064654175
113920.0625 0.0404423883236
114176.0625 0.0398763365761
114432.0625 0.0393099706333
114688.0625 0.0387410870964
114944.0625 0.0381720883339
115200.0625 0.0376014926965
115456.0625 0.0370286821842
115712.0625 0.0364539177993
115968.0625 0.0358779983668
116224.0625 0.0353010332194
116480.0625 0.0347224803469
116736.0625 0.0341431460183
116992.0625 0.033563053496
117248.0625 0.0329803390097
117504.0625 0.0323983526313
117760.0625 0.031815489887
118016.0625 0.0312300737247
118272.0625 0.0306429487186
118528.0625 0.0300557517547
118784.0625 0.0294663788413
119040.0625 0.0288758721266
119296.0625 0.0282850076387
119552.0625 0.0276921112722
119808.0625 0.0270980851364
120064.0625 0.0265031961269
120320.0625 0.0259065382569
120576.0625 0.0253089351649
120832.0625 0.0247099378895
121088.0625 0.0241095605433
121344.0625 0.023506574415
121600.0625 0.0229032920809
121856.0625 0.0222999957895
122112.0625 0.0216950540826
122368.0625 0.0210888641243
122624.0625 0.0204799833456
122880.0625 0.0198711590167
123136.0625 0.0192600962404
123392.0625 0.0186468893065
123648.0625 0.0180342389602
123904.0625 0.0174187340276
124160.0625 0.0168025814743
124416.0625 0.0161844840432
124672.0625 0.0155675325097
124928.0625 0.0149484504657
125184.0625 0.0143278239643
125440.0625 0.0137059693721
125696.0625 0.0130806915093
125952.0625 0.0124553589028
126208.0625 0.0118298237598
126464.0625 0.0112029118025
126720.0625 0.0105747408932
126976.0625 0.00994541167962
127232.0625 0.00931482196309
127488.0625 0.00868181995279
127744.0625 0.00804939469084
128000.0625 0.00741498795173
128256.0625 0.00677879482805
128512.0625 0.00614138601998
128768.0625 0.00550318924248
129024.0625 0.00486303425004
129280.0625 0.00422215394112
129536.0625 0.00357897594372
129792.0625 0.00293510100976
130048.0625 0.00229044942732
130304.0625 0.00164438117478
130560.0625 0.000997235880759
130816.0625 0.000348566600193
131072.0625 5.08965292617e-05
