0 1
0.0625 0.747865853659
0.125 0.746465558308
0.1875 0.280548780488
2.0625 0.280546882443
2.125 0.28054354784
2.1875 0.280539751751
2.25 0.280535955662
2.3125 0.280532159573
2.375 0.280528363484
2.4375 0.280524567395
2.5 0.280520771306
2.5625 0.280516975217
2.625 0.280513179128
2.6875 0.280509383039
2.75 0.28050558695
2.8125 0.280501790861
2.875 0.280497994772
2.9375 0.280494198683
3.0 0.280490402594
3.0625 0.280486606505
3.125 0.280482810416
3.1875 0.280479014327
3.25 0.280475218238
3.3125 0.280471422149
3.375 0.28046762606
3.4375 0.280463829971
3.5 0.280460033882
3.5625 0.280456237793
3.625 0.280452441704
3.6875 0.280448645615
3.75 0.280444849526
3.8125 0.280441053437
3.875 0.280437257348
3.9375 0.280433461259
4.0 0.280429657727
4.0625 0.266816629549
4.125 0.264999754371
4.1875 0.264999523628
6.0625 0.264999516185
6.1875 0.264999501298
6.25 0.264999486411
6.3125 0.264999471525
6.375 0.264999456638
6.4375 0.264999441752
6.5 0.264999426865
6.5625 0.264999411978
6.625 0.264999397092
6.6875 0.264999382205
6.75 0.264999367319
6.8125 0.264999352432
6.875 0.264999337545
6.9375 0.264999322659
7.0 0.264999307772
7.0625 0.264999292885
7.125 0.264999277999
7.1875 0.264999263112
7.25 0.264999248226
7.3125 0.264999233339
7.375 0.264999218452
7.4375 0.264999203566
7.5 0.264999188679
7.5625 0.264999173792
7.625 0.264999158906
7.6875 0.264999144019
7.75 0.264999129133
7.8125 0.264999114246
7.875 0.264999099359
7.9375 0.264999084473
8.0 0.264999069586
8.0625 0.264999047256
8.125 0.264999039813
8.1875 0.264999024926
8.25 0.26499901004
8.3125 0.264998995153
8.375 0.264998980266
8.4375 0.26499896538
8.5 0.264998950493
8.5625 0.264998935606
8.625 0.26499892072
8.6875 0.264998905833
8.75 0.264998890947
8.8125 0.26499887606
8.875 0.264998861173
8.9375 0.264998846287
9.0 0.2649988314
9.0625 0.264998816513
9.125 0.264998801627
9.1875 0.26499878674
9.25 0.264998771854
9.3125 0.264998756967
9.375 0.26499874208
9.4375 0.264998727194
9.5 0.264998712307
9.5625 0.26499869742
9.625 0.264998682534
9.6875 0.264998667647
9.75 0.264998652761
9.8125 0.264998637874
9.875 0.264998622987
9.9375 0.264998608101
10.0 0.264998593214
10.0625 0.264998570884
10.125 0.264998563441
10.1875 0.264998548554
10.25 0.264998533668
10.3125 0.264998518781
10.375 0.264998503894
10.4375 0.264998489008
10.5 0.264998474121
10.5625 0.264998459234
10.625 0.264998444348
10.6875 0.264998429461
10.75 0.264998414575
10.8125 0.264998399688
10.875 0.264998384801
10.9375 0.264998369915
11.0 0.264998355028
11.0625 0.264998340141
11.125 0.264998325255
11.1875 0.264998310368
11.25 0.264998295482
11.3125 0.264998280595
11.375 0.264998265708
11.4375 0.264998250822
11.5 0.264998235935
11.5625 0.264998221048
11.625 0.264998206162
11.6875 0.264998191275
11.75 0.264998176389
11.8125 0.264998161502
11.875 0.264998146615
11.9375 0.264998131729
12.0 0.264998116842
12.0625 0.264998094512
12.125 0.264998087069
12.1875 0.264998072182
12.25 0.264998057296
12.3125 0.264998042409
12.375 0.264998027522
12.4375 0.264998012636
12.5 0.264997997749
12.5625 0.264997982863
12.625 0.264997967976
12.6875 0.264997953089
12.75 0.264997938203
12.8125 0.264997923316
12.875 0.264997908429
12.9375 0.264997893543
13.0 0.264997878656
13.0625 0.26499786377
13.125 0.264997848883
13.1875 0.264997833996
13.25 0.26499781911
13.3125 0.264997804223
13.375 0.264997789336
13.4375 0.26499777445
13.5 0.264997759563
13.5625 0.264997744677
13.625 0.26499772979
13.6875 0.264997714903
13.75 0.264997700017
13.8125 0.26499768513
13.875 0.264997670243
13.9375 0.264997655357
14.0 0.26499764047
14.0625 0.26499761814
14.125 0.264997610697
14.1875 0.26499759581
14.25 0.264997580924
14.3125 0.264997566037
14.375 0.26499755115
14.4375 0.264997536264
14.5 0.264997521377
14.5625 0.264997506491
14.625 0.264997491604
14.6875 0.264997476717
14.75 0.264997461831
14.8125 0.264997446944
14.875 0.264997432057
14.9375 0.264997417171
15.0 0.264997402284
15.0625 0.264997387398
15.125 0.264997372511
15.1875 0.264997357624
15.25 0.264997342738
15.3125 0.264997327851
15.375 0.264997312964
15.4375 0.264997298078
15.5 0.264997283191
15.5625 0.264997268305
15.625 0.264997253418
15.6875 0.264997238531
15.75 0.264997223645
15.8125 0.264997208758
15.875 0.264997193871
15.9375 0.264997178985
16.0 0.264997164098
16.0625 0.264995243724
16.125 0.26499523628
16.1875 0.264991425305
16.25 0.264987614329
16.3125 0.264983803354
16.375 0.264979992378
16.4375 0.264976181402
16.5 0.264972370427
16.5625 0.264968559451
16.625 0.264964748476
16.6875 0.2649609375
16.75 0.264957126524
16.8125 0.264953315549
16.875 0.264949504573
16.9375 0.264945693598
17.0 0.264941882622
17.0625 0.264938071646
17.125 0.264934260671
17.1875 0.264930449695
17.25 0.26492663872
17.3125 0.264922827744
17.375 0.264919016768
17.4375 0.264915205793
17.5 0.264911394817
17.5625 0.264907583841
17.625 0.264903772866
17.6875 0.26489996189
17.75 0.264896150915
17.8125 0.264892339939
17.875 0.264888528963
17.9375 0.264884717988
18.0 0.264880907012
18.0625 0.264877088593
18.125 0.264873285061
18.1875 0.264869474085
18.25 0.26486566311
18.3125 0.264861852134
18.375 0.264858041159
18.4375 0.264854230183
18.5 0.264850419207
18.5625 0.264846608232
18.625 0.264842797256
18.6875 0.26483898628
18.75 0.264835175305
18.8125 0.264831364329
18.875 0.264827553354
18.9375 0.264823742378
19.0 0.264819931402
19.0625 0.264816120427
19.125 0.264812309451
19.1875 0.264808498476
19.25 0.2648046875
19.3125 0.264800876524
19.375 0.264797065549
19.4375 0.264793254573
19.5 0.264789443598
19.5625 0.264785632622
19.625 0.264781821646
19.6875 0.264778010671
19.75 0.264774199695
19.8125 0.26477038872
19.875 0.264766577744
19.9375 0.264762766768
20.0 0.264758955793
20.0625 0.264755144817
20.125 0.264751333841
20.1875 0.264747537752
20.25 0.264743726777
20.3125 0.264739915801
20.375 0.264736104826
20.4375 0.26473229385
20.5 0.264728482874
20.5625 0.264724671899
20.625 0.264720860923
20.6875 0.264717049948
20.75 0.264713238972
20.8125 0.264709427996
20.875 0.264705617021
20.9375 0.264701806045
21.0 0.26469799507
21.0625 0.264694184094
21.125 0.264690373118
21.1875 0.264686562143
21.25 0.264682751167
21.3125 0.264678940192
21.375 0.264675129216
21.4375 0.26467131824
21.5 0.264667507265
21.5625 0.264663696289
21.625 0.264659885313
21.6875 0.264656074338
21.75 0.264652263362
21.8125 0.264648452387
21.875 0.264644641411
21.9375 0.264640830435
22.0 0.26463701946
22.0625 0.264633208484
22.125 0.264629382622
22.1875 0.264625586533
22.25 0.264621775557
22.3125 0.264617964582
22.375 0.264614153606
22.4375 0.264610342631
22.5 0.264606531655
22.5625 0.264602720679
22.625 0.264598909704
22.6875 0.264595098728
22.75 0.264591287752
22.8125 0.264587476777
22.875 0.264583665801
22.9375 0.264579854826
23.0 0.26457604385
23.0625 0.264572232874
23.125 0.264568421899
23.1875 0.264564610923
23.25 0.264560799948
23.3125 0.264556988972
23.375 0.264553177996
23.4375 0.264549367021
23.5 0.264545556045
23.5625 0.26454174507
23.625 0.264537934094
23.6875 0.264534123118
23.75 0.264530312143
23.8125 0.264526501167
23.875 0.264522690192
23.9375 0.264518879216
24.0 0.26451506824
24.0625 0.264511257265
24.125 0.264507438846
24.1875 0.264503635313
24.25 0.264499824338
24.3125 0.264496013362
24.375 0.264492202387
24.4375 0.264488391411
24.5 0.264484580435
24.5625 0.26448076946
24.625 0.264476958484
24.6875 0.264473147509
24.75 0.264469336533
24.8125 0.264465525557
24.875 0.264461714582
24.9375 0.264457903606
25.0 0.264454092631
25.0625 0.264450281655
25.125 0.264446470679
25.1875 0.264442659704
25.25 0.264438848728
25.3125 0.264435037752
25.375 0.264431226777
25.4375 0.264427415801
25.5 0.264423604826
25.5625 0.26441979385
25.625 0.264415982874
25.6875 0.264412171899
25.75 0.264408360923
25.8125 0.264404549948
25.875 0.264400738972
25.9375 0.264396927996
26.0 0.264393117021
26.0625 0.264389306045
26.125 0.264385487626
26.1875 0.264381684094
26.25 0.264377873118
26.3125 0.264374062143
26.375 0.264370251167
26.4375 0.264366440192
26.5 0.264362629216
26.5625 0.26435881824
26.625 0.264355007265
26.6875 0.264351196289
26.75 0.264347385313
26.8125 0.264343574338
26.875 0.264339763362
26.9375 0.264335952387
27.0 0.264332141411
27.0625 0.264328330435
27.125 0.26432451946
27.1875 0.264320708484
27.25 0.264316897509
27.3125 0.264313086533
27.375 0.264309275557
27.4375 0.264305464582
27.5 0.264301653606
27.5625 0.264297842631
27.625 0.264294031655
27.6875 0.264290220679
27.75 0.264286409704
27.8125 0.264282598728
27.875 0.264278787752
27.9375 0.264274976777
28.0 0.264271165801
28.0625 0.264267354826
28.125 0.264263536407
28.1875 0.264259732874
28.25 0.264255921899
28.3125 0.264252110923
28.375 0.264248299948
28.4375 0.264244488972
28.5 0.264240677996
28.5625 0.264236867021
28.625 0.264233056045
28.6875 0.26422924507
28.75 0.264225434094
28.8125 0.264221623118
28.875 0.264217812143
28.9375 0.264214001167
29.0 0.264210190192
29.0625 0.264206379216
29.125 0.26420256824
29.1875 0.264198757265
29.25 0.264194946289
29.3125 0.264191135313
29.375 0.264187324338
29.4375 0.264183513362
29.5 0.264179702387
29.5625 0.264175891411
29.625 0.264172080435
29.6875 0.26416826946
29.75 0.264164458484
29.8125 0.264160647509
29.875 0.264156836533
29.9375 0.264153025557
30.0 0.264149214582
30.0625 0.264145403606
30.125 0.264141585187
30.1875 0.264137781655
30.25 0.264133970679
30.3125 0.264130159704
30.375 0.264126348728
30.4375 0.264122537752
30.5 0.264118726777
30.5625 0.264114915801
30.625 0.264111104826
30.6875 0.26410729385
30.75 0.264103482874
30.8125 0.264099671899
30.875 0.264095860923
30.9375 0.264092049948
31.0 0.264088238972
31.0625 0.264084427996
31.125 0.264080617021
31.1875 0.264076806045
31.25 0.26407299507
31.3125 0.264069184094
31.375 0.264065373118
31.4375 0.264061562143
31.5 0.264057751167
31.5625 0.264053940192
31.625 0.264050129216
31.6875 0.26404631824
31.75 0.264042507265
31.8125 0.264038696289
31.875 0.264034885313
31.9375 0.264031074338
32.0 0.264027255919
32.0625 0.140601173959
32.1875 0.140599253585
32.3125 0.140599223811
32.4375 0.140599194038
32.5625 0.140599164265
32.6875 0.140599134492
32.8125 0.140599104718
32.9375 0.140599074945
33.0625 0.140599045172
33.1875 0.140599015399
33.3125 0.140598985625
33.4375 0.140598955852
33.5625 0.140598926079
33.6875 0.140598896306
33.8125 0.140598866532
33.9375 0.140598836759
34.0625 0.140598799543
34.1875 0.140598777213
34.3125 0.14059874744
34.4375 0.140598717666
34.5625 0.140598687893
34.6875 0.14059865812
34.8125 0.140598628347
34.9375 0.140598598573
35.0625 0.1405985688
35.1875 0.140598539027
35.3125 0.140598509254
35.4375 0.14059847948
35.5625 0.140598449707
35.6875 0.140598419934
35.8125 0.140598390161
35.9375 0.140598360387
36.0625 0.140598330614
36.1875 0.140598315727
36.3125 0.140598285954
36.4375 0.140598256181
36.5625 0.140598226408
36.6875 0.140598196634
36.8125 0.140598166861
36.9375 0.140598137088
37.0625 0.140598107315
37.1875 0.140598077541
37.3125 0.140598047768
37.4375 0.140598017995
37.5625 0.140597988222
37.6875 0.140597958448
37.8125 0.140597928675
37.9375 0.140597898902
38.0625 0.140597869129
38.1875 0.140597839355
38.3125 0.140597809582
38.4375 0.140597779809
38.5625 0.140597750036
38.6875 0.140597720262
38.8125 0.140597690489
38.9375 0.140597660716
39.0625 0.140597630943
39.1875 0.140597601169
39.3125 0.140597571396
39.4375 0.140597541623
39.5625 0.14059751185
39.6875 0.140597482077
39.8125 0.140597452303
39.9375 0.14059742253
40.0625 0.140597392757
40.1875 0.140597362984
40.3125 0.14059733321
40.4375 0.140597303437
40.5625 0.140597273664
40.6875 0.140597243891
40.8125 0.140597214117
40.9375 0.140597184344
41.0625 0.140597154571
41.1875 0.140597124798
41.3125 0.140597095024
41.4375 0.140597065251
41.5625 0.140597035478
41.6875 0.140597005705
41.8125 0.140596975931
41.9375 0.140596946158
42.0625 0.140596916385
42.1875 0.140596886612
42.3125 0.140596856838
42.4375 0.140596827065
42.5625 0.140596797292
42.6875 0.140596767519
42.8125 0.140596737745
42.9375 0.140596707972
43.0625 0.140596678199
43.1875 0.140596648426
43.3125 0.140596618652
43.4375 0.140596588879
43.5625 0.140596559106
43.6875 0.140596529333
43.8125 0.140596499559
43.9375 0.140596469786
44.0625 0.140596440013
44.1875 0.14059641024
44.3125 0.140596380466
44.4375 0.140596350693
44.5625 0.14059632092
44.6875 0.140596291147
44.8125 0.140596261373
44.9375 0.1405962316
45.0625 0.140596201827
45.1875 0.140596172054
45.3125 0.14059614228
45.4375 0.140596112507
45.5625 0.140596082734
45.6875 0.140596052961
45.8125 0.140596023187
45.9375 0.140595993414
46.0625 0.140595963641
46.1875 0.140595933868
46.3125 0.140595904094
46.4375 0.140595874321
46.5625 0.140595844548
46.6875 0.140595814775
46.8125 0.140595785001
46.9375 0.140595755228
47.0625 0.140595725455
47.1875 0.140595695682
47.3125 0.140595665908
47.4375 0.140595636135
47.5625 0.140595606362
47.6875 0.140595576589
47.8125 0.140595546815
47.9375 0.140595517042
48.0625 0.140595479826
48.1875 0.140595435166
48.3125 0.140595375619
48.4375 0.140595316073
48.5625 0.140595256526
48.6875 0.14059519698
48.8125 0.140595137433
48.9375 0.140595077887
49.0625 0.14059501834
49.1875 0.140594958794
49.3125 0.140594899247
49.4375 0.140594839701
49.5625 0.140594780154
49.6875 0.140594720608
49.8125 0.140594661061
49.9375 0.140594601515
50.0625 0.140594541968
50.1875 0.140594482422
50.3125 0.140594422875
50.4375 0.140594363329
50.5625 0.140594303782
50.6875 0.140594244236
50.8125 0.140594184689
50.9375 0.140594125143
51.0625 0.140594065596
51.1875 0.14059400605
51.3125 0.140593946503
51.4375 0.140593886957
51.5625 0.14059382741
51.6875 0.140593767864
51.8125 0.140593708317
51.9375 0.140593648771
52.0625 0.140593589224
52.1875 0.140593529678
52.3125 0.140593485018
52.4375 0.140593425472
52.5625 0.140593365925
52.6875 0.140593306379
52.8125 0.140593246832
52.9375 0.140593187286
53.0625 0.140593127739
53.1875 0.140593068193
53.3125 0.140593008646
53.4375 0.1405929491
53.5625 0.140592889553
53.6875 0.140592830007
53.8125 0.14059277046
53.9375 0.140592710914
54.0625 0.140592651367
54.1875 0.140592576934
54.3125 0.140592532274
54.4375 0.140592472728
54.5625 0.140592413181
54.6875 0.140592353635
54.8125 0.140592294088
54.9375 0.140592234542
55.0625 0.140592174995
55.1875 0.140592115449
55.3125 0.140592055902
55.4375 0.140591996356
55.5625 0.140591936809
55.6875 0.140591877263
55.8125 0.140591817716
55.9375 0.14059175817
56.0625 0.140591698623
56.1875 0.140591631633
56.3125 0.14059157953
56.4375 0.140591519984
56.5625 0.140591460437
56.6875 0.140591400891
56.8125 0.140591341344
56.9375 0.140591281798
57.0625 0.140591222251
57.1875 0.140591162705
57.3125 0.140591103158
57.4375 0.140591043612
57.5625 0.140590984065
57.6875 0.140590924519
57.8125 0.140590864972
57.9375 0.140590805426
58.0625 0.140590745879
58.1875 0.14059067889
58.3125 0.140590626786
58.4375 0.14059056724
58.5625 0.140590507693
58.6875 0.140590448147
58.8125 0.1405903886
58.9375 0.140590329054
59.0625 0.140590269507
59.1875 0.140590209961
59.3125 0.140590150414
59.4375 0.140590090868
59.5625 0.140590031321
59.6875 0.140589971775
59.8125 0.140589912228
59.9375 0.140589852682
60.0625 0.140589793135
60.1875 0.140589726146
60.3125 0.140589674042
60.4375 0.140589614496
60.5625 0.14058955495
60.6875 0.140589495403
60.8125 0.140589435857
60.9375 0.14058937631
61.0625 0.140589316764
61.1875 0.140589257217
61.3125 0.140589197671
61.4375 0.140589138124
61.5625 0.140589078578
61.6875 0.140589019031
61.8125 0.140588959485
61.9375 0.140588899938
62.0625 0.140588840392
62.1875 0.140588773402
62.3125 0.140588721299
62.4375 0.140588661752
62.5625 0.140588602206
62.6875 0.140588542659
62.8125 0.140588483113
62.9375 0.140588423566
63.0625 0.14058836402
63.1875 0.140588304473
63.3125 0.140588244927
63.4375 0.14058818538
63.5625 0.140588125834
63.6875 0.140588066287
63.8125 0.140588006741
63.9375 0.140587947194
64.0625 0.140587835544
64.3125 0.140587723895
64.5625 0.140587604802
64.8125 0.140587485709
65.0625 0.140587366616
65.3125 0.140587247523
65.5625 0.14058712843
65.8125 0.140587009337
66.0625 0.140586882801
66.3125 0.140586771151
66.5625 0.140586652058
66.8125 0.140586532965
67.0625 0.140586413872
67.3125 0.140586294779
67.5625 0.140586175686
67.8125 0.140586056593
68.0625 0.1405859375
68.3125 0.140585833294
68.5625 0.140585714201
68.8125 0.140585595108
69.0625 0.140585476015
69.3125 0.140585356922
69.5625 0.140585237829
69.8125 0.140585118736
70.0625 0.140584999643
70.3125 0.14058488055
70.5625 0.140584761457
70.8125 0.140584642364
71.0625 0.140584523271
71.3125 0.140584404178
71.5625 0.140584285085
71.8125 0.140584165992
72.0625 0.140584046899
72.3125 0.140583927806
72.5625 0.140583808713
72.8125 0.14058368962
73.0625 0.140583570527
73.3125 0.140583451434
73.5625 0.140583332341
73.8125 0.140583213248
74.0625 0.140583094155
74.3125 0.140582975062
74.5625 0.140582855969
74.8125 0.140582736876
75.0625 0.140582617783
75.3125 0.14058249869
75.5625 0.140582379597
75.8125 0.140582260504
76.0625 0.140582141411
76.3125 0.140582022318
76.5625 0.140581903225
76.8125 0.140581784132
77.0625 0.140581665039
77.3125 0.140581545946
77.5625 0.140581426853
77.8125 0.14058130776
78.0625 0.140581188667
78.3125 0.140581069574
78.5625 0.140580950481
78.8125 0.140580831388
79.0625 0.140580712295
79.3125 0.140580593202
79.5625 0.140580474109
79.8125 0.140580355016
80.0625 0.140580235923
80.3125 0.140580131717
80.5625 0.140580012624
80.8125 0.140579893531
81.0625 0.140579774438
81.3125 0.140579655345
81.5625 0.140579536252
81.8125 0.140579417159
82.0625 0.140579298066
82.3125 0.140579178973
82.5625 0.14057905988
82.8125 0.140578940787
83.0625 0.140578821694
83.3125 0.140578702601
83.5625 0.140578583508
83.8125 0.140578464415
84.0625 0.140578345322
84.3125 0.140578241116
84.5625 0.140578122023
84.8125 0.14057800293
85.0625 0.140577883837
85.3125 0.140577764744
85.5625 0.140577645651
85.8125 0.140577526558
86.0625 0.140577407465
86.3125 0.140577288372
86.5625 0.140577169279
86.8125 0.140577050186
87.0625 0.140576931093
87.3125 0.140576812
87.5625 0.140576692907
87.8125 0.140576573814
88.0625 0.140576454721
88.3125 0.140576335628
88.5625 0.140576216535
88.8125 0.140576097442
89.0625 0.140575978349
89.3125 0.140575859256
89.5625 0.140575740163
89.8125 0.14057562107
90.0625 0.140575501977
90.3125 0.140575382884
90.5625 0.140575263791
90.8125 0.140575144698
91.0625 0.140575025605
91.3125 0.140574906512
91.5625 0.140574787419
91.8125 0.140574668326
92.0625 0.140574549233
92.3125 0.14057443014
92.5625 0.140574311047
92.8125 0.140574191954
93.0625 0.140574072861
93.3125 0.140573953768
93.5625 0.140573834675
93.8125 0.140573715582
94.0625 0.140573596489
94.3125 0.140573477396
94.5625 0.140573358303
94.8125 0.14057323921
95.0625 0.140573120117
95.3125 0.140573001024
95.5625 0.140572881931
95.8125 0.140572762838
96.0625 0.140572636302
96.3125 0.140572539539
96.5625 0.140572420446
96.8125 0.140572301353
97.0625 0.14057218226
97.3125 0.140572063167
97.5625 0.140571944074
97.8125 0.140571824981
98.0625 0.140571705888
98.3125 0.140571586795
98.5625 0.140571467702
98.8125 0.140571348609
99.0625 0.140571229516
99.3125 0.140571110423
99.5625 0.14057099133
99.8125 0.140570872237
100.0625 0.140570753144
100.3125 0.140570648938
100.5625 0.140570529845
100.8125 0.140570410752
101.0625 0.140570291659
101.3125 0.140570172566
101.5625 0.140570053473
101.8125 0.14056993438
102.0625 0.140569815287
102.3125 0.140569696194
102.5625 0.140569577101
102.8125 0.140569458008
103.0625 0.140569338915
103.3125 0.140569219822
103.5625 0.140569100729
103.8125 0.140568981636
104.0625 0.140568862543
104.3125 0.14056874345
104.5625 0.140568624357
104.8125 0.140568505264
105.0625 0.140568386171
105.3125 0.140568267078
105.5625 0.140568147985
105.8125 0.140568028892
106.0625 0.140567909799
106.3125 0.140567790706
106.5625 0.140567671613
106.8125 0.14056755252
107.0625 0.140567433427
107.3125 0.140567314334
107.5625 0.140567195241
107.8125 0.140567076148
108.0625 0.140566957055
108.3125 0.140566837962
108.5625 0.140566718869
108.8125 0.140566599776
109.0625 0.140566480683
109.3125 0.14056636159
109.5625 0.140566242497
109.8125 0.140566123404
110.0625 0.140566004311
110.3125 0.140565885218
110.5625 0.140565766125
110.8125 0.140565647032
111.0625 0.140565527939
111.3125 0.140565408846
111.5625 0.140565289753
111.8125 0.14056517066
112.0625 0.140565051567
112.3125 0.140564947361
112.5625 0.140564828268
112.8125 0.140564709175
113.0625 0.140564590082
113.3125 0.140564470989
113.5625 0.140564351896
113.8125 0.140564232803
114.0625 0.14056411371
114.3125 0.140563994617
114.5625 0.140563875524
114.8125 0.140563756431
115.0625 0.140563637338
115.3125 0.140563518245
115.5625 0.140563399152
115.8125 0.140563280059
116.0625 0.140563160966
116.3125 0.140563041873
116.5625 0.140562937667
116.8125 0.140562818574
117.0625 0.140562699481
117.3125 0.140562580388
117.5625 0.140562461295
117.8125 0.140562342202
118.0625 0.140562223109
118.3125 0.140562089129
118.5625 0.140561984923
118.8125 0.14056186583
119.0625 0.140561746737
119.3125 0.140561627644
119.5625 0.140561508551
119.8125 0.140561389458
120.0625 0.140561270365
120.3125 0.140561143829
120.5625 0.140561032179
120.8125 0.140560913086
121.0625 0.140560793993
121.3125 0.1405606749
121.5625 0.140560555807
121.8125 0.140560436714
122.0625 0.140560317621
122.3125 0.140560191085
122.5625 0.140560079435
122.8125 0.140559960342
123.0625 0.140559841249
123.3125 0.140559722156
123.5625 0.140559603063
123.8125 0.14055948397
124.0625 0.140559364877
124.3125 0.140559238341
124.5625 0.140559126691
124.8125 0.140559007598
125.0625 0.140558888505
125.3125 0.140558769412
125.5625 0.140558650319
125.8125 0.140558531226
126.0625 0.140558412133
126.3125 0.140558285597
126.5625 0.140558173947
126.8125 0.140558054854
127.0625 0.140557935761
127.3125 0.140557816668
127.5625 0.140557697575
127.8125 0.140557578482
128.0625 0.14055734774
128.5625 0.140557116997
129.0625 0.140556878811
129.5625 0.140556640625
130.0625 0.140556394996
130.5625 0.140556164253
131.0625 0.140555926067
131.5625 0.140555687881
132.0625 0.140555449695
132.5625 0.140555226396
133.0625 0.14055498821
133.5625 0.140554750024
134.0625 0.140554511838
134.5625 0.140554273652
135.0625 0.140554035466
135.5625 0.14055379728
136.0625 0.140553559094
136.5625 0.140553320908
137.0625 0.140553082722
137.5625 0.140552844536
138.0625 0.14055260635
138.5625 0.140552368164
139.0625 0.140552129978
139.5625 0.140551891792
140.0625 0.140551653606
140.5625 0.14055141542
141.0625 0.140551177234
141.5625 0.140550939048
142.0625 0.140550700862
142.5625 0.140550462676
143.0625 0.14055022449
143.5625 0.140549986304
144.0625 0.140549748118
144.5625 0.140549524819
145.0625 0.140549286633
145.5625 0.140549048447
146.0625 0.140548810261
146.5625 0.140548572075
147.0625 0.140548333889
147.5625 0.140548095703
148.0625 0.140547857517
148.5625 0.140547634218
149.0625 0.140547396032
149.5625 0.140547157846
150.0625 0.14054691966
150.5625 0.140546681474
151.0625 0.140546443288
151.5625 0.140546205102
152.0625 0.140545966916
152.5625 0.14054572873
153.0625 0.140545490544
153.5625 0.140545252358
154.0625 0.140545014172
154.5625 0.140544775986
155.0625 0.1405445378
155.5625 0.140544299614
156.0625 0.140544061428
156.5625 0.140543823242
157.0625 0.140543585056
157.5625 0.14054334687
158.0625 0.140543108684
158.5625 0.140542870498
159.0625 0.140542632312
159.5625 0.140542394126
160.0625 0.140542148497
160.5625 0.140541932641
161.0625 0.140541694455
161.5625 0.140541456269
162.0625 0.140541218083
162.5625 0.140540979897
163.0625 0.140540741711
163.5625 0.140540503525
164.0625 0.140540265339
164.5625 0.14054004204
165.0625 0.140539803854
165.5625 0.140539565668
166.0625 0.140539327482
166.5625 0.140539089296
167.0625 0.14053885111
167.5625 0.140538612924
168.0625 0.140538374738
168.5625 0.140538136552
169.0625 0.140537898366
169.5625 0.14053766018
170.0625 0.140537421994
170.5625 0.140537183808
171.0625 0.140536945622
171.5625 0.140536707436
172.0625 0.14053646925
172.5625 0.140536231064
173.0625 0.140535992878
173.5625 0.140535754692
174.0625 0.140535516506
174.5625 0.14053527832
175.0625 0.140535040134
175.5625 0.140534801948
176.0625 0.140534563762
176.5625 0.140534340463
177.0625 0.140534102277
177.5625 0.140533864091
178.0625 0.140533625905
178.5625 0.140533387719
179.0625 0.140533149533
179.5625 0.140532911347
180.0625 0.140532673161
180.5625 0.140532449862
181.0625 0.140532211676
181.5625 0.14053197349
182.0625 0.140531735304
182.5625 0.140531497118
183.0625 0.140531258932
183.5625 0.140531020746
184.0625 0.14053078256
184.5625 0.140530544374
185.0625 0.140530306188
185.5625 0.140530068002
186.0625 0.140529829816
186.5625 0.14052959163
187.0625 0.140529353444
187.5625 0.140529115258
188.0625 0.140528877072
188.5625 0.140528638886
189.0625 0.1405284007
189.5625 0.140528162514
190.0625 0.140527924328
190.5625 0.140527686142
191.0625 0.140527447956
191.5625 0.14052720977
192.0625 0.140526971584
192.5625 0.140526755728
193.0625 0.140526517542
193.5625 0.140526279356
194.0625 0.14052604117
194.5625 0.140525802984
195.0625 0.140525564798
195.5625 0.140525326613
196.0625 0.140525088427
196.5625 0.140524872571
197.0625 0.140524634385
197.5625 0.140524396199
198.0625 0.140524158013
198.5625 0.140523919827
199.0625 0.140523681641
199.5625 0.140523443455
200.0625 0.140523205269
200.5625 0.140522967083
201.0625 0.140522728897
201.5625 0.140522490711
202.0625 0.140522252525
202.5625 0.140522014339
203.0625 0.140521776153
203.5625 0.140521537967
204.0625 0.140521299781
204.5625 0.140521061595
205.0625 0.140520823409
205.5625 0.140520585223
206.0625 0.140520347037
206.5625 0.140520108851
207.0625 0.140519870665
207.5625 0.140519632479
208.0625 0.140519394293
208.5625 0.14051916355
209.0625 0.140518925364
209.5625 0.140518687178
210.0625 0.140518448992
210.5625 0.140518210806
211.0625 0.140517972621
211.5625 0.140517734435
212.0625 0.140517496249
212.5625 0.140517272949
213.0625 0.14051702732
213.5625 0.140516789134
214.0625 0.140516550948
214.5625 0.140516320205
215.0625 0.140516074576
215.5625 0.14051583639
216.0625 0.140515598204
216.5625 0.140515367461
217.0625 0.140515121832
217.5625 0.140514883646
218.0625 0.14051464546
218.5625 0.140514414718
219.0625 0.140514169088
219.5625 0.140513930902
220.0625 0.140513692716
220.5625 0.140513461974
221.0625 0.140513216344
221.5625 0.140512978158
222.0625 0.140512739972
222.5625 0.14051250923
223.0625 0.1405122636
223.5625 0.140512025414
224.0625 0.140511787228
224.5625 0.140511578816
225.0625 0.140511333186
225.5625 0.140511095
226.0625 0.140510856815
226.5625 0.140510626072
227.0625 0.140510380443
227.5625 0.140510142257
228.0625 0.140509904071
228.5625 0.140509680771
229.0625 0.140509450029
229.5625 0.140509211843
230.0625 0.140508973657
230.5625 0.140508728027
231.0625 0.140508497285
231.5625 0.140508259099
232.0625 0.140508020913
232.5625 0.140507775283
233.0625 0.140507544541
233.5625 0.140507306355
234.0625 0.140507068169
234.5625 0.14050682254
235.0625 0.140506591797
235.5625 0.140506353611
236.0625 0.140506115425
236.5625 0.140505869796
237.0625 0.140505639053
237.5625 0.140505400867
238.0625 0.140505162681
238.5625 0.140504917052
239.0625 0.140504686309
239.5625 0.140504448123
240.0625 0.140504209937
240.5625 0.140503979194
241.0625 0.140503741008
241.5625 0.140503502823
242.0625 0.140503264637
242.5625 0.140503019007
243.0625 0.140502788265
243.5625 0.140502550079
244.0625 0.140502311893
244.5625 0.140502066263
245.0625 0.140501842964
245.5625 0.140501604778
246.0625 0.140501366592
246.5625 0.140501113519
247.0625 0.14050089022
247.5625 0.140500652034
248.0625 0.140500413848
248.5625 0.140500168219
249.0625 0.140499937476
249.5625 0.14049969929
250.0625 0.140499475991
250.5625 0.140499230362
251.0625 0.140498999619
251.5625 0.140498761433
252.0625 0.140498523247
252.5625 0.140498277618
253.0625 0.140498046875
253.5625 0.140497808689
254.0625 0.140497570503
254.5625 0.140497324874
255.0625 0.140497094131
255.5625 0.140496855945
256.0625 0.140496379573
257.0625 0.140495918088
258.0625 0.140495434273
259.0625 0.140494965344
260.0625 0.140494488972
261.0625 0.140494027487
262.0625 0.140493551115
263.0625 0.140493074743
264.0625 0.140492598371
265.0625 0.140492121999
266.0625 0.140491645627
267.0625 0.140491169255
268.0625 0.140490692883
269.0625 0.140490216511
270.0625 0.140489740139
271.0625 0.140489263767
272.0625 0.140488787395
273.0625 0.14048832591
274.0625 0.140487849538
275.0625 0.140487380609
276.0625 0.140486896794
277.0625 0.140486435309
278.0625 0.14048596638
279.0625 0.140485482565
280.0625 0.140485006193
281.0625 0.140484537264
282.0625 0.140484053449
283.0625 0.140483577077
284.0625 0.140483108148
285.0625 0.140482624333
286.0625 0.140482147961
287.0625 0.140481679032
288.0625 0.140481195217
289.0625 0.140480733732
290.0625 0.14048025736
291.0625 0.140479780988
292.0625 0.140479304616
293.0625 0.140478843131
294.0625 0.140478366759
295.0625 0.140477890387
296.0625 0.140477414015
297.0625 0.140476937643
298.0625 0.140476461271
299.0625 0.140475984899
300.0625 0.140475508527
301.0625 0.140475032155
302.0625 0.140474555783
303.0625 0.140474079411
304.0625 0.140473603039
305.0625 0.140473141554
306.0625 0.140472665182
307.0625 0.14047218881
308.0625 0.140471712438
309.0625 0.140471250953
310.0625 0.140470774581
311.0625 0.140470298209
312.0625 0.140469821837
313.0625 0.140469345465
314.0625 0.140468869093
315.0625 0.140468392721
316.0625 0.140467916349
317.0625 0.140467439977
318.0625 0.140466963605
319.0625 0.140466487233
320.0625 0.140466010861
321.0625 0.140465549376
322.0625 0.140465073004
323.0625 0.140464596632
324.0625 0.14046412026
325.0625 0.140463658775
326.0625 0.140463182403
327.0625 0.140462706031
328.0625 0.140462229659
329.0625 0.140461753287
330.0625 0.140461276915
331.0625 0.140460800543
332.0625 0.140460324171
333.0625 0.140459847799
334.0625 0.140459371427
335.0625 0.140458895055
336.0625 0.140458418683
337.0625 0.140457957198
338.0625 0.140457480826
339.0625 0.140457004454
340.0625 0.140456528082
341.0625 0.140456066597
342.0625 0.140455590225
343.0625 0.140455113853
344.0625 0.140454637481
345.0625 0.140454161109
346.0625 0.140453684737
347.0625 0.140453208365
348.0625 0.140452731993
349.0625 0.140452255621
350.0625 0.140451779249
351.0625 0.140451302877
352.0625 0.140450826505
353.0625 0.14045036502
354.0625 0.140449888648
355.0625 0.140449412276
356.0625 0.140448935904
357.0625 0.140448474419
358.0625 0.140447998047
359.0625 0.140447521675
360.0625 0.140447045303
361.0625 0.140446568931
362.0625 0.140446092559
363.0625 0.140445616187
364.0625 0.140445139815
365.0625 0.140444663443
366.0625 0.140444187071
367.0625 0.140443710699
368.0625 0.140443234327
369.0625 0.140442772842
370.0625 0.14044229647
371.0625 0.140441820098
372.0625 0.140441343726
373.0625 0.140440882241
374.0625 0.140440405869
375.0625 0.140439929497
376.0625 0.140439453125
377.0625 0.140438976753
378.0625 0.140438500381
379.0625 0.140438024009
380.0625 0.140437547637
381.0625 0.140437071265
382.0625 0.140436594893
383.0625 0.140436118521
384.0625 0.140435642149
385.0625 0.140435180664
386.0625 0.140434704292
387.0625 0.14043422792
388.0625 0.140433751548
389.0625 0.140433290063
390.0625 0.140432813691
391.0625 0.140432337319
392.0625 0.140431860947
393.0625 0.140431384575
394.0625 0.140430908203
395.0625 0.140430431831
396.0625 0.140429955459
397.0625 0.140429479087
398.0625 0.140429002715
399.0625 0.140428526343
400.0625 0.140428049971
401.0625 0.140427581043
402.0625 0.140427097228
403.0625 0.140426628299
404.0625 0.140426151927
405.0625 0.140425690442
406.0625 0.14042521407
407.0625 0.140424730254
408.0625 0.140424261326
409.0625 0.140423784954
410.0625 0.140423308582
411.0625 0.14042283221
412.0625 0.140422348395
413.0625 0.140421879466
414.0625 0.140421403094
415.0625 0.140420926722
416.0625 0.14042045035
417.0625 0.140419996308
418.0625 0.140419519936
419.0625 0.140419043564
420.0625 0.140418567192
421.0625 0.14041811315
422.0625 0.140417629335
423.0625 0.140417160406
424.0625 0.140416676591
425.0625 0.140416207662
426.0625 0.140415723847
427.0625 0.140415254919
428.0625 0.140414771103
429.0625 0.140414302175
430.0625 0.140413818359
431.0625 0.140413349431
432.0625 0.140412865615
433.0625 0.140412411573
434.0625 0.140411927758
435.0625 0.14041145883
436.0625 0.140410975014
437.0625 0.140410513529
438.0625 0.140410037157
439.0625 0.140409560785
440.0625 0.140409084413
441.0625 0.140408608041
442.0625 0.140408131669
443.0625 0.140407655297
444.0625 0.140407178925
445.0625 0.140406702553
446.0625 0.140406226181
447.0625 0.140405749809
448.0625 0.140405273438
449.0625 0.140404819395
450.0625 0.14040433558
451.0625 0.140403859208
452.0625 0.140403382836
453.0625 0.140402921351
454.0625 0.140402444979
455.0625 0.140401968607
456.0625 0.140401492235
457.0625 0.140401015863
458.0625 0.140400539491
459.0625 0.140400063119
460.0625 0.140399586747
461.0625 0.140399110375
462.0625 0.140398634003
463.0625 0.140398157631
464.0625 0.14039768126
465.0625 0.140397219774
466.0625 0.140396743402
467.0625 0.14039626703
468.0625 0.140395790658
469.0625 0.140395329173
470.0625 0.140394852801
471.0625 0.140394376429
472.0625 0.140393900057
473.0625 0.140393423685
474.0625 0.140392947313
475.0625 0.140392470941
476.0625 0.140391994569
477.0625 0.140391518197
478.0625 0.140391041825
479.0625 0.140390565454
480.0625 0.140390089082
481.0625 0.140389627596
482.0625 0.140389151224
483.0625 0.140388674852
484.0625 0.14038819848
485.0625 0.140387729552
486.0625 0.140387260623
487.0625 0.140386776808
488.0625 0.140386307879
489.0625 0.140385824064
490.0625 0.140385355135
491.0625 0.14038487132
492.0625 0.140384402391
493.0625 0.140383918576
494.0625 0.140383449647
495.0625 0.140382965832
496.0625 0.140382496904
497.0625 0.140382027975
498.0625 0.140381559046
499.0625 0.140381075231
500.0625 0.140380613746
501.0625 0.140380137374
502.0625 0.140379683332
503.0625 0.140379192073
504.0625 0.140378730588
505.0625 0.140378246773
506.0625 0.140377777844
507.0625 0.140377294029
508.0625 0.1403768251
509.0625 0.140376341285
510.0625 0.140375872356
511.0625 0.140375388541
512.0625 0.140256518852
514.0625 0.124946162526
516.0625 0.124945686154
518.0625 0.124945209782
520.0625 0.12494473341
522.0625 0.124944257038
524.0625 0.124943780666
526.0625 0.124943304294
528.0625 0.124942820479
530.0625 0.124942366437
532.0625 0.124941890065
534.0625 0.124941413693
536.0625 0.124940937321
538.0625 0.124940460949
540.0625 0.124939984577
542.0625 0.124939508206
544.0625 0.124939016947
546.0625 0.124938562905
548.0625 0.12493807909
550.0625 0.124937602718
552.0625 0.124937133789
554.0625 0.124936649974
556.0625 0.124936173602
558.0625 0.124935704673
560.0625 0.124935213415
562.0625 0.124934759373
564.0625 0.124934290444
566.0625 0.124933814072
568.0625 0.124933322813
570.0625 0.124932868771
572.0625 0.124932377513
574.0625 0.124931923471
576.0625 0.124931417326
578.0625 0.124930948397
580.0625 0.124930472025
582.0625 0.124929995653
584.0625 0.124929519281
586.0625 0.124929042909
588.0625 0.124928566537
590.0625 0.124928090165
592.0625 0.12492760635
594.0625 0.124927152308
596.0625 0.124926675936
598.0625 0.124926199564
600.0625 0.124925723192
602.0625 0.12492524682
604.0625 0.124924770448
606.0625 0.124924294076
608.0625 0.124923810261
610.0625 0.124923341332
612.0625 0.12492286496
614.0625 0.124922388589
616.0625 0.124921912217
618.0625 0.124921435845
620.0625 0.124920959473
622.0625 0.124920483101
624.0625 0.124920006729
626.0625 0.124919545243
628.0625 0.124919068871
630.0625 0.1249185925
632.0625 0.124918116128
634.0625 0.124917639756
636.0625 0.124917163384
638.0625 0.124916687012
640.0625 0.124916203196
642.0625 0.124915734268
644.0625 0.124915257896
646.0625 0.124914781524
648.0625 0.124914275379
650.0625 0.124913791563
652.0625 0.124913322635
654.0625 0.124912846263
656.0625 0.124912362448
658.0625 0.124911908406
660.0625 0.124911439477
662.0625 0.124910963105
664.0625 0.124910486733
666.0625 0.124910002918
668.0625 0.124909541432
670.0625 0.124909050174
672.0625 0.124908573802
674.0625 0.124908134647
676.0625 0.124907658275
678.0625 0.124907181903
680.0625 0.124906705531
682.0625 0.124906229159
684.0625 0.124905752787
686.0625 0.124905276415
688.0625 0.1249047926
690.0625 0.124904323671
692.0625 0.124903847299
694.0625 0.124903370927
696.0625 0.124902894555
698.0625 0.124902418183
700.0625 0.124901941811
702.0625 0.124901465439
704.0625 0.124900981624
706.0625 0.124900527582
708.0625 0.12490005121
710.0625 0.124899574838
712.0625 0.124899098466
714.0625 0.124898622094
716.0625 0.124898145722
718.0625 0.12489766935
720.0625 0.124897185535
722.0625 0.124896716606
724.0625 0.124896240234
726.0625 0.124895763862
728.0625 0.12489528749
730.0625 0.124894811119
732.0625 0.124894334747
734.0625 0.124893858375
736.0625 0.124893374559
738.0625 0.124892920517
740.0625 0.124892444145
742.0625 0.124891967773
744.0625 0.124891491401
746.0625 0.12489101503
748.0625 0.124890538658
750.0625 0.124890062286
752.0625 0.12488957847
754.0625 0.124889116985
756.0625 0.124888640613
758.0625 0.124888164241
760.0625 0.124887687869
762.0625 0.124887211497
764.0625 0.124886735125
766.0625 0.124886258753
768.0625 0.124885774938
770.0625 0.124885313453
772.0625 0.124884837081
774.0625 0.124884360709
776.0625 0.124883884337
778.0625 0.124883407965
780.0625 0.124882931593
782.0625 0.124882455221
784.0625 0.124881971406
786.0625 0.12488150992
788.0625 0.124881033548
790.0625 0.124880557177
792.0625 0.124880080805
794.0625 0.124879604433
796.0625 0.124879128061
798.0625 0.124878651689
800.0625 0.124878167873
802.0625 0.124877698945
804.0625 0.124877207686
806.0625 0.124876746201
808.0625 0.124876269829
810.0625 0.12487577857
812.0625 0.124875317085
814.0625 0.124874840713
816.0625 0.124874342011
818.0625 0.124873895413
820.0625 0.124873411597
822.0625 0.124872957555
824.0625 0.124872466297
826.0625 0.124871982481
828.0625 0.124871528439
830.0625 0.124871037181
832.0625 0.124870545922
834.0625 0.124870129097
836.0625 0.124869630395
838.0625 0.124869139136
840.0625 0.124868699981
842.0625 0.124868201279
844.0625 0.12486771002
846.0625 0.124867270865
848.0625 0.124866779607
850.0625 0.124866295791
852.0625 0.124865819419
854.0625 0.124865343047
856.0625 0.124864866675
858.0625 0.124864390303
860.0625 0.124863913931
862.0625 0.12486343756
864.0625 0.124862953744
866.0625 0.124862499702
868.0625 0.12486202333
870.0625 0.124861546958
872.0625 0.124861070586
874.0625 0.124860594214
876.0625 0.124860117843
878.0625 0.124859641471
880.0625 0.124859157655
882.0625 0.12485869617
884.0625 0.124858219798
886.0625 0.124857735983
888.0625 0.124857267054
890.0625 0.124856790682
892.0625 0.124856306867
894.0625 0.124855837938
896.0625 0.124855354123
898.0625 0.124854877751
900.0625 0.124854401379
902.0625 0.124853910121
904.0625 0.124853441192
906.0625 0.124852972263
908.0625 0.124852495891
910.0625 0.124852019519
912.0625 0.124851520817
914.0625 0.124851051889
916.0625 0.12485056063
918.0625 0.124850091702
920.0625 0.124849622773
922.0625 0.124849146401
924.0625 0.124848655142
926.0625 0.124848193657
928.0625 0.124847709842
930.0625 0.12484727813
932.0625 0.124846801758
934.0625 0.124846325386
936.0625 0.124845849014
938.0625 0.124845372642
940.0625 0.12484489627
942.0625 0.124844419898
944.0625 0.124843936083
946.0625 0.124843474597
948.0625 0.124842998226
950.0625 0.124842521854
952.0625 0.124842045482
954.0625 0.12484156911
956.0625 0.124841092738
958.0625 0.124840616366
960.0625 0.12484013255
962.0625 0.124839671065
964.0625 0.124839194693
966.0625 0.124838718321
968.0625 0.124838241949
970.0625 0.124837765577
972.0625 0.124837289205
974.0625 0.124836812833
976.0625 0.124836329018
978.0625 0.12483586009
980.0625 0.124835391161
982.0625 0.124834914789
984.0625 0.124834438417
986.0625 0.124833962045
988.0625 0.124833485673
990.0625 0.124833009301
992.0625 0.124832525486
994.0625 0.124832056557
996.0625 0.124831587629
998.0625 0.124831111257
1000.0625 0.124830634885
1002.0625 0.124830158513
1004.0625 0.124829682141
1006.0625 0.124829205769
1008.0625 0.124828721954
1010.0625 0.124828260468
1012.0625 0.12482779154
1014.0625 0.124827315168
1016.0625 0.124826838796
1018.0625 0.124826362424
1020.0625 0.124825886052
1022.0625 0.124764672256
1024.0625 0.124763726956
1028.0625 0.124762774212
1032.0625 0.124761821468
1036.0625 0.124760868724
1040.0625 0.12475991598
1044.0625 0.124758985566
1048.0625 0.124758032822
1052.0625 0.124757080078
1056.0625 0.124756119891
1060.0625 0.124755182034
1064.0625 0.12475422929
1068.0625 0.124753276546
1072.0625 0.124752316359
1076.0625 0.124751400831
1080.0625 0.124750440644
1084.0625 0.124749473014
1088.0625 0.12474852027
1092.0625 0.124747574969
1096.0625 0.124746629668
1100.0625 0.124745669481
1104.0625 0.124744731624
1108.0625 0.12474382354
1112.0625 0.124742833579
1116.0625 0.124741895722
1120.0625 0.124740957865
1124.0625 0.124740027451
1128.0625 0.12473905982
1132.0625 0.124738121963
1136.0625 0.124737161776
1140.0625 0.124736142042
1144.0625 0.124735189298
1148.0625 0.124734236554
1152.0625 0.124733298697
1156.0625 0.124732353397
1160.0625 0.124731408096
1164.0625 0.124730455352
1168.0625 0.124729487722
1172.0625 0.124728609411
1176.0625 0.124727656667
1180.0625 0.124726703923
1184.0625 0.124725751179
1188.0625 0.124724820765
1192.0625 0.124723868021
1196.0625 0.124722915277
1200.0625 0.124721962533
1204.0625 0.124721017233
1208.0625 0.124720064489
1212.0625 0.124719111745
1216.0625 0.124718159001
1220.0625 0.124717228587
1224.0625 0.124716275843
1228.0625 0.124715323099
1232.0625 0.124714370355
1236.0625 0.124713425055
1240.0625 0.124712472311
1244.0625 0.124711519567
1248.0625 0.124710574266
1252.0625 0.124709636409
1256.0625 0.124708683665
1260.0625 0.124707730921
1264.0625 0.124706778177
1268.0625 0.12470584032
1272.0625 0.124704887576
1276.0625 0.124703934832
1280.0625 0.124702982088
1284.0625 0.124702044231
1288.0625 0.124701091487
1292.0625 0.124700138743
1296.0625 0.124699185999
1300.0625 0.124698248142
1304.0625 0.124697295398
1308.0625 0.124696342654
1312.0625 0.12469538991
1316.0625 0.124694437167
1320.0625 0.124693469536
1324.0625 0.124692524235
1328.0625 0.124691578935
1332.0625 0.124690663407
1336.0625 0.12468968089
1340.0625 0.124688750476
1344.0625 0.124687775403
1348.0625 0.124686874762
1352.0625 0.124685914575
1356.0625 0.124684969274
1360.0625 0.124684031417
1364.0625 0.124683093559
1368.0625 0.124682096156
1372.0625 0.124681210402
1376.0625 0.124680198111
1380.0625 0.124679170934
1384.0625 0.124678233077
1388.0625 0.12467731755
1392.0625 0.124676387136
1396.0625 0.124675397175
1400.0625 0.124674444431
1404.0625 0.124673491687
1408.0625 0.124672546387
1412.0625 0.124671645746
1416.0625 0.124670685559
1420.0625 0.124669732815
1424.0625 0.124668787514
1428.0625 0.12466787943
1432.0625 0.124666926686
1436.0625 0.124665973942
1440.0625 0.124665021199
1444.0625 0.124664083341
1448.0625 0.124663130597
1452.0625 0.124662177853
1456.0625 0.12466122511
1460.0625 0.124660287252
1464.0625 0.124659334508
1468.0625 0.124658381764
1472.0625 0.124657429021
1476.0625 0.124656491163
1480.0625 0.124655538419
1484.0625 0.124654585675
1488.0625 0.124653632932
1492.0625 0.124652695074
1496.0625 0.12465174233
1500.0625 0.12465079703
1504.0625 0.124649844286
1508.0625 0.124648898985
1512.0625 0.124647946241
1516.0625 0.124646993498
1520.0625 0.124646040754
1524.0625 0.12464511034
1528.0625 0.124644157596
1532.0625 0.124643204852
1536.0625 0.124642252108
1540.0625 0.124641306807
1544.0625 0.124640354063
1548.0625 0.12463940132
1552.0625 0.124638448576
1556.0625 0.124637518162
1560.0625 0.124636565418
1564.0625 0.124635612674
1568.0625 0.12463465993
1572.0625 0.124633684856
1576.0625 0.124632769329
1580.0625 0.124631779368
1584.0625 0.124630848954
1588.0625 0.12462991854
1592.0625 0.12462897324
1596.0625 0.124627998166
1600.0625 0.124627082639
1604.0625 0.124626070348
1608.0625 0.124625102718
1612.0625 0.124624135087
1616.0625 0.1246231749
1620.0625 0.124622259373
1624.0625 0.124621291742
1628.0625 0.124620301782
1632.0625 0.124619401141
1636.0625 0.124618530273
1640.0625 0.124617607303
1644.0625 0.124616691775
1648.0625 0.124615642268
1652.0625 0.124614696968
1656.0625 0.124613744224
1660.0625 0.124612851027
1664.0625 0.124611838736
1668.0625 0.124610915766
1672.0625 0.124609955578
1676.0625 0.124608980504
1680.0625 0.124608035204
1684.0625 0.124607142006
1688.0625 0.124606189263
1692.0625 0.124605236519
1696.0625 0.124604283775
1700.0625 0.124603353361
1704.0625 0.124602400617
1708.0625 0.124601447873
1712.0625 0.124600495129
1716.0625 0.124599549829
1720.0625 0.124598597085
1724.0625 0.124597644341
1728.0625 0.124596691597
1732.0625 0.124595761183
1736.0625 0.124594808439
1740.0625 0.124593855695
1744.0625 0.124592902951
1748.0625 0.124591972537
1752.0625 0.12459101235
1756.0625 0.124590059606
1760.0625 0.124589106862
1764.0625 0.124588169005
1768.0625 0.124587216261
1772.0625 0.124586263517
1776.0625 0.124585310773
1780.0625 0.124584380359
1784.0625 0.124583420172
1788.0625 0.124582467428
1792.0625 0.124581514684
1796.0625 0.12458058427
1800.0625 0.124579624083
1804.0625 0.124578671339
1808.0625 0.124577718595
1812.0625 0.124576788181
1816.0625 0.124575827994
1820.0625 0.12457487525
1824.0625 0.124573922506
1828.0625 0.124572992092
1832.0625 0.124572054235
1836.0625 0.124571086604
1840.0625 0.124570126417
1844.0625 0.12456918856
1848.0625 0.124568258146
1852.0625 0.124567312845
1856.0625 0.124566352658
1860.0625 0.124565303151
1864.0625 0.124564335521
1868.0625 0.12456339022
1872.0625 0.124562482136
1876.0625 0.124561551722
1880.0625 0.124560546875
1884.0625 0.124559579244
1888.0625 0.124558611614
1892.0625 0.124557755633
1896.0625 0.124556877322
1900.0625 0.124555857589
1904.0625 0.124555001608
1908.0625 0.124554011647
1912.0625 0.124552924924
1916.0625 0.124552031726
1920.0625 0.124551131086
1924.0625 0.124550193228
1928.0625 0.124549233041
1932.0625 0.124548295184
1936.0625 0.12454734244
1940.0625 0.124546367366
1944.0625 0.124545407179
1948.0625 0.124544439548
1952.0625 0.124543479361
1956.0625 0.12454260105
1960.0625 0.124541663193
1964.0625 0.124540710449
1968.0625 0.124539757705
1972.0625 0.124538804961
1976.0625 0.124537867104
1980.0625 0.12453691436
1984.0625 0.124535961616
1988.0625 0.124535016316
1992.0625 0.124534071015
1996.0625 0.124533118271
2000.0625 0.124532165527
2004.0625 0.124531220227
2008.0625 0.124530282369
2012.0625 0.124529329626
2016.0625 0.124528376882
2020.0625 0.124527431581
2024.0625 0.124526478837
2028.0625 0.124525526093
2032.0625 0.124524573349
2036.0625 0.124523635492
2040.0625 0.124522690192
2044.0625 0.124521737448
2048.0625 0.124519839403
2056.0625 0.124517933915
2064.0625 0.124516035871
2072.0625 0.124514137826
2080.0625 0.124512276998
2088.0625 0.124510334294
2096.0625 0.12450843625
2104.0625 0.124506567978
2112.0625 0.124504647604
2120.0625 0.12450263791
2128.0625 0.124500821742
2136.0625 0.124498789718
2144.0625 0.124497003323
2152.0625 0.124495120165
2160.0625 0.12449326678
2168.0625 0.124491391066
2176.0625 0.124489485578
2184.0625 0.124487594977
2192.0625 0.124485622499
2200.0625 0.124483694681
2208.0625 0.124481818967
2216.0625 0.124479980469
2224.0625 0.124478074981
2232.0625 0.124476176936
2240.0625 0.124474271449
2248.0625 0.124472388291
2256.0625 0.124470482803
2264.0625 0.124468592202
2272.0625 0.124466686714
2280.0625 0.124464796113
2288.0625 0.124462890625
2296.0625 0.124461000024
2304.0625 0.124459094536
2312.0625 0.124457181605
2320.0625 0.124455291004
2328.0625 0.124453437619
2336.0625 0.124451532131
2344.0625 0.124449589427
2352.0625 0.124447713712
2360.0625 0.124445681688
2368.0625 0.124443761314
2376.0625 0.124441907929
2384.0625 0.124440061988
2392.0625 0.124438074624
2400.0625 0.124436236126
2408.0625 0.124434419958
2416.0625 0.124432462367
2424.0625 0.124430579209
2432.0625 0.124428576958
2440.0625 0.124426864996
2448.0625 0.124424855302
2456.0625 0.124422972144
2464.0625 0.12442105177
2472.0625 0.124419146282
2480.0625 0.124417218464
2488.0625 0.124415446956
2496.0625 0.124413548911
2504.0625 0.124411650867
2512.0625 0.124409745379
2520.0625 0.124407862221
2528.0625 0.124405956734
2536.0625 0.124404058689
2544.0625 0.124402153201
2552.0625 0.12440024027
2560.0625 0.124398305009
2568.0625 0.124396488841
2576.0625 0.124394568467
2584.0625 0.124392670422
2592.0625 0.124390757491
2600.0625 0.124388918993
2608.0625 0.124387006062
2616.0625 0.124385145234
2624.0625 0.12438320253
2632.0625 0.124381118402
2640.0625 0.124379272461
2648.0625 0.124377366973
2656.0625 0.124375446599
2664.0625 0.124373660204
2672.0625 0.124371657953
2680.0625 0.124369797125
2688.0625 0.12436794374
2696.0625 0.124366075469
2704.0625 0.124364140208
2712.0625 0.12436223472
2720.0625 0.124360314346
2728.0625 0.124358453518
2736.0625 0.124356540587
2744.0625 0.124354716976
2752.0625 0.124352811488
2760.0625 0.124350920887
2768.0625 0.124349015399
2776.0625 0.124347124798
2784.0625 0.12434521931
2792.0625 0.124343313822
2800.0625 0.124341378561
2808.0625 0.124339502846
2816.0625 0.124337612245
2824.0625 0.124335729087
2832.0625 0.124333808713
2840.0625 0.124331955328
2848.0625 0.124330057284
2856.0625 0.124328159239
2864.0625 0.124326246308
2872.0625 0.12432440781
2880.0625 0.124322420446
2888.0625 0.124320611721
2896.0625 0.124318691347
2904.0625 0.124316547673
2912.0625 0.124314612412
2920.0625 0.124313004657
2928.0625 0.124311054509
2936.0625 0.124309260671
2944.0625 0.124307332853
2952.0625 0.124305405035
2960.0625 0.124303506991
2968.0625 0.124301534513
2976.0625 0.124299606695
2984.0625 0.124297671434
2992.0625 0.124295780833
3000.0625 0.124293860459
3008.0625 0.124291954971
3016.0625 0.124290183463
3024.0625 0.124288277975
3032.0625 0.124286365044
3040.0625 0.124284429783
3048.0625 0.124282606171
3056.0625 0.12428069324
3064.0625 0.124278787752
3072.0625 0.124276889708
3080.0625 0.124275043767
3088.0625 0.124273101062
3096.0625 0.124271210461
3104.0625 0.12426929753
3112.0625 0.124267526022
3120.0625 0.124265508884
3128.0625 0.124263595953
3136.0625 0.124261742569
3144.0625 0.124259874297
3152.0625 0.124257976253
3160.0625 0.124255869796
3168.0625 0.124253904761
3176.0625 0.1242521928
3184.0625 0.124250272425
3192.0625 0.12424848603
3200.0625 0.124246520996
3208.0625 0.124244570848
3216.0625 0.124242628144
3224.0625 0.124240774759
3232.0625 0.124238906488
3240.0625 0.124236919124
3248.0625 0.124234961533
3256.0625 0.124233175138
3264.0625 0.124231284537
3272.0625 0.124229393936
3280.0625 0.124227391685
3288.0625 0.12422562762
3296.0625 0.124223699802
3304.0625 0.124221809201
3312.0625 0.1242199186
3320.0625 0.124218035442
3328.0625 0.124216159728
3336.0625 0.124214261683
3344.0625 0.124212385968
3352.0625 0.124210458151
3360.0625 0.124208508003
3368.0625 0.124206743938
3376.0625 0.124204897997
3384.0625 0.124202925519
3392.0625 0.124200945598
3400.0625 0.124198861471
3408.0625 0.12419701553
3416.0625 0.124195020722
3424.0625 0.124193301317
3432.0625 0.124191343726
3440.0625 0.124189319145
3448.0625 0.124187763493
3456.0625 0.124185716583
3464.0625 0.124183989734
3472.0625 0.124181972597
3480.0625 0.124180044779
3488.0625 0.124178169064
3496.0625 0.124176263577
3504.0625 0.124174350645
3512.0625 0.124172400498
3520.0625 0.124170442907
3528.0625 0.124168574636
3536.0625 0.124166691478
3544.0625 0.124164800877
3552.0625 0.124162858172
3560.0625 0.124161027117
3568.0625 0.12415912163
3576.0625 0.124157350121
3584.0625 0.124155399974
3592.0625 0.124153531703
3600.0625 0.124151588998
3608.0625 0.12414983982
3616.0625 0.124147897116
3624.0625 0.124145954411
3632.0625 0.124144004264
3640.0625 0.124142195539
3648.0625 0.124140416587
3656.0625 0.124138317573
3664.0625 0.124136285549
3672.0625 0.124134491711
3680.0625 0.12413273509
3688.0625 0.124130665849
3696.0625 0.124128752918
3704.0625 0.12412693675
3712.0625 0.124124770746
3720.0625 0.124123110887
3728.0625 0.12412102676
3736.0625 0.124119344572
3744.0625 0.124117461414
3752.0625 0.124115325183
3760.0625 0.124113456912
3768.0625 0.124111610971
3776.0625 0.12410965338
3784.0625 0.124107896758
3792.0625 0.12410599127
3800.0625 0.124104078339
3808.0625 0.124102046315
3816.0625 0.124100252477
3824.0625 0.124098346989
3832.0625 0.124096493605
3840.0625 0.12409464022
3848.0625 0.124092615639
3856.0625 0.124090792028
3864.0625 0.124088916313
3872.0625 0.124087055485
3880.0625 0.124085224431
3888.0625 0.124083371046
3896.0625 0.124081406012
3904.0625 0.124079530297
3912.0625 0.124077699243
3920.0625 0.124075711878
3928.0625 0.124073724514
3936.0625 0.124072027439
3944.0625 0.124070002858
3952.0625 0.124068238793
3960.0625 0.12406609512
3968.0625 0.124064241735
3976.0625 0.124062485113
3984.0625 0.124060676389
3992.0625 0.124058555045
4000.0625 0.124056426258
4008.0625 0.124054751512
4016.0625 0.124052898128
4024.0625 0.124051029857
4032.0625 0.124048923399
4040.0625 0.124047010468
4048.0625 0.12404528362
4056.0625 0.124043370689
4064.0625 0.124041435428
4072.0625 0.124039544827
4080.0625 0.124037646782
4088.0625 0.124035651975
4096.0625 0.0556193505264
4112.0625 0.000609733767626
4128.0625 0.000609726324314
4144.0625 0.000609718881002
4160.0625 0.000609711437691
4176.0625 0.000609703994379
4192.0625 0.000609696551067
4208.0625 0.000609689107755
4224.0625 0.000609681664444
4240.0625 0.000609674221132
4256.0625 0.00060966677782
4272.0625 0.000609659334508
4288.0625 0.000609651891197
4304.0625 0.000609644447885
4320.0625 0.000609637004573
4336.0625 0.000609629561261
4352.0625 0.00060962211795
4368.0625 0.000609614674638
4384.0625 0.000609607231326
4400.0625 0.000609599788014
4416.0625 0.000609592344703
4432.0625 0.000609584901391
4448.0625 0.000609577458079
4464.0625 0.000609570014768
4480.0625 0.000609562571456
4496.0625 0.000609555128144
4512.0625 0.000609547684832
4528.0625 0.000609540241521
4544.0625 0.000609532798209
4560.0625 0.000609525354897
4576.0625 0.000609517911585
4592.0625 0.000609510468274
4608.0625 0.000609503024962
4624.0625 0.00060949558165
4640.0625 0.000609488138338
4656.0625 0.000609480695027
4672.0625 0.000609473251715
4688.0625 0.000609465808403
4704.0625 0.000609458365091
4720.0625 0.00060945092178
4736.0625 0.000609443478468
4752.0625 0.000609436035156
4768.0625 0.000609428591845
4784.0625 0.000609421148533
4800.0625 0.000609413705221
4816.0625 0.000609406261909
4832.0625 0.000609398818598
4848.0625 0.000609391375286
4864.0625 0.000609383931974
4880.0625 0.000609376488662
4896.0625 0.000609369045351
4912.0625 0.000609361602039
4928.0625 0.000609354158727
4944.0625 0.000609346715415
4960.0625 0.000609339272104
4976.0625 0.000609331828792
4992.0625 0.00060932438548
5008.0625 0.000609316942168
5024.0625 0.000609309498857
5040.0625 0.000609302055545
5056.0625 0.000609294612233
5072.0625 0.000609287168921
5088.0625 0.00060927972561
5104.0625 0.000609272282298
5120.0625 0.000609264838986
5136.0625 0.000609257395675
5152.0625 0.000609249952363
5168.0625 0.000609242509051
5184.0625 0.000609235065739
5200.0625 0.000609227622428
5216.0625 0.000609220179116
5232.0625 0.000609212735804
5248.0625 0.000609205292492
5264.0625 0.000609197849181
5280.0625 0.000609190405869
5296.0625 0.000609182962557
5312.0625 0.000609175519245
5328.0625 0.000609168075934
5344.0625 0.000609160632622
5360.0625 0.00060915318931
5376.0625 0.000609145745998
5392.0625 0.000609138302687
5408.0625 0.000609130859375
5424.0625 0.000609123416063
5440.0625 0.000609115972752
5456.0625 0.00060910852944
5472.0625 0.000609101086128
5488.0625 0.000609093642816
5504.0625 0.000609086199505
5520.0625 0.000609078756193
5536.0625 0.000609071312881
5552.0625 0.000609063869569
5568.0625 0.000609056426258
5584.0625 0.000609048982946
5600.0625 0.000609041539634
5616.0625 0.000609034096322
5632.0625 0.000609026653011
5648.0625 0.000609019209699
5664.0625 0.000609011766387
5680.0625 0.000609004323075
5696.0625 0.000608996879764
5712.0625 0.000608989436452
5728.0625 0.00060898199314
5744.0625 0.000608974549829
5760.0625 0.000608967106517
5776.0625 0.000608959663205
5792.0625 0.000608952219893
5808.0625 0.000608944776582
5824.0625 0.00060893733327
5840.0625 0.000608929889958
5856.0625 0.000608922446646
5872.0625 0.000608915003335
5888.0625 0.000608907560023
5904.0625 0.000608900116711
5920.0625 0.000608892673399
5936.0625 0.000608885230088
5952.0625 0.000608877786776
5968.0625 0.000608870343464
5984.0625 0.000608862900152
6000.0625 0.000608855456841
6016.0625 0.000608848013529
6032.0625 0.000608840570217
6048.0625 0.000608833126905
6064.0625 0.000608825683594
6080.0625 0.000608818240282
6096.0625 0.00060881079697
6112.0625 0.000608803353659
6128.0625 0.000608795910347
6144.0625 0.000608788467035
6160.0625 0.000608781023723
6176.0625 0.000608773580412
6192.0625 0.0006087661371
6208.0625 0.000608758693788
6224.0625 0.000608751250476
6240.0625 0.000608743807165
6256.0625 0.000608736363853
6272.0625 0.000608728920541
6288.0625 0.000608721477229
6304.0625 0.000608714033918
6320.0625 0.000608706590606
6336.0625 0.000608699147294
6352.0625 0.000608691703982
6368.0625 0.000608684260671
6384.0625 0.000608676817359
6400.0625 0.000608669374047
6416.0625 0.000608661930736
6432.0625 0.000608654487424
6448.0625 0.000608647044112
6464.0625 0.0006086396008
6480.0625 0.000608632157489
6496.0625 0.000608624714177
6512.0625 0.000608617270865
6528.0625 0.000608609827553
6544.0625 0.000608602384242
6560.0625 0.00060859494093
6576.0625 0.000608587497618
6592.0625 0.000608580054306
6608.0625 0.000608572610995
6624.0625 0.000608565167683
6640.0625 0.000608557724371
6656.0625 0.000608550281059
6672.0625 0.000608542837748
6688.0625 0.000608535394436
6704.0625 0.000608527951124
6720.0625 0.000608520507813
6736.0625 0.000608513064501
6752.0625 0.000608505621189
6768.0625 0.000608498177877
6784.0625 0.000608490734566
6800.0625 0.000608483291254
6816.0625 0.000608475847942
6832.0625 0.00060846840463
6848.0625 0.000608460961319
6864.0625 0.000608453518007
6880.0625 0.000608446074695
6896.0625 0.000608438631383
6912.0625 0.000608431188072
6928.0625 0.00060842374476
6944.0625 0.000608416301448
6960.0625 0.000608408858136
6976.0625 0.000608401414825
6992.0625 0.000608393971513
7008.0625 0.000608386528201
7024.0625 0.000608379084889
7040.0625 0.000608371641578
7056.0625 0.000608364198266
7072.0625 0.000608356754954
7088.0625 0.000608349311643
7104.0625 0.000608341868331
7120.0625 0.000608334425019
7136.0625 0.000608326981707
7152.0625 0.000608319538396
7168.0625 0.000608312095084
7184.0625 0.000608304651772
7200.0625 0.00060829720846
7216.0625 0.000608289765149
7232.0625 0.000608282321837
7248.0625 0.000608274878525
7264.0625 0.000608267435213
7280.0625 0.000608259991902
7296.0625 0.00060825254859
7312.0625 0.000608245105278
7328.0625 0.000608237661966
7344.0625 0.000608230218655
7360.0625 0.000608222775343
7376.0625 0.000608215332031
7392.0625 0.00060820788872
7408.0625 0.000608200445408
7424.0625 0.000608193002096
7440.0625 0.000608185558784
7456.0625 0.000608178115473
7472.0625 0.000608170672161
7488.0625 0.000608163228849
7504.0625 0.000608155785537
7520.0625 0.000608148342226
7536.0625 0.000608140898914
7552.0625 0.000608133455602
7568.0625 0.00060812601229
7584.0625 0.000608118568979
7600.0625 0.000608111125667
7616.0625 0.000608103682355
7632.0625 0.000608096239043
7648.0625 0.000608088795732
7664.0625 0.00060808135242
7680.0625 0.000608073909108
7696.0625 0.000608066465796
7712.0625 0.000608059022485
7728.0625 0.000608051579173
7744.0625 0.000608044135861
7760.0625 0.00060803669255
7776.0625 0.000608029249238
7792.0625 0.000608021805926
7808.0625 0.000608014362614
7824.0625 0.000608006919303
7840.0625 0.000607999475991
7856.0625 0.000607992032679
7872.0625 0.000607984589367
7888.0625 0.000607977146056
7904.0625 0.000607969702744
7920.0625 0.000607962259432
7936.0625 0.00060795481612
7952.0625 0.000607947372809
7968.0625 0.000607939929497
7984.0625 0.000607932486185
8000.0625 0.000607925042873
8016.0625 0.000607917599562
8032.0625 0.00060791015625
8048.0625 0.000607902712938
8064.0625 0.000607895269627
8080.0625 0.000607887826315
8096.0625 0.000607880383003
8112.0625 0.000607872939691
8128.0625 0.00060786549638
8144.0625 0.000607858053068
8160.0625 0.000607850609756
8176.0625 0.000121951219512
