0 1
0.0625 0.712669439511
0.125 0.710163486819
0.1875 0.179024759716
0.25 0.178469483476
0.3125 0.178465674624
0.375 0.17846458638
0.4375 0.178458873102
0.5 0.178457240737
0.5625 0.178449623032
0.625 0.178447446545
0.6875 0.178437924415
0.75 0.178435203806
0.8125 0.17842377725
0.875 0.178420512519
0.9375 0.178407181536
1.0 0.178403372684
1.0625 0.178388137275
1.125 0.178383784301
1.1875 0.178366644466
1.25 0.178361747371
1.3125 0.17834270311
1.375 0.178337261892
1.4375 0.178316313205
1.5 0.178310327866
1.5625 0.178287474753
1.625 0.178280945292
1.6875 0.178256187752
1.75 0.17824911417
1.8125 0.178222452204
1.875 0.1782148345
1.9375 0.178186268108
2.0 0.178178106282
2.0625 0.178147635465
2.125 0.178138929517
2.1875 0.178106554273
2.25 0.178097304203
2.3125 0.178063024533
2.375 0.178053230342
2.4375 0.178017046246
2.5 0.178006707933
2.5625 0.177968619411
2.625 0.177957736976
2.6875 0.177917744028
2.75 0.177906317471
2.8125 0.177864420097
2.875 0.177852449418
2.9375 0.177808647618
3.0 0.177796132818
3.0625 0.177750426591
3.125 0.17773736767
3.1875 0.177689757017
3.25 0.177676153973
3.3125 0.177626638895
3.375 0.177612491729
3.4375 0.177561072225
3.5 0.177546380937
3.5625 0.177493057007
3.625 0.177477821598
3.6875 0.177422593241
3.75 0.17740681371
3.8125 0.177349680927
3.875 0.177333357275
3.9375 0.177274320065
4.0 0.177257452291
4.0625 0.177196510656
4.125 0.17717909876
4.1875 0.177116252699
4.25 0.177098296681
4.3125 0.177033546194
4.375 0.177015046054
4.4375 0.176948391141
4.5 0.17692934688
4.5625 0.17686078754
4.625 0.176841199157
4.6875 0.176770735391
4.75 0.176750602887
4.8125 0.176678234695
4.875 0.176657558069
4.9375 0.176583285451
5.0 0.176562064703
5.0625 0.176485887658
5.125 0.176464122789
5.1875 0.176386041318
5.25 0.176363732327
5.3125 0.176283746431
5.375 0.176260893317
5.4375 0.176179002995
5.5 0.17615560576
5.5625 0.176071811011
5.625 0.176047869655
5.6875 0.17596217048
5.75 0.175937685001
5.8125 0.175850081401
5.875 0.1758250518
5.9375 0.175735543774
6.0 0.175709970052
6.0625 0.175618557599
6.125 0.175592439755
6.1875 0.175499122876
6.25 0.17547246091
6.3125 0.175377239605
6.375 0.175350033518
6.4375 0.175252907787
6.5 0.175225157578
6.5625 0.17512612742
6.625 0.17509783309
6.6875 0.174996898506
6.75 0.174968060054
6.8125 0.174865221044
6.875 0.17483583847
6.9375 0.174731095034
7.0 0.174701168338
7.0625 0.174594520476
7.125 0.174564049659
7.1875 0.174455497371
7.25 0.174424482431
7.3125 0.174314025717
7.375 0.174282466656
7.4375 0.174170105516
7.5 0.174138002333
7.5625 0.174023736767
7.625 0.173991089462
7.6875 0.17387491947
7.75 0.173841728044
7.8125 0.173723653625
7.875 0.173689918077
7.9375 0.173569939232
8.0 0.173535659563
8.0625 0.173413776292
8.125 0.1733789525
8.1875 0.173255164804
8.25 0.17321979689
8.3125 0.173094104767
8.375 0.173058192732
8.4375 0.172930596183
8.5 0.172894140026
8.5625 0.172764639051
8.625 0.172727638773
8.6875 0.172596233372
8.75 0.172558688971
8.8125 0.172425379144
8.875 0.172387290622
8.9375 0.172252076369
9.0 0.172213443725
9.0625 0.172076325045
9.125 0.17203714828
9.1875 0.171898125174
9.25 0.171858404287
9.3125 0.171717476755
9.375 0.171677211746
9.4375 0.171534379788
9.5 0.171493570657
9.5625 0.171348834274
9.625 0.171307481021
9.6875 0.171160840211
9.75 0.171118942837
9.8125 0.170970397601
9.875 0.170927956105
9.9375 0.170777506442
10.0 0.170734520825
10.0625 0.170582166736
10.125 0.170538636997
10.1875 0.170384378482
10.25 0.170340304621
10.3125 0.170184141681
10.375 0.170139523698
10.4375 0.169981456331
10.5 0.169936294226
10.5625 0.169776322433
10.625 0.169730616207
10.6875 0.169568739988
10.75 0.16952248964
10.8125 0.169358708995
10.875 0.169311914525
10.9375 0.169146229454
11.0 0.169098890862
11.0625 0.168931301365
11.125 0.168883418652
11.1875 0.168713924728
11.25 0.168665497893
11.3125 0.168494099544
11.375 0.168445128587
11.4375 0.168271825811
11.5 0.168222310733
11.5625 0.168047103531
11.625 0.167997044331
11.6875 0.167819932703
11.75 0.167769329381
11.8125 0.167590313327
11.875 0.167539165883
11.9375 0.167358245403
12.0 0.167306553838
12.0625 0.167123728932
12.125 0.167071493244
12.1875 0.166886763912
12.25 0.166833984103
12.3125 0.166647350345
12.375 0.166594026414
12.4375 0.16640548823
12.5 0.166351620177
12.5625 0.166161177567
12.625 0.166106765392
12.6875 0.165914418356
12.75 0.165859462059
12.8125 0.165665210597
12.875 0.165609710179
12.9375 0.16541355429
13.0 0.165357509751
13.0625 0.165159449436
13.125 0.165102860774
13.1875 0.164902896034
13.25 0.16484576325
13.3125 0.164643894083
13.375 0.164586217179
13.4375 0.164382443585
13.5 0.164324222559
13.5625 0.16411854454
13.625 0.164059779391
13.6875 0.163852196946
13.75 0.163792887676
13.8125 0.163583400804
13.875 0.163523547413
13.9375 0.163312156115
14.0 0.163251758601
14.0625 0.163038462878
14.125 0.162977521243
14.1875 0.162762321093
14.25 0.162700835336
14.3125 0.16248373076
14.375 0.162421700881
14.4375 0.162202691879
14.5 0.162140117879
14.5625 0.16191920445
14.625 0.161856086328
14.6875 0.161633268474
14.75 0.16156960623
14.8125 0.16134488395
14.875 0.161280677584
14.9375 0.161054050878
15.0 0.16098930039
15.0625 0.160760769258
15.125 0.160695474648
15.1875 0.16046503909
15.25 0.160399200359
15.3125 0.160166860374
15.375 0.160100477521
15.4375 0.15986623311
15.5 0.159799306136
15.5625 0.159563157299
15.625 0.159495686203
15.6875 0.15925763294
15.75 0.159189617722
15.8125 0.158949660033
15.875 0.158881100693
15.9375 0.158639238578
16.0 0.158570135116
16.0625 0.158326368575
16.125 0.158291544783
16.25 0.158256448931
16.375 0.158221081018
16.5 0.158185441043
16.625 0.158149529008
16.75 0.158113344912
16.875 0.158076888755
17.0 0.158040160538
17.125 0.158003160259
17.25 0.15796588792
17.375 0.157928343519
17.5 0.157890527058
17.625 0.157852438536
17.75 0.157814077953
17.875 0.157775445309
18.0 0.157736540605
18.125 0.157697363839
18.25 0.157657915013
18.375 0.157618194125
18.5 0.157578201177
18.625 0.157537936168
18.75 0.157497399098
18.875 0.157456589967
19.0 0.157415508776
19.125 0.157374155523
19.25 0.15733253021
19.375 0.157290632835
19.5 0.1572484634
19.625 0.157206021904
19.75 0.157163308347
19.875 0.157120322729
20.0 0.157077065051
20.125 0.157033535311
20.25 0.156989733511
20.375 0.15694565965
20.5 0.156901313728
20.625 0.156856695745
20.75 0.156811805701
20.875 0.156766643596
21.0 0.15672120943
21.125 0.156675503204
21.25 0.156629524916
21.375 0.156583274568
21.5 0.156536752159
21.625 0.156489957689
21.75 0.156442891158
21.875 0.156395552567
22.0 0.156347941914
22.125 0.1563000592
22.25 0.156251904426
22.375 0.156203477591
22.5 0.156154778695
22.625 0.156105807738
22.75 0.15605656472
22.875 0.156007049641
23.0 0.155957262502
23.125 0.155907203301
23.25 0.15585687204
23.375 0.155806268718
23.5 0.155755393335
23.625 0.155704245891
23.75 0.155652826386
23.875 0.15560113482
24.0 0.155549171194
24.125 0.155496935506
24.25 0.155444427758
24.375 0.155391647949
24.5 0.155338596079
24.625 0.155285272148
24.75 0.155231676156
24.875 0.155177808103
25.0 0.15512366799
25.125 0.155069255816
25.25 0.15501457158
25.375 0.154959615284
25.5 0.154904386927
25.625 0.154848886509
25.75 0.154793114031
25.875 0.154737069491
26.0 0.15468075289
26.125 0.154624164229
26.25 0.154567303507
26.375 0.154510170724
26.5 0.15445276588
26.625 0.154395088975
26.75 0.154337140009
26.875 0.154278918982
27.0 0.154220425895
27.125 0.154161660747
27.25 0.154102623537
27.375 0.154043314267
27.5 0.153983732936
27.625 0.153923879545
27.75 0.153863754092
27.875 0.153803356578
28.0 0.153742687004
28.125 0.153681745368
28.25 0.153620531672
28.375 0.153559045915
28.5 0.153497288097
28.625 0.153435258218
28.75 0.153372956279
28.875 0.153310382278
29.0 0.153247536217
29.125 0.153184418094
29.25 0.153121027911
29.375 0.153057365667
29.5 0.152993431362
29.625 0.152929224997
29.75 0.15286474657
29.875 0.152799996082
30.0 0.152734973534
30.125 0.152669678925
30.25 0.152604112254
30.375 0.152538273523
30.5 0.152472162732
30.625 0.152405779879
30.75 0.152339124965
30.875 0.152272197991
31.0 0.152204998955
31.125 0.152137527859
31.25 0.152069784702
31.375 0.152001769484
31.5 0.151933482205
31.625 0.151864922865
31.75 0.151796091465
31.875 0.151726988003
32.0 0.151657612481
32.0625 0.151587964898
32.1875 0.151518045254
32.3125 0.151447853549
32.4375 0.151377389783
32.5625 0.151306653956
32.6875 0.151235646068
32.8125 0.15116436612
32.9375 0.151092814111
33.0625 0.15102099004
33.1875 0.150948893909
33.3125 0.150876525717
33.4375 0.150803885465
33.5625 0.150730973151
33.6875 0.150657788776
33.8125 0.150584332341
33.9375 0.150510603845
34.0625 0.150436603287
34.1875 0.150362330669
34.3125 0.15028778599
34.4375 0.150212969251
34.5625 0.15013788045
34.6875 0.150062519588
34.8125 0.149986886666
34.9375 0.149910981683
35.0625 0.149834804639
35.1875 0.149758355534
35.3125 0.149681634368
35.4375 0.149604641141
35.5625 0.149527375853
35.6875 0.149449838505
35.8125 0.149372029095
35.9375 0.149293947625
36.0625 0.149215594094
36.1875 0.149136968502
36.3125 0.149058070849
36.4375 0.148978901135
36.5625 0.148899459361
36.6875 0.148819745525
36.8125 0.148739759629
36.9375 0.148659501672
37.0625 0.148578971653
37.1875 0.148498169574
37.3125 0.148417095435
37.4375 0.148335749234
37.5625 0.148254130972
37.6875 0.14817224065
37.8125 0.148090078266
37.9375 0.148007643822
38.0625 0.147924937317
38.1875 0.147841958751
38.3125 0.147758708124
38.4375 0.147675185437
38.5625 0.147591390688
38.6875 0.147507323879
38.8125 0.147422985008
38.9375 0.147338374077
39.0625 0.147253491085
39.1875 0.147168336032
39.3125 0.147082908918
39.4375 0.146997209744
39.5625 0.146911238508
39.6875 0.146824995212
39.8125 0.146738479854
39.9375 0.146651692436
40.0625 0.146564632957
40.1875 0.146477301417
40.3125 0.146389697817
40.4375 0.146301822155
40.5625 0.146213674432
40.6875 0.146125254649
40.8125 0.146036562805
40.9375 0.1459475989
41.0625 0.145858362934
41.1875 0.145768854907
41.3125 0.145679074819
41.4375 0.14558902267
41.5625 0.145498698461
41.6875 0.14540810219
41.8125 0.145317233859
41.9375 0.145226093467
42.0625 0.145134681014
42.1875 0.1450429965
42.3125 0.144951039925
42.4375 0.14485881129
42.5625 0.144766310593
42.6875 0.144673537836
42.8125 0.144580493018
42.9375 0.144487176139
43.0625 0.144393587199
43.1875 0.144299726198
43.3125 0.144205593136
43.4375 0.144111188014
43.5625 0.14401651083
43.6875 0.143921561586
43.8125 0.143826340281
43.9375 0.143730846915
44.0625 0.143635081488
44.1875 0.143539044
44.3125 0.143442734451
44.4375 0.143346152842
44.5625 0.143249299171
44.6875 0.14315217344
44.8125 0.143054775648
44.9375 0.142957105795
45.0625 0.142859163881
45.1875 0.142760949906
45.3125 0.14266246387
45.4375 0.142563705774
45.5625 0.142464675616
45.6875 0.142365373398
45.8125 0.142265799119
45.9375 0.142165952779
46.0625 0.142065834378
46.1875 0.141965443916
46.3125 0.141864781394
46.4375 0.14176384681
46.5625 0.141662640166
46.6875 0.141561161461
46.8125 0.141459410694
46.9375 0.141357387867
47.0625 0.14125509298
47.1875 0.141152526031
47.3125 0.141049687021
47.4375 0.140946575951
47.5625 0.140843192819
47.6875 0.140739537627
47.8125 0.140635610374
47.9375 0.14053141106
48.0625 0.140426939685
48.1875 0.140322196249
48.3125 0.140217180753
48.4375 0.140111893195
48.5625 0.140006333577
48.6875 0.139900501898
48.8125 0.139794398158
48.9375 0.139688022357
49.0625 0.139581374495
49.1875 0.139474454572
49.3125 0.139367262589
49.4375 0.139259798544
49.5625 0.139152062439
49.6875 0.139044054273
49.8125 0.138935774046
49.9375 0.138827221758
50.0625 0.138718397409
50.1875 0.138609300999
50.3125 0.138499932529
50.4375 0.138390291997
50.5625 0.138280379405
50.6875 0.138170194752
50.8125 0.138059738038
50.9375 0.137949009263
51.0625 0.137838008427
51.1875 0.137726735531
51.3125 0.137615190573
51.4375 0.137503373555
51.5625 0.137391284476
51.6875 0.137278923335
51.8125 0.137166290134
51.9375 0.137053384873
52.0625 0.13694020755
52.1875 0.136826758166
52.3125 0.136713036722
52.4375 0.136599043216
52.5625 0.13648477765
52.6875 0.136370240023
52.8125 0.136255430335
52.9375 0.136140348586
53.0625 0.136024994776
53.1875 0.135909368906
53.3125 0.135793470974
53.4375 0.135677300982
53.5625 0.135560858929
53.6875 0.135444144815
53.8125 0.13532715864
53.9375 0.135209900404
54.0625 0.135092370107
54.1875 0.13497456775
54.3125 0.134856493331
54.4375 0.134738146852
54.5625 0.134619528312
54.6875 0.134500637711
54.8125 0.134381475049
54.9375 0.134262040326
55.0625 0.134142333542
55.1875 0.134022354698
55.3125 0.133902103792
55.4375 0.133781580826
55.5625 0.133660785799
55.6875 0.133539718711
55.8125 0.133418379562
55.9375 0.133296768352
56.0625 0.133174885081
56.1875 0.13305272975
56.3125 0.132930302358
56.4375 0.132807602904
56.5625 0.13268463139
56.6875 0.132561387815
56.8125 0.132437872179
56.9375 0.132314084483
57.0625 0.132190024725
57.1875 0.132065692906
57.3125 0.131941089027
57.4375 0.131816213087
57.5625 0.131691065086
57.6875 0.131565645024
57.8125 0.131439952901
57.9375 0.131313988717
58.0625 0.131187752472
58.1875 0.131061244167
58.3125 0.130934463801
58.4375 0.130807411373
58.5625 0.130680086885
58.6875 0.130552490336
58.8125 0.130424621727
58.9375 0.130296481056
59.0625 0.130168068324
59.1875 0.130039383532
59.3125 0.129910426679
59.4375 0.129781197764
59.5625 0.129651696789
59.6875 0.129521923753
59.8125 0.129391878656
59.9375 0.129261561499
60.0625 0.12913097228
60.1875 0.129000111001
60.3125 0.128868977661
60.4375 0.128737572259
60.5625 0.128605894797
60.6875 0.128473945274
60.8125 0.128341723691
60.9375 0.128209230046
61.0625 0.12807646434
61.1875 0.127943426574
61.3125 0.127810116747
61.4375 0.127676534859
61.5625 0.12754268091
61.6875 0.1274085549
61.8125 0.127274156829
61.9375 0.127139486697
62.0625 0.127004544505
62.1875 0.126869330251
62.3125 0.126733843937
62.4375 0.126598085562
62.5625 0.126462055126
62.6875 0.126325752629
62.8125 0.126189178071
62.9375 0.126052331453
63.0625 0.125915212773
63.1875 0.125777822033
63.3125 0.125640159232
63.4375 0.12550222437
63.5625 0.125364017447
63.6875 0.125225538463
63.8125 0.125086787418
63.9375 0.124947764313
64.0625 0.124668901919
64.3125 0.124388951282
64.5625 0.124107912401
64.8125 0.123825785277
65.0625 0.123542569909
65.3125 0.123258266298
65.5625 0.122972874443
65.8125 0.122686394345
66.0625 0.122398826003
66.3125 0.122110169418
66.5625 0.121820424589
66.8125 0.121529591517
67.0625 0.121237670201
67.3125 0.120944660642
67.5625 0.12065056284
67.8125 0.120355376793
68.0625 0.120059102504
68.3125 0.119761739971
68.5625 0.119463289194
68.8125 0.119163750174
69.0625 0.118863122911
69.3125 0.118561407404
69.5625 0.118258603653
69.8125 0.117954711659
70.0625 0.117649731422
70.3125 0.117343662941
70.5625 0.117036506216
70.8125 0.116728261248
71.0625 0.116418928037
71.3125 0.116108506582
71.5625 0.115796996883
71.8125 0.115484398941
72.0625 0.115170712756
72.3125 0.114855938327
72.5625 0.114540075655
72.8125 0.114223124739
73.0625 0.113905085579
73.3125 0.113585958177
73.5625 0.11326574253
73.8125 0.11294443864
74.0625 0.112622046507
74.3125 0.11229856613
74.5625 0.11197399751
74.8125 0.111648340646
75.0625 0.111321595539
75.3125 0.110993762188
75.5625 0.110664840594
75.8125 0.110334830756
76.0625 0.110003732675
76.3125 0.10967154635
76.5625 0.109338271782
76.8125 0.109003908971
77.0625 0.108668457915
77.3125 0.108331918617
77.5625 0.107994291075
77.8125 0.107655575289
78.0625 0.10731577126
78.3125 0.106974878987
78.5625 0.106632898471
78.8125 0.106289829712
79.0625 0.105945672709
79.3125 0.105600427462
79.5625 0.105254093972
79.8125 0.104906672238
80.0625 0.104558162261
80.3125 0.104208564041
80.5625 0.103857877577
80.8125 0.103506102869
81.0625 0.103153239919
81.3125 0.102799288724
81.5625 0.102444249286
81.8125 0.102088121605
82.0625 0.10173090568
82.3125 0.101372601511
82.5625 0.101013209099
82.8125 0.100652728444
83.0625 0.100291159545
83.3125 0.0999285024028
83.5625 0.099564757017
83.8125 0.0991999233877
84.0625 0.0988340015148
84.3125 0.0984669913985
84.5625 0.0980988930387
84.8125 0.0977297064354
85.0625 0.0973594315887
85.3125 0.0969880684984
85.5625 0.0966156171646
85.8125 0.0962420775874
86.0625 0.0958674497667
86.3125 0.0954917337025
86.5625 0.0951149293948
86.8125 0.0947370368436
87.0625 0.0943580560489
87.3125 0.0939779870107
87.5625 0.0935968297291
87.8125 0.0932145842039
88.0625 0.0928312504353
88.3125 0.0924468284232
88.5625 0.0920613181676
88.8125 0.0916747196685
89.0625 0.0912870329259
89.3125 0.0908982579398
89.5625 0.0905083947103
89.8125 0.0901174432372
90.0625 0.0897254035207
90.3125 0.0893322755607
90.5625 0.0889380593572
90.8125 0.0885427549102
91.0625 0.0881463622197
91.3125 0.0877488812857
91.5625 0.0873503121082
91.8125 0.0869506546873
92.0625 0.0865499090228
92.3125 0.0861480751149
92.5625 0.0857451529635
92.8125 0.0853411425686
93.0625 0.0849360439302
93.3125 0.0845298570483
93.5625 0.084122581923
93.8125 0.0837142185541
94.0625 0.0833047669418
94.3125 0.0828942270859
94.5625 0.0824825989866
94.8125 0.0820698826438
95.0625 0.0816560780575
95.3125 0.0812411852277
95.5625 0.0808252041545
95.8125 0.0804081348377
96.0625 0.0799899772775
96.3125 0.0795707314737
96.5625 0.0791503974265
96.8125 0.0787289751358
97.0625 0.0783064646016
97.3125 0.0778828658239
97.5625 0.0774581788028
97.8125 0.0770324035381
98.0625 0.0766055400299
98.3125 0.0761775882783
98.5625 0.0757485482832
98.8125 0.0753184200446
99.0625 0.0748872035625
99.3125 0.0744548988369
99.5625 0.0740215058678
99.8125 0.0735870246552
100.0625 0.0731514551992
100.3125 0.0727147974997
100.5625 0.0722770515566
100.8125 0.0718382173701
101.0625 0.0713982949401
101.3125 0.0709572842666
101.5625 0.0705151853496
101.8125 0.0700719981892
102.0625 0.0696277227852
102.3125 0.0691823591378
102.5625 0.0687359072468
102.8125 0.0682883671124
103.0625 0.0678397387345
103.3125 0.0673900221131
103.5625 0.0669392172482
103.8125 0.0664873241399
104.0625 0.066034342788
104.3125 0.0655802731926
104.5625 0.0651251153538
104.8125 0.0646688692715
105.0625 0.0642115349457
105.3125 0.0637531123764
105.5625 0.0632936015636
105.8125 0.0628330025073
106.0625 0.0623713152075
106.3125 0.0619085396643
106.5625 0.0614446758776
106.8125 0.0609797238473
107.0625 0.0605136835736
107.3125 0.0600465550564
107.5625 0.0595783382957
107.8125 0.0591090332915
108.0625 0.0586386400439
108.3125 0.0581671585527
108.5625 0.0576945888181
108.8125 0.0572209308399
109.0625 0.0567461846183
109.3125 0.0562703501532
109.5625 0.0557934274446
109.8125 0.0553154164925
110.0625 0.054836317297
110.3125 0.0543561298579
110.5625 0.0538748541754
110.8125 0.0533924902493
111.0625 0.0529090380798
111.3125 0.0524244976668
111.5625 0.0519388690103
111.8125 0.0514521521103
112.0625 0.0509643469668
112.3125 0.0504754535799
112.5625 0.0499854719494
112.8125 0.0494944020755
113.0625 0.0490022439581
113.3125 0.0485089975972
113.5625 0.0480146629928
113.8125 0.0475192401449
114.0625 0.0470227290535
114.3125 0.0465251297186
114.5625 0.0460264421403
114.8125 0.0455266663184
115.0625 0.0450258022531
115.3125 0.0445238499443
115.5625 0.044020809392
115.8125 0.0435166805962
116.0625 0.0430114635569
116.3125 0.0425051582741
116.5625 0.0419977647479
116.8125 0.0414892829781
117.0625 0.0409797129649
117.3125 0.0404690547082
117.5625 0.039957308208
117.8125 0.0394444734643
118.0625 0.0389305504771
118.3125 0.0384155392464
118.5625 0.0378994397723
118.8125 0.0373822520546
119.0625 0.0368639760935
119.3125 0.0363446118888
119.5625 0.0358241594407
119.8125 0.0353026187491
120.0625 0.034779989814
120.3125 0.0342562726355
120.5625 0.0337314672134
120.8125 0.0332055735478
121.0625 0.0326785916388
121.3125 0.0321505214863
121.5625 0.0316213630903
121.8125 0.0310911164508
122.0625 0.0305597815678
122.3125 0.0300273584413
122.5625 0.0294938470713
122.8125 0.0289592474579
123.0625 0.0284235596009
123.3125 0.0278867835005
123.5625 0.0273489191566
123.8125 0.0268099665692
124.0625 0.0262699257383
124.3125 0.0257287966639
124.5625 0.025186579346
124.8125 0.0246432737846
125.0625 0.0240988799798
125.3125 0.0235533979315
125.5625 0.0230068276396
125.8125 0.0224591691043
126.0625 0.0219104223255
126.3125 0.0213605873032
126.5625 0.0208096640375
126.8125 0.0202576525282
127.0625 0.0197045527755
127.3125 0.0191503647792
127.5625 0.0185950885395
127.8125 0.0180387240563
