0 1
0.0625 0.749176021762
0.1875 0.499602500347
0.3125 0.49960139749
0.375 0.499601129404
0.4375 0.499599609162
0.5 0.499599072989
0.5625 0.499597135362
0.625 0.499596331103
0.6875 0.499593976091
0.75 0.499592903746
0.8125 0.499590131348
0.875 0.499588790917
0.9375 0.499585601366
1.0 0.499583994246
1.0625 0.499580387077
1.125 0.499578510474
1.1875 0.49957448592
1.25 0.49957234123
1.3125 0.499567899291
1.375 0.499565486515
1.4375 0.49956062719
1.5 0.499557946328
1.5625 0.499552669618
1.625 0.49954972067
1.6875 0.499544026574
1.75 0.49954080954
1.8125 0.499534698059
1.875 0.499531212938
1.9375 0.499524684305
2.0 0.499520934359
2.0625 0.499513988108
2.125 0.499509966815
2.1875 0.499502603178
2.25 0.499498313799
2.3125 0.499490532777
2.375 0.499485975311
2.4375 0.499477776904
2.5 0.499472951352
2.5625 0.49946433556
2.625 0.499459241922
2.6875 0.499450208744
2.75 0.499444847019
2.8125 0.499435396456
2.875 0.499429766646
2.9375 0.49941989893
3.0 0.499414006158
3.0625 0.499403720824
3.125 0.499397554841
3.1875 0.499386852122
3.25 0.499380418053
3.3125 0.499369297948
3.375 0.499362595793
3.4375 0.499351058303
3.5 0.499344088062
3.5625 0.499332133187
3.625 0.499324894859
3.6875 0.499312522598
3.75 0.499305016184
3.8125 0.499292226539
3.875 0.499284452039
3.9375 0.49927124524
4.0 0.499263209641
4.0625 0.499249585225
4.125 0.499241274553
4.1875 0.499227232751
4.25 0.499218653992
4.3125 0.499204194805
4.375 0.49919534796
4.4375 0.499180471388
4.5 0.499171356457
4.5625 0.499156062499
4.625 0.499146679481
4.6875 0.499130968139
4.75 0.499121317035
4.8125 0.499105188307
4.875 0.499095269117
4.9375 0.499078723236
5.0 0.499068544811
5.0625 0.499051581312
5.125 0.49904112595
5.1875 0.499023745065
5.25 0.499013021617
5.3125 0.498995223347
5.375 0.498984231813
5.4375 0.498966016158
5.5 0.498954756537
5.5625 0.498936123497
5.625 0.49892459579
5.6875 0.498905545364
5.75 0.498893749571
5.8125 0.49887428176
5.875 0.49886221788
5.9375 0.498842332917
6.0 0.498830011665
6.0625 0.498809709084
6.125 0.498797109032
6.1875 0.498776389065
6.25 0.498763520927
6.3125 0.498742383575
6.375 0.498729247351
6.4375 0.498707692613
6.5 0.498694288303
6.5625 0.49867231618
6.625 0.498658643783
6.6875 0.498636254275
6.75 0.498622313792
6.8125 0.498599506899
6.875 0.498585298329
6.9375 0.498562074284
7.0 0.498547610206
7.0625 0.498523968542
7.125 0.4985092238
7.1875 0.498485164751
7.25 0.498470151923
7.3125 0.498445675488
7.375 0.498430394574
7.4375 0.498405500754
7.5 0.498389951754
7.5625 0.498364640549
7.625 0.498348823462
7.6875 0.498323094872
7.75 0.498307009699
7.8125 0.498280863723
7.875 0.498264510464
7.9375 0.498237947336
8.0 0.498221340431
8.0625 0.498194359452
8.125 0.49817747002
8.1875 0.498150071656
8.25 0.498132913905
8.3125 0.498105098155
8.375 0.498087672318
8.4375 0.498059439183
8.5 0.49804174526
8.5625 0.498013094739
8.625 0.49799513273
8.6875 0.497966064824
8.75 0.497947834729
8.8125 0.497918349438
8.875 0.497899851256
8.9375 0.497869948812
9.0 0.497851198848
9.0625 0.497820878787
9.125 0.497801844432
9.1875 0.497771106985
9.25 0.497751804545
9.3125 0.497720649712
9.375 0.497701079186
9.4375 0.497669506968
9.5 0.497649668355
9.5625 0.497617678752
9.625 0.497597572053
9.6875 0.497565165065
9.75 0.49754479028
9.8125 0.497511965906
9.875 0.497491323034
9.9375 0.497458081508
10.0 0.497437188718
10.0625 0.497403529574
10.125 0.49738235053
10.1875 0.497348274
10.25 0.49732682687
10.3125 0.497292332955
10.375 0.497270617739
10.4375 0.497235706439
10.5 0.497213723136
10.5625 0.497178394451
10.625 0.497156143062
10.6875 0.497120396991
10.75 0.497097877516
10.8125 0.49706171406
10.875 0.497038926499
10.9375 0.49700234589
11.0 0.496979310273
11.0625 0.496942312046
11.125 0.496918988313
11.1875 0.496881572701
11.25 0.496857980881
11.3125 0.496820147883
11.375 0.496796287977
11.4375 0.496758037595
11.5 0.496733909602
11.5625 0.496695241834
11.625 0.496670845756
11.6875 0.496631760602
11.75 0.496607096438
11.8125 0.496567593899
11.875 0.496542661648
11.9375 0.496502741957
12.0 0.496477563514
12.0625 0.496437226205
12.125 0.496411757781
12.1875 0.496371003087
12.25 0.496345266577
12.3125 0.496304094497
12.375 0.496278089901
12.4375 0.496236500436
12.5 0.496210227754
12.5625 0.496168220903
12.625 0.496141680135
12.6875 0.496099255899
12.75 0.496072447045
12.8125 0.496029605424
12.875 0.496002528483
12.9375 0.495959269709
13.0 0.49593194844
13.0625 0.495888272048
13.125 0.495860658935
13.1875 0.495816565158
13.25 0.495788683959
13.3125 0.495744172796
13.375 0.495716023511
13.4375 0.495671094963
13.5 0.495642677591
13.5625 0.495597331658
13.625 0.4955686462
13.6875 0.495522882882
13.75 0.495493929337
13.8125 0.495447748634
13.875 0.495418527003
13.9375 0.495371929147
14.0 0.495342465051
14.0625 0.495295449577
14.125 0.495265691774
14.1875 0.495218258915
14.25 0.495188233026
14.3125 0.49514038278
14.375 0.495110088805
14.4375 0.495061821175
14.5 0.495031259114
14.5625 0.494982574098
14.625 0.49495174395
14.6875 0.494902641549
14.75 0.494871543315
14.8125 0.494822023529
14.875 0.494790657209
14.9375 0.49474072027
15.0 0.494709113348
15.0625 0.494658758791
15.125 0.494626856299
15.1875 0.494576084357
15.25 0.494543913778
15.3125 0.49449272445
15.375 0.494460285785
15.4375 0.494408679073
15.5 0.494375972321
15.5625 0.494323948223
15.625 0.494290973386
15.6875 0.494238531902
15.75 0.494205288979
15.8125 0.49415243011
15.875 0.4941189191
15.9375 0.494065643079
16.0 0.494031893331
16.0625 0.493978199458
16.125 0.493944152276
16.1875 0.493890041251
16.25 0.49385572575
16.3125 0.493801197107
16.375 0.493766613519
16.4375 0.493711667491
16.5 0.493676815817
16.5625 0.493621452404
16.625 0.493586332644
16.6875 0.493530551845
16.75 0.493495163999
16.8125 0.493438965814
16.875 0.493403309882
16.9375 0.493346694545
17.0 0.493310801737
17.0625 0.493253768783
17.125 0.493217576678
17.1875 0.493160126338
17.25 0.493123666146
17.3125 0.493065798421
17.375 0.493029070144
17.4375 0.492970785033
17.5 0.492933788669
17.5625 0.492875086173
17.625 0.492837821724
17.6875 0.492778701842
17.75 0.492741169306
17.8125 0.492681632039
17.875 0.492643831417
17.9375 0.492583876998
18.0 0.492545841364
18.0625 0.492485469327
18.125 0.492447132532
18.1875 0.492386343109
18.25 0.492347738228
18.3125 0.49228653142
18.375 0.492247658453
18.4375 0.49218603426
18.5 0.492146893207
18.5625 0.492084851628
18.625 0.492045442489
18.6875 0.491982983525
18.75 0.491943306299
18.8125 0.49188042995
18.875 0.491840484638
18.9375 0.491777191137
19.0 0.491737012676
19.0625 0.491673301556
19.125 0.491632820072
19.1875 0.491568691566
19.25 0.491527941996
19.3125 0.491463396105
19.375 0.491422378449
19.4375 0.491357415173
19.5 0.49131612943
19.5625 0.491250748769
19.625 0.49120919494
19.6875 0.491143396893
19.75 0.491101574978
19.8125 0.491035359546
19.875 0.490993269544
19.9375 0.49092663696
20.0 0.490884315673
20.0625 0.490817265471
20.125 0.490774639297
20.1875 0.490707171709
20.25 0.490664277449
20.3125 0.490596392476
20.375 0.490553230129
20.4375 0.490484927771
20.5 0.490441497338
20.5625 0.490372777595
20.625 0.490329079076
20.6875 0.490259941947
20.75 0.490215975342
20.8125 0.490146420827
20.875 0.490102186136
20.9375 0.490032214469
21.0 0.489987750356
21.0625 0.489917361071
21.125 0.489872590207
21.1875 0.489801783537
21.25 0.489756744587
21.3125 0.489685520532
21.375 0.489640213495
21.4375 0.489568572054
21.5 0.489522996932
21.5625 0.489450938106
21.625 0.489405094897
21.6875 0.489332618686
21.75 0.489286507391
21.8125 0.489213613794
21.875 0.489167234413
21.9375 0.489093923664
22.0 0.489047316724
22.0625 0.488973588357
22.125 0.488926672803
22.1875 0.48885252705
22.25 0.488805343411
22.3125 0.488730780273
22.375 0.488683328547
22.4375 0.488608348023
22.5 0.488560628211
22.5625 0.488485230303
22.625 0.488437242404
22.6875 0.48836142711
22.75 0.488313171126
22.8125 0.488236938446
22.875 0.488188414376
22.9375 0.488111764544
23.0 0.488063014778
23.0625 0.487985947328
23.125 0.487936887085
23.1875 0.487859402249
23.25 0.48781007392
23.3125 0.487732171699
23.375 0.487682575284
23.4375 0.487604255678
23.5 0.487554391176
23.5625 0.487475654185
23.625 0.487425521597
23.6875 0.48734636722
23.75 0.487295966546
23.8125 0.487216394784
23.875 0.487165726024
23.9375 0.487085737109
24.0 0.487034844517
24.0625 0.486954437984
24.125 0.486903233051
24.1875 0.486822409134
24.25 0.486770936347
24.3125 0.486689694811
24.375 0.486637953473
24.4375 0.486556294552
24.5 0.486504285127
24.5625 0.486422208821
24.625 0.48636993131
24.6875 0.486287437618
24.75 0.486234892021
24.8125 0.486151980944
24.875 0.486099167261
24.9375 0.486015839031
25.0 0.485962803379
25.0625 0.485879057531
25.125 0.485825707676
25.1875 0.485741544442
25.25 0.485687926501
25.3125 0.485603345882
25.375 0.485549459854
25.4375 0.48546446185
25.5 0.485410307736
25.5625 0.485324892347
25.625 0.485270470147
25.6875 0.485184637372
25.75 0.485129947086
25.8125 0.485043696926
25.875 0.484988738553
25.9375 0.484902071241
26.0 0.484846892762
26.0625 0.484759807832
26.125 0.484704313287
26.1875 0.484616810971
26.25 0.484561048339
26.3125 0.484473128638
26.375 0.484417097921
26.4375 0.484328760834
26.5 0.48427246203
26.5625 0.484183707559
26.625 0.484127140669
26.6875 0.484037968812
26.75 0.483981133835
26.8125 0.483891544593
26.875 0.48383444153
26.9375 0.483744435136
27.0 0.483687113831
27.0625 0.483596689818
27.125 0.483539050583
27.1875 0.483448209185
27.25 0.483390301864
27.3125 0.48329904308
27.375 0.483240867673
27.4375 0.483149191504
27.5 0.48309074801
27.5625 0.482998654456
27.625 0.482939942876
27.6875 0.482847431937
27.75 0.482788452271
27.8125 0.482695523946
27.875 0.482636276193
27.9375 0.482542930716
28.0 0.482483466585
28.0625 0.48238970349
28.125 0.482329919565
28.1875 0.482235739084
28.25 0.482175687073
28.3125 0.482081089207
28.375 0.48202076911
28.4375 0.481925753859
28.5 0.481865165675
28.5625 0.481769733039
28.625 0.481708876769
28.6875 0.481613026747
28.75 0.481551902391
28.8125 0.481455634984
28.875 0.481394242542
28.9375 0.481297557982
29.0 0.481235951025
29.0625 0.481138848847
29.125 0.481076920232
29.1875 0.480979400669
29.25 0.480917203968
29.3125 0.48081926702
29.375 0.480756802233
29.4375 0.480658447899
29.5 0.480595715026
29.5625 0.480496943307
29.625 0.480433942347
29.6875 0.480334753243
29.75 0.480271484197
29.8125 0.480171877707
29.875 0.480108340576
29.9375 0.480008316933
30.0 0.47994456715
30.0625 0.479844125889
30.125 0.479780052585
30.1875 0.479679193939
30.25 0.479614852549
30.3125 0.479513576518
30.375 0.479448967041
30.4375 0.479347273625
30.5 0.479282396062
30.5625 0.47918028526
30.625 0.479115139611
30.6875 0.479012611424
30.75 0.478947197689
30.8125 0.478844252116
30.875 0.478778570295
30.9375 0.47867520757
31.0 0.47860931496
31.0625 0.478505534617
31.125 0.478439316623
31.1875 0.478335118895
31.25 0.478268632815
31.3125 0.478164017701
31.375 0.478097263535
31.4375 0.477992231036
31.5 0.477925208783
31.5625 0.477819758899
31.625 0.47775246856
31.6875 0.477646601291
31.75 0.477579042866
31.8125 0.477472758211
31.875 0.4774049317
31.9375 0.477298229892
32.0 0.477230194456
32.0625 0.477054712347
32.1875 0.476878544766
32.3125 0.476701691947
32.4375 0.476524152957
32.5625 0.476345928496
32.6875 0.476167018563
32.8125 0.475987423159
32.9375 0.475807203541
33.0625 0.475626237193
33.1875 0.475444585375
33.3125 0.475262248084
33.4375 0.475079225323
33.5625 0.474895517089
33.6875 0.474711123385
33.8125 0.474526044208
33.9375 0.474340342681
34.0625 0.474153892561
34.1875 0.47396675697
34.3125 0.473778935908
34.4375 0.473590429374
34.5625 0.473401237368
34.6875 0.473211359891
34.8125 0.473020796943
34.9375 0.472829613506
35.0625 0.472637679614
35.1875 0.472445060251
35.3125 0.472251755416
35.4375 0.47205776511
35.5625 0.471863089332
35.6875 0.471667728083
35.8125 0.471471681362
35.9375 0.471275016017
36.0625 0.471077598353
36.1875 0.470879495217
36.3125 0.470680706611
36.4375 0.470481232532
36.5625 0.470281072982
36.6875 0.470080227961
36.8125 0.469878697467
36.9375 0.469676550213
37.0625 0.469473648777
37.1875 0.469270061869
37.3125 0.46906578949
37.4375 0.468860831639
37.5625 0.468655188317
37.6875 0.468448859523
37.8125 0.468241845258
37.9375 0.468034216095
38.0625 0.467825830886
38.1875 0.467616760206
38.3125 0.467407004055
38.4375 0.467196562432
38.5625 0.466985435338
38.6875 0.466773622772
38.8125 0.466561124734
38.9375 0.466348013662
39.0625 0.466134144681
39.1875 0.465919590229
39.3125 0.465704350305
39.4375 0.46548842491
39.5625 0.465271814043
39.6875 0.465054517705
39.8125 0.464836535895
39.9375 0.464617942914
40.0625 0.464398590161
40.1875 0.464178551937
40.3125 0.46395782894
40.4375 0.463736419307
40.5625 0.463514324202
40.6875 0.463291543626
40.8125 0.463068077578
40.9375 0.462844002222
41.0625 0.462619165231
41.1875 0.462393642768
41.3125 0.462167434835
41.4375 0.461940541429
41.5625 0.461712962552
41.6875 0.461484698203
41.8125 0.461255748383
41.9375 0.461026191119
42.0625 0.460795870355
42.1875 0.460564864121
42.3125 0.460333172415
42.4375 0.460100795237
42.5625 0.459867732588
42.6875 0.459633984467
42.8125 0.459399550874
42.9375 0.459164511701
43.0625 0.458928707165
43.1875 0.458692217158
43.3125 0.45845504168
43.4375 0.45821718073
43.5625 0.457978634308
43.6875 0.457739402415
43.8125 0.457499485051
43.9375 0.457258963968
44.0625 0.457017675661
44.1875 0.456775701881
44.3125 0.456533042631
44.4375 0.456289697909
44.5625 0.456045667715
44.6875 0.45580095205
44.8125 0.455555550913
44.9375 0.455309547921
45.0625 0.455062775841
45.1875 0.45481531829
45.3125 0.454567175267
45.4375 0.454318346773
45.5625 0.454068832807
45.6875 0.453818633369
45.8125 0.45356774846
45.9375 0.45331626356
46.0625 0.453064007708
46.1875 0.452811066384
46.3125 0.452557439589
46.4375 0.452303127322
46.5625 0.452048129584
46.6875 0.451792446374
46.8125 0.451536077693
46.9375 0.451279110883
47.0625 0.451021371259
47.1875 0.450762946163
47.3125 0.450503835596
47.4375 0.450244039557
47.5625 0.449983558047
47.6875 0.449722391065
47.8125 0.449460538611
47.9375 0.449198089893
48.0625 0.448934866496
48.1875 0.448670957628
48.3125 0.448406363288
48.4375 0.448141084176
48.5625 0.447875118427
48.6875 0.447608467207
48.8125 0.447341130516
48.9375 0.447073199423
49.0625 0.446804491788
49.1875 0.446535098682
49.3125 0.446265020104
49.4375 0.445994256055
49.5625 0.445722806534
49.6875 0.445450671542
49.8125 0.445177851078
49.9375 0.444904438076
50.0625 0.444630246669
50.1875 0.444355369791
50.3125 0.444079807441
50.4375 0.44380355962
50.5625 0.443526626327
50.6875 0.443249007562
50.8125 0.442970703326
50.9375 0.442691808415
51.0625 0.442412133236
51.1875 0.442131772585
51.3125 0.441850726463
51.4375 0.44156899487
51.5625 0.441286577804
51.6875 0.441003475268
51.8125 0.440719687259
51.9375 0.440435310439
52.0625 0.440150151488
52.1875 0.439864307065
52.3125 0.439577777171
52.4375 0.439290561805
52.5625 0.439002660967
52.6875 0.438714074658
52.8125 0.438424802878
52.9375 0.438134944149
53.0625 0.437844301426
53.1875 0.437552973231
53.3125 0.437260959564
53.4375 0.436968260426
53.5625 0.436674875816
53.6875 0.436380805735
53.8125 0.436086050182
53.9375 0.435790709544
54.0625 0.435494583049
54.1875 0.435197771081
54.3125 0.434900273642
54.4375 0.434602090732
54.5625 0.43430322235
54.6875 0.434003668496
54.8125 0.433703429171
54.9375 0.433402606625
55.0625 0.433100996357
55.1875 0.432798700617
55.3125 0.432495719406
55.4375 0.432192052723
55.5625 0.431887700569
55.6875 0.431582662944
55.8125 0.431276939846
55.9375 0.430970635391
56.0625 0.430663541351
56.1875 0.430355761839
56.3125 0.430047296855
56.4375 0.429738147565
56.5625 0.429428311173
56.6875 0.429117789309
56.8125 0.428806581974
56.9375 0.428494795144
57.0625 0.428182216865
57.1875 0.427868953115
57.3125 0.427555003894
57.4375 0.427240369201
57.5625 0.426925049036
57.6875 0.4266090434
57.8125 0.426292352293
57.9375 0.425975083554
58.0625 0.425657021503
58.1875 0.425338273981
58.3125 0.425018840987
58.4375 0.424698722522
58.5625 0.424377918585
58.6875 0.424056429177
58.8125 0.423734254297
58.9375 0.423411503649
59.0625 0.423087957827
59.1875 0.422763726532
59.3125 0.422438809766
59.4375 0.422113207529
59.5625 0.42178691982
59.6875 0.421459946639
59.8125 0.421132287987
59.9375 0.42080405543
60.0625 0.420475025835
60.1875 0.420145310769
60.3125 0.419814910231
60.4375 0.419483824221
60.5625 0.41915205274
60.6875 0.418819595787
60.8125 0.418486453363
60.9375 0.418152738897
61.0625 0.41781822553
61.1875 0.417483026691
61.3125 0.41714714238
61.4375 0.416810572598
61.5625 0.416473317345
61.6875 0.41613537662
61.8125 0.415796750424
61.9375 0.415457554049
62.0625 0.415117556909
62.1875 0.414776874298
62.3125 0.414435506216
62.4375 0.414093452661
62.5625 0.413750713636
62.6875 0.413407289139
62.8125 0.41306317917
62.9375 0.412718500886
63.0625 0.412373019974
63.1875 0.412026853591
63.3125 0.411680001736
63.4375 0.41133246441
63.5625 0.410984241612
63.6875 0.410635333342
63.8125 0.410285739601
63.9375 0.409935579409
64.0625 0.409232963871
64.3125 0.408527607844
64.5625 0.40781951389
64.8125 0.407108798934
65.0625 0.406395214686
65.3125 0.405678888553
65.5625 0.404959820533
65.8125 0.404238133374
66.0625 0.403513581582
66.3125 0.402786287904
66.5625 0.40205625234
66.8125 0.4013235995
67.0625 0.400588080163
67.3125 0.399849818941
67.5625 0.399108815832
67.8125 0.398365197311
68.0625 0.39761871043
68.3125 0.396869481663
68.5625 0.39611751101
68.8125 0.395362926807
69.0625 0.394605472382
69.3125 0.393845276071
69.5625 0.393082337873
69.8125 0.392316787989
70.0625 0.39154836602
70.3125 0.390777202164
70.5625 0.390003296422
70.8125 0.389226780857
71.0625 0.388447391343
71.3125 0.387665259942
71.5625 0.386880386656
71.8125 0.38609290541
72.0625 0.385302548351
72.3125 0.38450944894
72.5625 0.383713600889
72.8125 0.382915148838
73.0625 0.382113823303
73.3125 0.381309755882
73.5625 0.380502946574
73.8125 0.379693533035
74.0625 0.378881239955
74.3125 0.37806620499
74.5625 0.377248428138
74.8125 0.376428048917
75.0625 0.375604788293
75.3125 0.374778785783
75.5625 0.373950041387
75.8125 0.373118696485
76.0625 0.372284468317
76.3125 0.371447498262
76.5625 0.370607786322
76.8125 0.369765475738
77.0625 0.368920280025
77.3125 0.368072342426
77.5625 0.367221662941
77.8125 0.366368386677
78.0625 0.36551222342
78.3125 0.364653318276
78.5625 0.363791671247
78.8125 0.362927429301
79.0625 0.362060298499
79.3125 0.361190425811
79.5625 0.360317811237
79.8125 0.359442603611
80.0625 0.358564505264
80.3125 0.357683665032
80.5625 0.356800084544
80.8125 0.355913910304
81.0625 0.355024843482
81.3125 0.354133034774
81.5625 0.353238484179
81.8125 0.352341344258
82.0625 0.351441309891
82.3125 0.350538533638
82.5625 0.349633015499
82.8125 0.348724909897
83.0625 0.347813907986
83.3125 0.346900164189
83.5625 0.345983678505
83.8125 0.345064607222
84.0625 0.344142637766
84.3125 0.343217926424
84.5625 0.342290473196
84.8125 0.341360436232
85.0625 0.340427499232
85.3125 0.339491820345
85.5625 0.338553399573
85.8125 0.337612396927
86.0625 0.336668492383
86.3125 0.335721845952
86.5625 0.334772457635
86.8125 0.333820489308
87.0625 0.332865617219
87.3125 0.331908003244
87.5625 0.330947647382
87.8125 0.329984713375
88.0625 0.329018873741
88.3125 0.328050292221
88.5625 0.327078970911
88.8125 0.326105070291
89.0625 0.325128262181
89.3125 0.324148712185
89.5625 0.323166420303
89.8125 0.322181554001
90.0625 0.321193778347
90.3125 0.320203260807
90.5625 0.31921000138
90.8125 0.318214169397
91.0625 0.317215426199
91.3125 0.316213941114
91.5625 0.315209714143
91.8125 0.314202916479
92.0625 0.313193205736
92.3125 0.312180753106
92.5625 0.311165558591
92.8125 0.310147795246
93.0625 0.309127116958
93.3125 0.308103696784
93.5625 0.307077534724
93.8125 0.306048805698
94.0625 0.305017159866
94.3125 0.303982772147
94.5625 0.302945642543
94.8125 0.301905947835
95.0625 0.300863334459
95.3125 0.299817979196
95.5625 0.298769882047
95.8125 0.297719221658
96.0625 0.296665640737
96.3125 0.29560931793
96.5625 0.294550253237
96.8125 0.293488628797
97.0625 0.2924240794
97.3125 0.291356788117
97.5625 0.290286754947
97.8125 0.289214162265
98.0625 0.288138645323
98.3125 0.287060386495
98.5625 0.285979385781
98.8125 0.284895827417
99.0625 0.283809342931
99.3125 0.282720116559
99.5625 0.2816281483
99.8125 0.280533624255
100.0625 0.279436172225
100.3125 0.278335978308
100.5625 0.277233042505
100.8125 0.276127552779
101.0625 0.275019133204
101.3125 0.273907971742
101.5625 0.272794068395
101.8125 0.271677612988
102.0625 0.270558225868
102.3125 0.269436096862
102.5625 0.26831122597
102.8125 0.267183804882
103.0625 0.266053450218
103.3125 0.264920353668
103.5625 0.263784515231
103.8125 0.262646128462
104.0625 0.261504806253
104.3125 0.260360742159
104.5625 0.259213936178
104.8125 0.258064585823
105.0625 0.256912295139
105.3125 0.255757262568
105.5625 0.254599488111
105.8125 0.253439169047
106.0625 0.252275910818
106.3125 0.251109910703
106.5625 0.249941168701
106.8125 0.248769883957
107.0625 0.247595658183
107.3125 0.246418690523
107.5625 0.245238980977
107.8125 0.244056730552
108.0625 0.242871537234
108.3125 0.241683602029
108.5625 0.240492924939
108.8125 0.239299708832
109.0625 0.238103547969
109.3125 0.236904645221
109.5625 0.235703000586
109.8125 0.234498818798
110.0625 0.233291690391
110.3125 0.232081820097
110.5625 0.230869207918
110.8125 0.229654060449
111.0625 0.228435964497
111.3125 0.227215126659
111.5625 0.225991546936
111.8125 0.224765433785
112.0625 0.223536370289
112.3125 0.222304564907
112.5625 0.221070017639
112.8125 0.219832941369
113.0625 0.218592909397
113.3125 0.217350135539
113.5625 0.216104619794
113.8125 0.21485657435
114.0625 0.213605574833
114.3125 0.212351833431
114.5625 0.211095350142
114.8125 0.209836339016
115.0625 0.208574371955
115.3125 0.207309663008
115.5625 0.206042212174
115.8125 0.204772235368
116.0625 0.203499300762
116.3125 0.20222362427
116.5625 0.200945205893
116.8125 0.199664263405
117.0625 0.198380361255
117.3125 0.197093717218
117.5625 0.195804331296
117.8125 0.194512423127
118.0625 0.193217553433
118.3125 0.191919941852
118.5625 0.190619588385
118.8125 0.189316714535
119.0625 0.188010877296
119.3125 0.186702298171
119.5625 0.18539097716
119.8125 0.184077137628
120.0625 0.182760332845
120.3125 0.181440786175
120.5625 0.180118497619
120.8125 0.178793695435
121.0625 0.177465922175
121.3125 0.17613540703
121.5625 0.174802149998
121.8125 0.173466378173
122.0625 0.172127637368
122.3125 0.170786154678
122.5625 0.169441930102
122.8125 0.168095192595
123.0625 0.166745484247
123.3125 0.165393034012
123.5625 0.164037841891
123.8125 0.162680138704
124.0625 0.161319462811
124.3125 0.159956045031
124.5625 0.158589885366
124.8125 0.157221216498
125.0625 0.15584957865
125.3125 0.154475193326
125.5625 0.153098066349
125.8125 0.1517184318
126.0625 0.150335820585
126.3125 0.148950467949
126.5625 0.147562372962
126.8125 0.146171772731
127.0625 0.144778194438
127.3125 0.143381873792
127.5625 0.141982811493
127.8125 0.140581250473
128.0625 0.140581212507
128.5625 0.140581181064
129.0625 0.140581175474
129.5625 0.140581169884
130.0625 0.140581139837
130.5625 0.140581106298
131.0625 0.140581072758
131.5625 0.140581039218
132.0625 0.140581005678
132.5625 0.140580972138
133.0625 0.140580938598
133.5625 0.140580905058
134.0625 0.140580871518
134.5625 0.140580837978
135.0625 0.140580804439
135.5625 0.140580770899
136.0625 0.140580737359
136.5625 0.140580703353
137.0625 0.140580640233
137.5625 0.140580577578
138.0625 0.140580542175
138.5625 0.140580506772
139.0625 0.140580471369
139.5625 0.140580435966
140.0625 0.140580400562
140.5625 0.140580365159
141.0625 0.140580329756
141.5625 0.140580294353
142.0625 0.14058025895
142.5625 0.140580223546
143.0625 0.140580188143
143.5625 0.14058015274
144.0625 0.140580117337
144.5625 0.140580081933
145.0625 0.140580049092
145.5625 0.140580011826
146.0625 0.140579974559
146.5625 0.140579937293
147.0625 0.140579900026
147.5625 0.14057986276
148.0625 0.140579825493
148.5625 0.140579788226
149.0625 0.14057975096
149.5625 0.140579713693
150.0625 0.140579676427
150.5625 0.14057963916
151.0625 0.140579601894
151.5625 0.140579564627
152.0625 0.140579527361
152.5625 0.140579490094
153.0625 0.140579455855
153.5625 0.140579416726
154.0625 0.140579377596
154.5625 0.140579338466
155.0625 0.140579299336
155.5625 0.140579260206
156.0625 0.140579221076
156.5625 0.140579181946
157.0625 0.140579142816
157.5625 0.140579103687
158.0625 0.140579064557
158.5625 0.140579025427
159.0625 0.140578986297
159.5625 0.140578947167
160.0625 0.140578908037
160.5625 0.140578868907
161.0625 0.140578833271
161.5625 0.140578792278
162.0625 0.140578751285
162.5625 0.140578710292
163.0625 0.140578669298
163.5625 0.140578628305
164.0625 0.140578587312
164.5625 0.140578546319
165.0625 0.140578505326
165.5625 0.140578464332
166.0625 0.140578423339
166.5625 0.140578382346
167.0625 0.140578341353
167.5625 0.14057830036
168.0625 0.140578259366
168.5625 0.140578218373
169.0625 0.14057818134
169.5625 0.140578138483
170.0625 0.140578095627
170.5625 0.14057805277
171.0625 0.140578009913
171.5625 0.140577967057
172.0625 0.1405779242
172.5625 0.140577881344
173.0625 0.140577838487
173.5625 0.140577795631
174.0625 0.140577752774
174.5625 0.140577709918
175.0625 0.140577667061
175.5625 0.140577624205
176.0625 0.140577581348
176.5625 0.140577538492
177.0625 0.140577500061
177.5625 0.140577455341
178.0625 0.140577410621
178.5625 0.140577365901
179.0625 0.140577321181
179.5625 0.140577276461
180.0625 0.140577231741
180.5625 0.140577187022
181.0625 0.140577142302
181.5625 0.140577097582
182.0625 0.140577052862
182.5625 0.140577008142
183.0625 0.140576963422
183.5625 0.140576918702
184.0625 0.140576873983
184.5625 0.140576829263
185.0625 0.140576789434
185.5625 0.140576742851
186.0625 0.140576696268
186.5625 0.140576649685
187.0625 0.140576603101
187.5625 0.140576556984
188.0625 0.140576514826
188.5625 0.140576466147
189.0625 0.140576417234
189.5625 0.140576375077
190.0625 0.140576326397
190.5625 0.140576277485
191.0625 0.140576235327
191.5625 0.140576186648
192.0625 0.140576137968
192.5625 0.140576093947
193.0625 0.140576046199
193.5625 0.140576038746
194.0625 0.140576031293
194.5625 0.140576023839
195.0625 0.140575976092
195.5625 0.14057592322
196.0625 0.140575878034
196.5625 0.140575825162
197.0625 0.14057577229
197.5625 0.140575727105
198.0625 0.140575674233
198.5625 0.140575621361
199.0625 0.140575576175
199.5625 0.140575523303
200.0625 0.140575470431
200.5625 0.140575425246
201.0625 0.140575371908
201.5625 0.140575281536
202.0625 0.140575185575
202.5625 0.140575090778
203.0625 0.140575043496
203.5625 0.140574988994
204.0625 0.140574934259
204.5625 0.140574886977
205.0625 0.140574832475
205.5625 0.140574777739
206.0625 0.140574730457
206.5625 0.140574675955
207.0625 0.14057462122
207.5625 0.140574573938
208.0625 0.140574519436
208.5625 0.1405744647
209.0625 0.140574417651
209.5625 0.140574367342
210.0625 0.14057431051
210.5625 0.140574262064
211.0625 0.140574205232
211.5625 0.140574148401
212.0625 0.140574099954
212.5625 0.140574043123
213.0625 0.140573986291
213.5625 0.140573937845
214.0625 0.140573881013
214.5625 0.140573824182
215.0625 0.140573775735
215.5625 0.140573718904
216.0625 0.140573662072
216.5625 0.140573613626
217.0625 0.140573556794
217.5625 0.140573505087
218.0625 0.140573454544
218.5625 0.140573396082
219.0625 0.140573337387
219.5625 0.140573286845
220.0625 0.140573228383
220.5625 0.140573169688
221.0625 0.140573119145
221.5625 0.140573060683
222.0625 0.140573001988
222.5625 0.140572951446
223.0625 0.140572892984
223.5625 0.140572834289
224.0625 0.140572783746
224.5625 0.140572725284
225.0625 0.14057266659
225.5625 0.14057262187
226.0625 0.140572561079
226.5625 0.140572500288
227.0625 0.14057244858
227.5625 0.140572387789
228.0625 0.140572326998
228.5625 0.140572275291
229.0625 0.1405722145
229.5625 0.140572153709
230.0625 0.140572102001
230.5625 0.14057204121
231.0625 0.140571980419
231.5625 0.140571928712
232.0625 0.140571867921
232.5625 0.14057180713
233.0625 0.140571755422
233.5625 0.140571700687
234.0625 0.140571638033
234.5625 0.140571584229
235.0625 0.140571521808
235.5625 0.140571459153
236.0625 0.14057140535
236.5625 0.140571342928
237.0625 0.140571280274
237.5625 0.14057122647
238.0625 0.140571164049
238.5625 0.140571101395
239.0625 0.140571047591
239.5625 0.14057098517
240.0625 0.140570922515
240.5625 0.140570868712
241.0625 0.14057080629
241.5625 0.140570749692
242.0625 0.140570694723
242.5625 0.140570629973
243.0625 0.140570565222
243.5625 0.140570510254
244.0625 0.140570445503
244.5625 0.140570380753
245.0625 0.140570325785
245.5625 0.140570261034
246.0625 0.140570196283
246.5625 0.140570141315
247.0625 0.140570076565
247.5625 0.140570011814
248.0625 0.140569956846
248.5625 0.140569892095
249.0625 0.140569827345
249.5625 0.140569772609
250.0625 0.140569719737
250.5625 0.140569649164
251.0625 0.140569583016
251.5625 0.140569529678
252.0625 0.140569459104
252.5625 0.140569392956
253.0625 0.140569339619
253.5625 0.140569269045
254.0625 0.140569202897
254.5625 0.140569149559
255.0625 0.140569078986
255.5625 0.140569012838
256.0625 0.140568889159
257.0625 0.140568762453
258.0625 0.14056874382
259.0625 0.140568725186
260.0625 0.140568601741
261.0625 0.140568467581
262.0625 0.140568333422
263.0625 0.140568199262
264.0625 0.140568065103
265.0625 0.140567930477
266.0625 0.140567688711
267.0625 0.14056742109
268.0625 0.140567286931
269.0625 0.140567156498
270.0625 0.140567007432
271.0625 0.140566873272
272.0625 0.140566742839
273.0625 0.140566593773
274.0625 0.140566460312
275.0625 0.140566318699
276.0625 0.140566177086
277.0625 0.140566035473
278.0625 0.140565893861
279.0625 0.140565752248
280.0625 0.140565610635
281.0625 0.140565469022
282.0625 0.1405653323
283.0625 0.14056519092
284.0625 0.1405650535
285.0625 0.140564896282
286.0625 0.140564754902
287.0625 0.140564617481
288.0625 0.140564460263
289.0625 0.140564318883
290.0625 0.140564178901
291.0625 0.140564029835
292.0625 0.140563880768
293.0625 0.140563731702
294.0625 0.140563582636
295.0625 0.14056343357
296.0625 0.140563284504
297.0625 0.140563135437
298.0625 0.140562992427
299.0625 0.140562848019
300.0625 0.140562682649
301.0625 0.140562534049
302.0625 0.140562389641
303.0625 0.14056222427
304.0625 0.14056207567
305.0625 0.140561931262
306.0625 0.140561772181
307.0625 0.140561615661
308.0625 0.140561459142
309.0625 0.140561302622
310.0625 0.140561146103
311.0625 0.140560989583
312.0625 0.140560833064
313.0625 0.140560676544
314.0625 0.140560539823
315.0625 0.140560379576
316.0625 0.14056021933
317.0625 0.140560059084
318.0625 0.140559898838
319.0625 0.140559738592
320.0625 0.140559578113
321.0625 0.14055941414
322.0625 0.140559317014
323.0625 0.140559294654
324.0625 0.140559272294
325.0625 0.140559118104
326.0625 0.140558950404
327.0625 0.140558782705
328.0625 0.140558615005
329.0625 0.140558447306
330.0625 0.140558215322
331.0625 0.140557891103
332.0625 0.140557572241
333.0625 0.140557400815
334.0625 0.140557229389
335.0625 0.140557057963
336.0625 0.140556886536
337.0625 0.14055671511
338.0625 0.140556547178
339.0625 0.140556372025
340.0625 0.140556196872
341.0625 0.14055602172
342.0625 0.140555846567
343.0625 0.140555671414
344.0625 0.140555496261
345.0625 0.140555321109
346.0625 0.140555169015
347.0625 0.140554990135
348.0625 0.140554811256
349.0625 0.140554632376
350.0625 0.140554453497
351.0625 0.140554274617
352.0625 0.140554095738
353.0625 0.140553916859
354.0625 0.140553742637
355.0625 0.140553560031
356.0625 0.140553377425
357.0625 0.140553194819
358.0625 0.140553012213
359.0625 0.140552829607
360.0625 0.140552647001
361.0625 0.140552464395
362.0625 0.140552286447
363.0625 0.140552100114
364.0625 0.140551913782
365.0625 0.140551727449
366.0625 0.140551541116
367.0625 0.140551354784
368.0625 0.140551168451
369.0625 0.140550982118
370.0625 0.140550800677
371.0625 0.140550610617
372.0625 0.140550420558
373.0625 0.140550230498
374.0625 0.140550040439
375.0625 0.140549856901
376.0625 0.140549671966
377.0625 0.140549490757
378.0625 0.140549301164
379.0625 0.140549118558
380.0625 0.140548904508
381.0625 0.140548715846
382.0625 0.140548525787
383.0625 0.140548343181
384.0625 0.140548150326
385.0625 0.140547932317
386.0625 0.140547746916
387.0625 0.140547720597
388.0625 0.140547692414
389.0625 0.140547666793
390.0625 0.140547488146
391.0625 0.140547287839
392.0625 0.140547064705
393.0625 0.140546866727
394.0625 0.140546671077
395.0625 0.140546306797
396.0625 0.140545925747
397.0625 0.140545544463
398.0625 0.140545348581
399.0625 0.140545143848
400.0625 0.140544917454
401.0625 0.140544719242
402.0625 0.140544519633
403.0625 0.140544332369
404.0625 0.140544123909
405.0625 0.140543893322
406.0625 0.140543691384
407.0625 0.140543488282
408.0625 0.140543288905
409.0625 0.140543080446
410.0625 0.140542849859
411.0625 0.140542650949
412.0625 0.140542444119
413.0625 0.140542235427
414.0625 0.140542035119
415.0625 0.140541823166
416.0625 0.140541588852
417.0625 0.140541382023
418.0625 0.14054117333
419.0625 0.140540982572
420.0625 0.140540766892
421.0625 0.140540528386
422.0625 0.14054031783
423.0625 0.140540105644
424.0625 0.140539901842
425.0625 0.140539686162
426.0625 0.140539447656
427.0625 0.140539246883
428.0625 0.14053903097
429.0625 0.140538823675
430.0625 0.140538604268
431.0625 0.140538361569
432.0625 0.14053814752
433.0625 0.140537931607
434.0625 0.140537724311
435.0625 0.14053749093
436.0625 0.140537274551
437.0625 0.140537044197
438.0625 0.140536827119
439.0625 0.140536613768
440.0625 0.140536397157
441.0625 0.140536150266
442.0625 0.140535936682
443.0625 0.140535711918
444.0625 0.140535510679
445.0625 0.140535271474
446.0625 0.140535029474
447.0625 0.140534828002
448.0625 0.140534591592
449.0625 0.140534347264
450.0625 0.140534139736
451.0625 0.140533999753
452.0625 0.140533968775
453.0625 0.140533937565
454.0625 0.140533910313
455.0625 0.140533680658
456.0625 0.140533457292
457.0625 0.140533231363
458.0625 0.140532970032
459.0625 0.140532670968
460.0625 0.140532222372
461.0625 0.140531764226
462.0625 0.140531332167
463.0625 0.140531082947
464.0625 0.140530862609
465.0625 0.140530616417
466.0625 0.140530367429
467.0625 0.140530159436
468.0625 0.140529889486
469.0625 0.140529656337
470.0625 0.140529426216
471.0625 0.140529189108
472.0625 0.140528923118
473.0625 0.140528692764
474.0625 0.14052846241
475.0625 0.140528215519
476.0625 0.140527988426
477.0625 0.140527734548
478.0625 0.140527477642
479.0625 0.140527250549
480.0625 0.14052699667
481.0625 0.140526739764
482.0625 0.140526512671
483.0625 0.140526264849
484.0625 0.140526031467
485.0625 0.140525753365
486.0625 0.140525509036
487.0625 0.140525275655
488.0625 0.140525031559
489.0625 0.140524753224
490.0625 0.14052451961
491.0625 0.140524296243
492.0625 0.140524034679
493.0625 0.140523769853
494.0625 0.140523536006
495.0625 0.140523274441
496.0625 0.140523009616
497.0625 0.140522775768
498.0625 0.140522514204
499.0625 0.14052226312
500.0625 0.140522010407
501.0625 0.140521754665
502.0625 0.140521499622
503.0625 0.140521240386
504.0625 0.140520982549
505.0625 0.140520726807
506.0625 0.140520470832
507.0625 0.140520217653
508.0625 0.140519987299
509.0625 0.140519706868
510.0625 0.140519436686
511.0625 0.140519189562
512.0625 0.140518644772
514.0625 0.140518151922
516.0625 0.140518063181
518.0625 0.140517996101
520.0625 0.14051749603
522.0625 0.140516958926
524.0625 0.140515945742
526.0625 0.140514962604
528.0625 0.140514374025
530.0625 0.140513859514
532.0625 0.140513301681
534.0625 0.140512750136
536.0625 0.140512198591
538.0625 0.140511647046
540.0625 0.140511104352
542.0625 0.140510545354
544.0625 0.140509994042
546.0625 0.140509411985
548.0625 0.14050886207
550.0625 0.140508295619
552.0625 0.140507729167
554.0625 0.140507162716
556.0625 0.14050664541
558.0625 0.140506039828
560.0625 0.140505497367
562.0625 0.140504900637
564.0625 0.14050436097
566.0625 0.140503779612
568.0625 0.140503198254
570.0625 0.140502616896
572.0625 0.140502046485
574.0625 0.140501457673
576.0625 0.140500869328
578.0625 0.140500273063
580.0625 0.140500044107
582.0625 0.140499969574
584.0625 0.140499671674
586.0625 0.140499067956
588.0625 0.140498109274
590.0625 0.140496954011
592.0625 0.140496063108
594.0625 0.140495451937
596.0625 0.140494853343
598.0625 0.140494234718
600.0625 0.140493616093
602.0625 0.140492997469
604.0625 0.140492391655
606.0625 0.140491765577
608.0625 0.140491139499
610.0625 0.140490513421
612.0625 0.140489900852
614.0625 0.14048926732
616.0625 0.140488633789
618.0625 0.140488000258
620.0625 0.140487380469
622.0625 0.140486739484
624.0625 0.14048608895
626.0625 0.140485418152
628.0625 0.14048482212
630.0625 0.140484142239
632.0625 0.140483544111
634.0625 0.140482854214
636.0625 0.14048226284
638.0625 0.140481569915
640.0625 0.140480951524
642.0625 0.14048026512
644.0625 0.140479880576
646.0625 0.140479797658
648.0625 0.140479717768
650.0625 0.140479061178
652.0625 0.14047814675
654.0625 0.140476859657
656.0625 0.140475620311
658.0625 0.140474901067
660.0625 0.14047426148
662.0625 0.140473535015
664.0625 0.140472904978
666.0625 0.140472174088
668.0625 0.14047154801
670.0625 0.140470823175
672.0625 0.140470162626
674.0625 0.140469446176
676.0625 0.140468756279
678.0625 0.14046807896
680.0625 0.140467336657
682.0625 0.14046669311
684.0625 0.140465963385
686.0625 0.140465299807
688.0625 0.140464593839
690.0625 0.140463831272
692.0625 0.140463140677
694.0625 0.140462425159
696.0625 0.140461728508
698.0625 0.140461051188
700.0625 0.140460353372
702.0625 0.140459569377
704.0625 0.140458867834
706.0625 0.14045815977
708.0625 0.140457572123
710.0625 0.140457483615
712.0625 0.14045738975
714.0625 0.140456994958
716.0625 0.14045612292
718.0625 0.140454727055
720.0625 0.140453339575
722.0625 0.14045229914
724.0625 0.140451510719
726.0625 0.140450780994
728.0625 0.140450071765
730.0625 0.140449319912
732.0625 0.140448572951
734.0625 0.140447821797
736.0625 0.140447001234
738.0625 0.140446264289
740.0625 0.14044553596
742.0625 0.14044475313
744.0625 0.140443973793
746.0625 0.140443197951
748.0625 0.140442453318
750.0625 0.140441678174
752.0625 0.140440923294
754.0625 0.140440168413
756.0625 0.140439424014
758.0625 0.140438629771
760.0625 0.140437802919
762.0625 0.140437098349
764.0625 0.140436296419
766.0625 0.140435510095
768.0625 0.140434709097
770.0625 0.140433895755
772.0625 0.140433118282
774.0625 0.140433017429
776.0625 0.140432915645
778.0625 0.140432827602
780.0625 0.140432095548
782.0625 0.140430590212
784.0625 0.140429019427
786.0625 0.140427546933
788.0625 0.140426684911
790.0625 0.140425897189
792.0625 0.140425129732
794.0625 0.140424248378
796.0625 0.140423437597
798.0625 0.140422686909
800.0625 0.140421854701
802.0625 0.140421036467
804.0625 0.140420182365
806.0625 0.140419321042
808.0625 0.140418529826
810.0625 0.140417702509
812.0625 0.140416817894
814.0625 0.140416077688
816.0625 0.140415209843
818.0625 0.140414315912
820.0625 0.140413551016
822.0625 0.14041268946
824.0625 0.140411787609
826.0625 0.140411027838
828.0625 0.140410140428
830.0625 0.140409256512
832.0625 0.14040849348
834.0625 0.140407587903
836.0625 0.140406678599
838.0625 0.140406410978
840.0625 0.140406301042
842.0625 0.140406199491
844.0625 0.140405714094
846.0625 0.140404388802
848.0625 0.140402681529
850.0625 0.14040103458
852.0625 0.140399758201
854.0625 0.140398888959
856.0625 0.140398065834
858.0625 0.140397124388
860.0625 0.140396228128
862.0625 0.140395425499
864.0625 0.140394476367
866.0625 0.14039357242
868.0625 0.140392742308
870.0625 0.140391813672
872.0625 0.140390902272
874.0625 0.140390053061
876.0625 0.140389095777
878.0625 0.140388256813
880.0625 0.140387333535
882.0625 0.140386424231
884.0625 0.140385570361
886.0625 0.140384613077
888.0625 0.140383766428
890.0625 0.140382765588
892.0625 0.140381932914
894.0625 0.14038093976
896.0625 0.140380114772
898.0625 0.140379080625
900.0625 0.140378225824
902.0625 0.140377658907
904.0625 0.140377539654
906.0625 0.140377435307
908.0625 0.140377314657
910.0625 0.140376115839
912.0625 0.140374302821
914.0625 0.140372525673
916.0625 0.140370711724
918.0625 0.140369824314
920.0625 0.140368811596
922.0625 0.14036790136
924.0625 0.140366932896
926.0625 0.140366002863
928.0625 0.140365100081
930.0625 0.140364065002
932.0625 0.140363177127
934.0625 0.140362138089
936.0625 0.140361243459
938.0625 0.140360302712
940.0625 0.140359333781
942.0625 0.140358327585
944.0625 0.140357321155
946.0625 0.140356401603
948.0625 0.140355455033
950.0625 0.14035442601
952.0625 0.14035341795
954.0625 0.140352461132
956.0625 0.140351498723
958.0625 0.140350576143
960.0625 0.140349604185
962.0625 0.140348516002
964.0625 0.140347578515
966.0625 0.140346752363
968.0625 0.140346629849
970.0625 0.140346517117
972.0625 0.140346400892
974.0625 0.140345682114
976.0625 0.140343856752
978.0625 0.140342002974
980.0625 0.140339997335
982.0625 0.140338543241
984.0625 0.140337556842
986.0625 0.14033656695
988.0625 0.140335547011
990.0625 0.140334504013
992.0625 0.14033345333
994.0625 0.140332475316
996.0625 0.140331471681
998.0625 0.140330363933
1000.0625 0.140329332581
1002.0625 0.140328296571
1004.0625 0.140327252642
1006.0625 0.140326238294
1008.0625 0.140325226973
1010.0625 0.140324215652
1012.0625 0.140323204331
1014.0625 0.140322194407
1016.0625 0.140321158397
1018.0625 0.140320102823
1020.0625 0.140319045384
1022.0625 0.140318022185
1024.0625 0.140315889141
1028.0625 0.140313699032
1032.0625 0.14031344562
1036.0625 0.140313191742
1040.0625 0.140309345834
1044.0625 0.140305232306
1048.0625 0.140302997245
1052.0625 0.140300820879
1056.0625 0.140298660817
1060.0625 0.14029650122
1064.0625 0.140294327183
1068.0625 0.140292121004
1072.0625 0.140289932293
1076.0625 0.140287711207
1080.0625 0.140285508055
1084.0625 0.140283272062
1088.0625 0.140281062389
1092.0625 0.140278796583
1096.0625 0.1402782476
1100.0625 0.140277979281
1104.0625 0.14027462273
1108.0625 0.140270284904
1112.0625 0.140267420038
1116.0625 0.140265109512
1120.0625 0.14026281925
1124.0625 0.140260457949
1128.0625 0.140258231971
1132.0625 0.140255970824
1136.0625 0.140253583901
1140.0625 0.140251155986
1144.0625 0.140248847556
1148.0625 0.140246594095
1152.0625 0.140244177359
1156.0625 0.140241703327
1160.0625 0.140240889285
1164.0625 0.140240621665
1168.0625 0.140237805013
1172.0625 0.14023327177
1176.0625 0.140229744259
1180.0625 0.140227386451
1184.0625 0.140224898909
1188.0625 0.140222389473
1192.0625 0.140219994166
1196.0625 0.140217597927
1200.0625 0.140215026303
1204.0625 0.140212653821
1208.0625 0.140210092212
1212.0625 0.140207676175
1216.0625 0.140205065654
1220.0625 0.14020267943
1224.0625 0.140201386747
1228.0625 0.140201109344
1232.0625 0.140199009374
1236.0625 0.140194199195
1240.0625 0.140189886756
1244.0625 0.140187320023
1248.0625 0.140184884188
1252.0625 0.140182123669
1256.0625 0.140179607013
1260.0625 0.140177085232
1264.0625 0.140174495906
1268.0625 0.140171762871
1272.0625 0.140169274164
1276.0625 0.140166684372
1280.0625 0.14016390126
1284.0625 0.140161315194
1288.0625 0.140159760015
1292.0625 0.14015945373
1296.0625 0.140157978907
1300.0625 0.140153053434
1304.0625 0.140148181998
1308.0625 0.140145197413
1312.0625 0.14014254124
1316.0625 0.140139877847
1320.0625 0.140137246829
1324.0625 0.140134512862
1328.0625 0.14013164031
1332.0625 0.14012890611
1336.0625 0.140126246909
1340.0625 0.14012353996
1344.0625 0.140120817173
1348.0625 0.140117888954
1352.0625 0.140115978112
1356.0625 0.140115634095
1360.0625 0.140114547775
1364.0625 0.14011000312
1368.0625 0.140104715463
1372.0625 0.140101007908
1376.0625 0.140098156085
1380.0625 0.140095313812
1384.0625 0.140092497859
1388.0625 0.140089636021
1392.0625 0.140086810518
1396.0625 0.140083934007
1400.0625 0.140081094296
1404.0625 0.140078209865
1408.0625 0.140075380403
1412.0625 0.140072466625
1416.0625 0.140070039175
1420.0625 0.140069698885
1424.0625 0.140068984998
1428.0625 0.140064785757
1432.0625 0.140059240728
1436.0625 0.140054897312
1440.0625 0.140051860787
1444.0625 0.140048810986
1448.0625 0.140045804041
1452.0625 0.140042786616
1456.0625 0.140040017246
1460.0625 0.140036978858
1464.0625 0.140033942333
1468.0625 0.140030846182
1472.0625 0.140027766567
1476.0625 0.140024648289
1480.0625 0.140021954151
1484.0625 0.140021591268
1488.0625 0.140021075126
1492.0625 0.140017364543
1496.0625 0.140011422858
1500.0625 0.140006258879
1504.0625 0.140003409153
1508.0625 0.140000201901
1512.0625 0.13999697159
1516.0625 0.139993894305
1520.0625 0.139990945822
1524.0625 0.139987672422
1528.0625 0.139984411599
1532.0625 0.139981421891
1536.0625 0.139978294995
1540.0625 0.139975037433
1544.0625 0.139971730726
1548.0625 0.139971336865
1552.0625 0.139970998438
1556.0625 0.139967989863
1560.0625 0.139961769844
1564.0625 0.139956011464
1568.0625 0.139952707551
1572.0625 0.139949288346
1576.0625 0.139946078532
1580.0625 0.139942994259
1584.0625 0.1399395117
1588.0625 0.139936319821
1592.0625 0.139933174291
1596.0625 0.139929708968
1600.0625 0.139926455832
1604.0625 0.139923329169
1608.0625 0.13991978349
1612.0625 0.139918977601
1616.0625 0.139918592823
1620.0625 0.139915642245
1624.0625 0.139910606603
1628.0625 0.139903769123
1632.0625 0.139899942315
1636.0625 0.139896412474
1640.0625 0.139893085503
1644.0625 0.139889709387
1648.0625 0.13988621495
1652.0625 0.139882966006
1656.0625 0.139879322502
1660.0625 0.139876241723
1664.0625 0.139872498997
1668.0625 0.13986937676
1672.0625 0.139865684809
1676.0625 0.139864428461
1680.0625 0.139864049274
1684.0625 0.13986155521
1688.0625 0.139856411495
1692.0625 0.139850084335
1696.0625 0.139845026798
1700.0625 0.139841284771
1704.0625 0.13983802488
1708.0625 0.139834286813
1712.0625 0.139830835931
1716.0625 0.139827460513
1720.0625 0.13982367726
1724.0625 0.139820417136
1728.0625 0.139816563775
1732.0625 0.139813172985
1736.0625 0.139809557199
1740.0625 0.139807771665
1744.0625 0.139807339141
1748.0625 0.139805328377
1752.0625 0.139800651193
1756.0625 0.139794184283
1760.0625 0.139788062321
1764.0625 0.139784118123
1768.0625 0.13978061367
1772.0625 0.139777173269
1776.0625 0.13977317783
1780.0625 0.139769628424
1784.0625 0.139766157278
1788.0625 0.13976212923
1792.0625 0.139758574701
1796.0625 0.1397550784
1800.0625 0.139751025896
1804.0625 0.139748961329
1808.0625 0.139748500854
1812.0625 0.13974682549
1816.0625 0.139742710565
1820.0625 0.139735975801
1824.0625 0.139729183507
1828.0625 0.139725051579
1832.0625 0.139721085021
1836.0625 0.139717513721
1840.0625 0.13971380011
1844.0625 0.139709712669
1848.0625 0.139706020719
1852.0625 0.139702407028
1856.0625 0.139698465625
1860.0625 0.139694456444
1864.0625 0.139690791745
1868.0625 0.139687986971
1872.0625 0.139687549322
1876.0625 0.139686020229
1880.0625 0.139681932555
1884.0625 0.139675861136
1888.0625 0.139668834762
1892.0625 0.139663842442
1896.0625 0.139659650188
1900.0625 0.139655593725
1904.0625 0.139651827242
1908.0625 0.139648106177
1912.0625 0.139644203904
1916.0625 0.139640096898
1920.0625 0.139635890902
1924.0625 0.139632154232
1928.0625 0.139628297378
1932.0625 0.13962482926
1936.0625 0.13962437717
1940.0625 0.139623494884
1944.0625 0.139619459849
1948.0625 0.139613726158
1952.0625 0.139605861985
1956.0625 0.139600015563
1960.0625 0.139595896445
1964.0625 0.139591969017
1968.0625 0.139587941202
1972.0625 0.139583997237
1976.0625 0.13958001158
1980.0625 0.139575976544
1984.0625 0.139571884678
1988.0625 0.139567777206
1992.0625 0.139563436119
1996.0625 0.139559592773
2000.0625 0.139559126243
2004.0625 0.139558652958
2008.0625 0.139554398749
2012.0625 0.139549227084
2016.0625 0.139541326343
2020.0625 0.139534526829
2024.0625 0.139530206704
2028.0625 0.139525933862
2032.0625 0.139521701314
2036.0625 0.139517526762
2040.0625 0.139513338002
2044.0625 0.139509188838
2048.0625 0.139500747034
2056.0625 0.139492372309
2064.0625 0.139491180945
2072.0625 0.139482596829
2080.0625 0.139466469032
2088.0625 0.139457852541
2096.0625 0.139449208333
2104.0625 0.13944053501
2112.0625 0.139431862386
2120.0625 0.139423066316
2128.0625 0.139421610825
2136.0625 0.139413762257
2144.0625 0.139398421251
2152.0625 0.139388102377
2160.0625 0.139379070364
2168.0625 0.139370008537
2176.0625 0.139360986307
2184.0625 0.139352435731
2192.0625 0.139349922102
2200.0625 0.139342179977
2208.0625 0.139326709004
2216.0625 0.13931609782
2224.0625 0.13930681519
2232.0625 0.139297311056
2240.0625 0.139288122523
2248.0625 0.139279247262
2256.0625 0.139276034653
2264.0625 0.139268694308
2272.0625 0.139254538844
2280.0625 0.139241134533
2288.0625 0.139232310746
2296.0625 0.139222500095
2304.0625 0.139213247045
2312.0625 0.139203621096
2320.0625 0.139200012763
2328.0625 0.139193150128
2336.0625 0.139178895907
2344.0625 0.139165293152
2352.0625 0.13915529873
2360.0625 0.139145740793
2368.0625 0.139135903589
2376.0625 0.139126204738
2384.0625 0.139121895328
2392.0625 0.13911522252
2400.0625 0.139101873177
2408.0625 0.13908647301
2416.0625 0.139076852418
2424.0625 0.139066359789
2432.0625 0.139056816293
2440.0625 0.139046123589
2448.0625 0.139041561698
2456.0625 0.139035219631
2464.0625 0.139022800554
2472.0625 0.139006012208
2480.0625 0.138995758551
2488.0625 0.138985056065
2496.0625 0.138975071425
2504.0625 0.13896502483
2512.0625 0.13895913858
2520.0625 0.138953061105
2528.0625 0.138941472141
2536.0625 0.138923072948
2544.0625 0.138912884041
2552.0625 0.138902088622
2560.0625 0.138891042352
2568.0625 0.138880665482
2576.0625 0.138874462698
2584.0625 0.138869111222
2592.0625 0.138858611606
2600.0625 0.138838799546
2608.0625 0.138826933179
2616.0625 0.138816308952
2624.0625 0.138805757861
2632.0625 0.138795093806
2640.0625 0.138787790728
2648.0625 0.138782932102
2656.0625 0.138771524346
2664.0625 0.138751852967
2672.0625 0.138739785361
2680.0625 0.138728895377
2688.0625 0.138717893361
2696.0625 0.138706746705
2704.0625 0.138698847827
2712.0625 0.138694253794
2720.0625 0.138682959002
2728.0625 0.138664768503
2736.0625 0.138650493552
2744.0625 0.138639175469
2752.0625 0.138627758397
2760.0625 0.138616267025
2768.0625 0.138607781432
2776.0625 0.138603403545
2784.0625 0.138591762873
2792.0625 0.138573982771
2800.0625 0.138558780583
2808.0625 0.138547622047
2816.0625 0.138536376168
2824.0625 0.138524721056
2832.0625 0.138514697985
2840.0625 0.138511248268
2848.0625 0.138499244713
2856.0625 0.138482142397
2864.0625 0.138465081073
2872.0625 0.138453783254
2880.0625 0.138442199181
2888.0625 0.138430104091
2896.0625 0.138419294463
2904.0625 0.138416318031
2912.0625 0.138404990398
2920.0625 0.138389848302
2928.0625 0.13836995705
2936.0625 0.138357460645
2944.0625 0.138344859196
2952.0625 0.138333758889
2960.0625 0.138322159444
2968.0625 0.13831961344
2976.0625 0.138306745535
2984.0625 0.138293250387
2992.0625 0.138272289818
3000.0625 0.138259274244
3008.0625 0.138246735216
3016.0625 0.138235132277
3024.0625 0.138222548296
3032.0625 0.13822047744
3040.0625 0.138208612238
3048.0625 0.138194859951
3056.0625 0.1381712856
3064.0625 0.138159609292
3072.0625 0.138146722055
3080.0625 0.138133195463
3088.0625 0.138121501687
3096.0625 0.138119061427
3104.0625 0.138106991724
3112.0625 0.138094174129
3120.0625 0.138069540942
3128.0625 0.1380572516
3136.0625 0.138043847056
3144.0625 0.138030722011
3152.0625 0.138018318307
3160.0625 0.138015133881
3168.0625 0.138003759199
3176.0625 0.137989680131
3184.0625 0.137968526009
3192.0625 0.137952030206
3200.0625 0.137939709653
3208.0625 0.137925783145
3216.0625 0.137912701888
3224.0625 0.137908941228
3232.0625 0.137898347746
3240.0625 0.137884156646
3248.0625 0.137862904699
3256.0625 0.137845466751
3264.0625 0.137832900238
3272.0625 0.137818401456
3280.0625 0.137805826791
3288.0625 0.13780070334
3296.0625 0.137790580582
3304.0625 0.137775907578
3312.0625 0.137756705058
3320.0625 0.137736873899
3328.0625 0.137723319124
3336.0625 0.137709860777
3344.0625 0.137695568824
3352.0625 0.137690390637
3360.0625 0.137679981159
3368.0625 0.137666495794
3376.0625 0.137647034039
3384.0625 0.137625834731
3392.0625 0.137612885306
3400.0625 0.137597395699
3408.0625 0.137584508228
3416.0625 0.137577765546
3424.0625 0.137568052486
3432.0625 0.137554787459
3440.0625 0.137535013364
3448.0625 0.137513165386
3456.0625 0.137499579168
3464.0625 0.137484158271
3472.0625 0.137470416232
3480.0625 0.137463182097
3488.0625 0.137453684717
3496.0625 0.137440264335
3504.0625 0.137423429872
3512.0625 0.137397341892
3520.0625 0.137383885176
3528.0625 0.137369680566
3536.0625 0.137353909131
3544.0625 0.137346462343
3552.0625 0.1373383026
3560.0625 0.137324164604
3568.0625 0.137306812834
3576.0625 0.137280867399
3584.0625 0.13726680021
3592.0625 0.137251850502
3600.0625 0.137235956087
3608.0625 0.13722733191
3616.0625 0.137220490005
3624.0625 0.137205753415
3632.0625 0.137189276245
3640.0625 0.13716232997
3648.0625 0.137147163883
3656.0625 0.137132369064
3664.0625 0.137115805482
3672.0625 0.137106284113
3680.0625 0.137100374104
3688.0625 0.137085120208
3696.0625 0.137068540322
3704.0625 0.137042198231
3712.0625 0.137025047701
3720.0625 0.13701038215
3728.0625 0.136994953102
3736.0625 0.136982960028
3744.0625 0.136977354208
3752.0625 0.136960772459
3760.0625 0.136945513438
3768.0625 0.136921527991
3776.0625 0.136901372379
3784.0625 0.136886420342
3792.0625 0.136870712959
3800.0625 0.136857534111
3808.0625 0.136852158645
3816.0625 0.136835634192
3824.0625 0.136820016016
3832.0625 0.136797572471
3840.0625 0.136775747086
3848.0625 0.136760147543
3856.0625 0.13674417021
3864.0625 0.136730025925
3872.0625 0.136725093465
3880.0625 0.136708705501
3888.0625 0.136692978087
3896.0625 0.136671608984
3904.0625 0.13664746725
3912.0625 0.136631473846
3920.0625 0.136615442942
3928.0625 0.136600270567
3936.0625 0.136596389023
3944.0625 0.136579718765
3952.0625 0.136563320321
3960.0625 0.136542289178
3968.0625 0.136516237533
3976.0625 0.136500040561
3984.0625 0.136483709196
3992.0625 0.136468385658
4000.0625 0.136464500621
4008.0625 0.136447835021
4016.0625 0.136430196998
4024.0625 0.136410191617
4032.0625 0.136383144956
4040.0625 0.136365622459
4048.0625 0.136349657005
4056.0625 0.136334342318
4064.0625 0.136330742136
4072.0625 0.136314450134
4080.0625 0.136296728727
4088.0625 0.136278145298
4096.0625 0.136230712671
4112.0625 0.1361982775
4128.0625 0.136181140712
4144.0625 0.136144686809
4160.0625 0.136093837539
4176.0625 0.136060040742
4192.0625 0.136040706857
4208.0625 0.136007860124
4224.0625 0.135956130897
4240.0625 0.135920096244
4256.0625 0.135900682004
4272.0625 0.13586477359
4288.0625 0.135818554688
4304.0625 0.135779229631
4320.0625 0.13575948861
4336.0625 0.135723500074
4352.0625 0.135674267007
4368.0625 0.1356354539
4384.0625 0.135614934474
4400.0625 0.13558210288
4416.0625 0.135526400573
4432.0625 0.135489869343
4448.0625 0.135472375727
4464.0625 0.135431924522
4480.0625 0.135378051538
4496.0625 0.135344742233
4512.0625 0.135321729442
4528.0625 0.135283660501
4544.0625 0.135228570996
4560.0625 0.135190307803
4576.0625 0.135173775665
4592.0625 0.135133989201
4608.0625 0.135078255684
4624.0625 0.135041458231
4640.0625 0.135017390797
4656.0625 0.134978062246
4672.0625 0.134923721567
4688.0625 0.134886001999
4704.0625 0.134862504277
4720.0625 0.134826017068
4736.0625 0.134769947453
4752.0625 0.134727433545
4768.0625 0.134705592088
4784.0625 0.134667373382
4800.0625 0.134614034474
4816.0625 0.134570406761
4832.0625 0.13454846748
4848.0625 0.134507128166
4864.0625 0.134455018122
4880.0625 0.134409598122
4896.0625 0.134389506329
4912.0625 0.134345168689
4928.0625 0.134293125259
4944.0625 0.134246849758
4960.0625 0.13422546272
4976.0625 0.134185591942
4992.0625 0.134132548138
5008.0625 0.134083568949
5024.0625 0.134061191786
5040.0625 0.134017719195
5056.0625 0.133970675538
5072.0625 0.133916582448
5088.0625 0.1338914627
5104.0625 0.133851209007
5120.0625 0.133806348238
5136.0625 0.133745560213
5152.0625 0.13372119814
5168.0625 0.133679018932
5184.0625 0.133635672815
5200.0625 0.133573500803
5216.0625 0.133550545542
5232.0625 0.133506324127
5248.0625 0.133464594214
5264.0625 0.133400929211
5280.0625 0.133375349454
5296.0625 0.133333728778
5312.0625 0.133288118019
5328.0625 0.133228110728
5344.0625 0.133198969454
5360.0625 0.13315802866
5376.0625 0.133111513256
5392.0625 0.133049887898
5408.0625 0.133019932815
5424.0625 0.132978091335
5440.0625 0.132935586044
5456.0625 0.132866743787
5472.0625 0.132838632234
5488.0625 0.132799665402
5504.0625 0.13275402646
5520.0625 0.132688413815
5536.0625 0.132655698679
5552.0625 0.132615727746
5568.0625 0.132568991538
5584.0625 0.132502118352
5600.0625 0.132469879063
5616.0625 0.13242921078
5632.0625 0.132382594523
5648.0625 0.132317959426
5664.0625 0.13228199884
5680.0625 0.132242528443
5696.0625 0.132194998225
5712.0625 0.132127201294
5728.0625 0.132092516155
5744.0625 0.132055395181
5760.0625 0.132008045473
5776.0625 0.131940465154
5792.0625 0.131900601362
5808.0625 0.131865275472
5824.0625 0.1318155987
5840.0625 0.131745778895
5856.0625 0.131706676971
5872.0625 0.131668703759
5888.0625 0.131620640395
5904.0625 0.131561479288
5920.0625 0.131509889811
5936.0625 0.131479345218
5952.0625 0.131426206384
5968.0625 0.13136017123
5984.0625 0.131311547471
6000.0625 0.131279060126
6016.0625 0.131231917247
6032.0625 0.131173337265
6048.0625 0.131110852214
6064.0625 0.131076827392
6080.0625 0.131029512621
6096.0625 0.130972793636
6112.0625 0.13090884634
6128.0625 0.130875213981
6144.0625 0.130826964984
6160.0625 0.130772101175
6176.0625 0.130704386696
6192.0625 0.130672368677
6208.0625 0.130624926035
6224.0625 0.130564803451
6240.0625 0.130496825311
6256.0625 0.130468785496
6272.0625 0.130416541991
6288.0625 0.130359517422
6304.0625 0.130289114395
6320.0625 0.130258665064
6336.0625 0.130204984468
6352.0625 0.130156218864
6368.0625 0.130079559715
6384.0625 0.130049060075
6400.0625 0.129997249794
6416.0625 0.12994076885
6432.0625 0.129864029811
6448.0625 0.129833966889
6464.0625 0.129783673589
6480.0625 0.129728969793
6496.0625 0.129649752063
6512.0625 0.129623629379
6528.0625 0.129566970254
6544.0625 0.129517821969
6560.0625 0.129437905026
6576.0625 0.129408298851
6592.0625 0.129349839752
6608.0625 0.129299736279
6624.0625 0.129220312884
6640.0625 0.129185270452
6656.0625 0.12913099662
6672.0625 0.12907503205
6688.0625 0.128994666045
6704.0625 0.128966176003
6720.0625 0.128911404895
6736.0625 0.128857659082
6752.0625 0.12877618696
6768.0625 0.128741651353
6784.0625 0.12868573849
6800.0625 0.128628172391
6816.0625 0.128556797872
6832.0625 0.128520548237
6848.0625 0.128460030394
6864.0625 0.128402026879
6880.0625 0.1283279142
6896.0625 0.128289324924
6912.0625 0.128231603936
6928.0625 0.128177760066
6944.0625 0.128104772138
6960.0625 0.12806256498
6976.0625 0.128001550793
6992.0625 0.127944179412
7008.0625 0.127874351221
7024.0625 0.127834167403
7040.0625 0.127771708672
7056.0625 0.127713159435
7072.0625 0.127648722782
7088.0625 0.127597062033
7104.0625 0.127537572979
7120.0625 0.127477514447
7136.0625 0.127413206829
7152.0625 0.1273610884
7168.0625 0.127302639782
7184.0625 0.127241159531
7200.0625 0.12717123864
7216.0625 0.127122616512
7232.0625 0.127065187367
7248.0625 0.127002803169
7264.0625 0.126944230407
7280.0625 0.126881647765
7296.0625 0.126827748461
7312.0625 0.126760400825
7328.0625 0.126700106581
7344.0625 0.126642078144
7360.0625 0.126578462054
7376.0625 0.126523711209
7392.0625 0.126456225687
7408.0625 0.126395323998
7424.0625 0.126336429114
7440.0625 0.126275253284
7456.0625 0.126209937373
7472.0625 0.126148227467
7488.0625 0.126087407066
7504.0625 0.126033669871
7520.0625 0.125963036491
7536.0625 0.125898761714
7552.0625 0.125838015381
7568.0625 0.125783942322
7584.0625 0.125712481158
7600.0625 0.125647036445
7616.0625 0.125594072065
7632.0625 0.125523277972
7648.0625 0.125464611112
7664.0625 0.12539282899
7680.0625 0.125335188358
7696.0625 0.125275810405
7712.0625 0.12520897006
7728.0625 0.125137015115
7744.0625 0.125085970428
7760.0625 0.125014741947
7776.0625 0.124949693424
7792.0625 0.124877479243
7808.0625 0.124829162001
7824.0625 0.12476262468
7840.0625 0.124694092433
7856.0625 0.124616925994
7872.0625 0.124562280427
7888.0625 0.124496928415
7904.0625 0.124431758543
7920.0625 0.124356656437
7936.0625 0.124305465479
7952.0625 0.124241601566
7968.0625 0.124177368249
7984.0625 0.124101443718
8000.0625 0.124040212453
8016.0625 0.123977066155
8032.0625 0.123913327318
8048.0625 0.123835546446
8064.0625 0.123780090332
8080.0625 0.123715058812
8096.0625 0.123650494987
8112.0625 0.123565919027
8128.0625 0.123519670079
8144.0625 0.123454910138
8160.0625 0.123387790294
8176.0625 0.123310668808
8192.0625 0.123168516034
8224.0625 0.123028835197
8256.0625 0.122992650312
8288.0625 0.122976749143
8320.0625 0.122960940208
8352.0625 0.122946517123
8384.0625 0.122930628299
8416.0625 0.122915012451
8448.0625 0.122899260814
8480.0625 0.122882870987
8512.0625 0.122867728192
8544.0625 0.12285189154
8576.0625 0.122836256361
8608.0625 0.122820571571
8640.0625 0.12280408881
8672.0625 0.122787474219
8704.0625 0.122772545008
8736.0625 0.122754880432
8768.0625 0.122739017694
8800.0625 0.122723734917
8832.0625 0.122707379095
8864.0625 0.122689560562
8896.0625 0.122674306666
8928.0625 0.122656838672
8960.0625 0.122641376782
8992.0625 0.122623296917
9024.0625 0.122607230843
9056.0625 0.122590566641
9088.0625 0.122574427898
9120.0625 0.122556928925
9152.0625 0.122539371025
9184.0625 0.122523181273
9216.0625 0.122505605904
9248.0625 0.122489196745
9280.0625 0.122470780317
9312.0625 0.1224534919
9344.0625 0.122436441058
9376.0625 0.122419855582
9408.0625 0.122401702116
9440.0625 0.122384360361
9472.0625 0.122367089646
9504.0625 0.122349887642
9536.0625 0.122332620886
9568.0625 0.122313531098
9600.0625 0.122296516358
9632.0625 0.122278641692
9664.0625 0.122259690955
9696.0625 0.122242391125
9728.0625 0.122224920569
9760.0625 0.122207375712
9792.0625 0.122187817763
9824.0625 0.122169185654
9856.0625 0.122152039083
9888.0625 0.122133820168
9920.0625 0.12211423357
9952.0625 0.12209634656
9984.0625 0.122078713195
10016.0625 0.122060540396
10048.0625 0.122040183313
10080.0625 0.122021450352
10112.0625 0.122003067929
10144.0625 0.12198399561
10176.0625 0.121966705563
10208.0625 0.121946004695
10240.0625 0.121927889427
10272.0625 0.121909163221
10304.0625 0.121889673516
10336.0625 0.121870239711
10368.0625 0.121850900004
10400.0625 0.121831442442
10432.0625 0.12181207595
10464.0625 0.121792739736
10496.0625 0.121775149461
10528.0625 0.121755123118
10560.0625 0.121735620836
10592.0625 0.121714923462
10624.0625 0.12169474386
10656.0625 0.121676008104
10688.0625 0.121655325637
10720.0625 0.121635269946
10752.0625 0.121615725972
10784.0625 0.121595329992
10816.0625 0.121576985301
10848.0625 0.12155557241
10880.0625 0.121536142797
10912.0625 0.121516706896
10944.0625 0.121494465057
10976.0625 0.121475090646
11008.0625 0.121455606298
11040.0625 0.121433271059
11072.0625 0.121413365833
11104.0625 0.121391860008
11136.0625 0.121371424664
11168.0625 0.121352044896
11200.0625 0.121331658931
11232.0625 0.12130982353
11264.0625 0.121287961111
11296.0625 0.121269922705
11328.0625 0.121248034665
11360.0625 0.121225822639
11392.0625 0.12120556501
11424.0625 0.121183552593
11456.0625 0.12116283286
11488.0625 0.121140832088
11520.0625 0.121119816318
11552.0625 0.121099069567
11584.0625 0.121076284334
11616.0625 0.121056323441
11648.0625 0.121033858468
11680.0625 0.121012119261
11712.0625 0.12099131824
11744.0625 0.120967508178
11776.0625 0.120946546911
11808.0625 0.120925055061
11840.0625 0.120904054663
11872.0625 0.120880584658
11904.0625 0.12085851145
11936.0625 0.12083639096
11968.0625 0.120816072075
12000.0625 0.120791427242
12032.0625 0.12077103033
12064.0625 0.120746582078
12096.0625 0.120726438811
12128.0625 0.120701694291
12160.0625 0.120681109881
12192.0625 0.120656191372
12224.0625 0.120635938868
12256.0625 0.120611191086
12288.0625 0.120590541926
12320.0625 0.120565326217
12352.0625 0.120545378366
12384.0625 0.120519746436
12416.0625 0.120498569954
12448.0625 0.120474160366
12480.0625 0.120451762241
12512.0625 0.120428849604
12544.0625 0.120403966032
12576.0625 0.120382862919
12608.0625 0.120357874069
12640.0625 0.120334985889
12672.0625 0.120312350188
12704.0625 0.120286894576
12736.0625 0.120264632007
12768.0625 0.120241232576
12800.0625 0.120215749246
12832.0625 0.120194155378
12864.0625 0.120169908599
12896.0625 0.120144164636
12928.0625 0.120121771402
12960.0625 0.120098628877
12992.0625 0.120073957957
13024.0625 0.120047360823
13056.0625 0.120024264416
13088.0625 0.120000217944
13120.0625 0.119977329996
13152.0625 0.119952732678
13184.0625 0.119927686066
13216.0625 0.119904257054
13248.0625 0.119878817978
13280.0625 0.119852967107
13312.0625 0.119830140882
13344.0625 0.119805737583
13376.0625 0.11977897601
13408.0625 0.119754855704
13440.0625 0.119730915675
13472.0625 0.119704012956
13504.0625 0.119680576025
13536.0625 0.119654686257
13568.0625 0.119629587704
13600.0625 0.119603248408
13632.0625 0.119577854518
13664.0625 0.119555502742
13696.0625 0.119529640458
13728.0625 0.119503866682
13760.0625 0.11947800137
13792.0625 0.119449602864
13824.0625 0.119424015421
13856.0625 0.119400636253
13888.0625 0.11937513592
13920.0625 0.119348808969
13952.0625 0.119323512205
13984.0625 0.119297090922
14016.0625 0.119271350453
14048.0625 0.1192427556
14080.0625 0.119216855816
14112.0625 0.119192337457
14144.0625 0.119167837032
14176.0625 0.119138460512
14208.0625 0.119113191465
14240.0625 0.119086464131
14272.0625 0.119059215997
14304.0625 0.119033541211
14336.0625 0.119008505312
14368.0625 0.118979605106
14400.0625 0.118953089492
14432.0625 0.118929014139
14464.0625 0.118902509706
14496.0625 0.11887404645
14528.0625 0.118845732726
14560.0625 0.118820210266
14592.0625 0.118793229054
14624.0625 0.11876373957
14656.0625 0.118741136711
14688.0625 0.118709575906
14720.0625 0.118682612861
14752.0625 0.118657257169
14784.0625 0.118630643266
14816.0625 0.118602595299
14848.0625 0.118573595171
14880.0625 0.118547357427
14912.0625 0.118516600415
14944.0625 0.118491582451
14976.0625 0.118462329842
15008.0625 0.118437381287
15040.0625 0.118408752894
15072.0625 0.118380411686
15104.0625 0.118349421059
15136.0625 0.118321880849
15168.0625 0.118295152117
15200.0625 0.118269332457
15232.0625 0.118239259053
15264.0625 0.118211751917
15296.0625 0.118180129389
15328.0625 0.118153034514
15360.0625 0.118124066995
15392.0625 0.118096288977
15424.0625 0.118066701669
15456.0625 0.118037708762
15488.0625 0.11801099354
15520.0625 0.117984732736
15552.0625 0.11795394265
15584.0625 0.117925154942
15616.0625 0.117894341332
15648.0625 0.117868312979
15680.0625 0.117838882888
15712.0625 0.117806405792
15744.0625 0.117777603411
15776.0625 0.117748989924
15808.0625 0.117719551449
15840.0625 0.117688707326
15872.0625 0.117661628289
15904.0625 0.117634090175
15936.0625 0.117600919688
15968.0625 0.117571667546
16000.0625 0.117545157057
16032.0625 0.117513854789
16064.0625 0.117481397723
16096.0625 0.117451792248
16128.0625 0.117424526878
16160.0625 0.117396690166
16192.0625 0.117364599244
16224.0625 0.117335518528
16256.0625 0.117301657446
16288.0625 0.117272383176
16320.0625 0.117243236312
16352.0625 0.117210608985
16384.0625 0.117151721554
16448.0625 0.117092217827
16512.0625 0.117028404224
16576.0625 0.116965167321
16640.0625 0.116908354006
16704.0625 0.116846526943
16768.0625 0.116782251002
16832.0625 0.116717908913
16896.0625 0.116654278149
16960.0625 0.116596136281
17024.0625 0.116533660314
17088.0625 0.11646987932
17152.0625 0.116405871698
17216.0625 0.116341072395
17280.0625 0.116277785881
17344.0625 0.116209622806
17408.0625 0.11614872531
17472.0625 0.116083980044
17536.0625 0.116019027016
17600.0625 0.115949463418
17664.0625 0.115887111596
17728.0625 0.11581860497
17792.0625 0.115753981519
17856.0625 0.115685077771
17920.0625 0.115622777889
17984.0625 0.115554047664
18048.0625 0.115484520867
18112.0625 0.115417719652
18176.0625 0.115350253228
18240.0625 0.115283039286
18304.0625 0.115218076942
18368.0625 0.115147175941
18432.0625 0.115081181546
18496.0625 0.115008290279
18560.0625 0.114940769819
18624.0625 0.114874432805
18688.0625 0.114804001828
18752.0625 0.114733689871
18816.0625 0.114661546031
18880.0625 0.114591764889
18944.0625 0.114521100298
19008.0625 0.114451502927
19072.0625 0.1143795375
19136.0625 0.114313928116
19200.0625 0.114244686873
19264.0625 0.114171367506
19328.0625 0.114100737386
19392.0625 0.114027351405
19456.0625 0.113950868807
19520.0625 0.113884527833
19584.0625 0.113809946528
19648.0625 0.11373119463
19712.0625 0.113665323215
19776.0625 0.113590358763
19840.0625 0.113511889625
19904.0625 0.113437194657
19968.0625 0.11336794992
20032.0625 0.113293604093
20096.0625 0.113213986214
20160.0625 0.113143822857
20224.0625 0.113064637736
20288.0625 0.112993229211
20352.0625 0.112913642775
20416.0625 0.112843459854
20480.0625 0.112762280972
20544.0625 0.112684946601
20608.0625 0.112610726082
20672.0625 0.112531341817
20736.0625 0.112460706107
20800.0625 0.112378854332
20864.0625 0.112301807378
20928.0625 0.112222008989
20992.0625 0.11215221923
21056.0625 0.112065780641
21120.0625 0.111990092752
21184.0625 0.111911794109
21248.0625 0.111831769092
21312.0625 0.111751280108
21376.0625 0.11167855421
21440.0625 0.111591440165
21504.0625 0.111517277643
21568.0625 0.111433916106
21632.0625 0.111351219544
21696.0625 0.111276888391
21760.0625 0.111190672935
21824.0625 0.11110825168
21888.0625 0.111028188466
21952.0625 0.110953621135
22016.0625 0.110865581482
22080.0625 0.110790170297
22144.0625 0.110699859715
22208.0625 0.110625765669
22272.0625 0.110540661689
22336.0625 0.110451760014
22400.0625 0.11036932688
22464.0625 0.110293143812
22528.0625 0.110203586013
22592.0625 0.110117494469
22656.0625 0.110037655087
22720.0625 0.10994871009
22784.0625 0.109866352188
22848.0625 0.109787550679
22912.0625 0.109694276474
22976.0625 0.109610412771
23040.0625 0.109531966692
23104.0625 0.109437886365
23168.0625 0.109353929495
23232.0625 0.109274118994
23296.0625 0.109182777758
23360.0625 0.109095242369
23424.0625 0.109013944467
23488.0625 0.108920380748
23552.0625 0.108836282731
23616.0625 0.108748923658
23680.0625 0.108663126986
23744.0625 0.108571398877
23808.0625 0.108480195061
23872.0625 0.108393751814
23936.0625 0.10830672488
24000.0625 0.108215328676
24064.0625 0.108123659261
24128.0625 0.108041564554
24192.0625 0.10795199674
24256.0625 0.10786214966
24320.0625 0.107771708877
24384.0625 0.10768134845
24448.0625 0.107582557865
24512.0625 0.107490054379
24576.0625 0.107398985422
24640.0625 0.107311502904
24704.0625 0.107214475725
24768.0625 0.107123839758
24832.0625 0.107030402046
24896.0625 0.106937828918
24960.0625 0.10684518545
25024.0625 0.106751741915
25088.0625 0.106661809121
25152.0625 0.106566517166
25216.0625 0.106478209893
25280.0625 0.106389016608
25344.0625 0.106293060842
25408.0625 0.10619140376
25472.0625 0.106099466027
25536.0625 0.106000092453
25600.0625 0.105907129889
25664.0625 0.105809323839
25728.0625 0.105713918454
25792.0625 0.105617906555
25856.0625 0.105522189062
25920.0625 0.105426152009
25984.0625 0.105330469686
26048.0625 0.10524585413
26112.0625 0.105136586987
26176.0625 0.105042192922
26240.0625 0.104945642056
26304.0625 0.104855243198
26368.0625 0.104752035363
26432.0625 0.104646567311
26496.0625 0.104555059773
26560.0625 0.104455494975
26624.0625 0.104358220207
26688.0625 0.104253931408
26752.0625 0.104153759631
26816.0625 0.104063568069
26880.0625 0.103963663912
26944.0625 0.103860573932
27008.0625 0.103752149711
27072.0625 0.103666055139
27136.0625 0.103552496986
27200.0625 0.103450382691
27264.0625 0.103348479883
27328.0625 0.103247102766
27392.0625 0.103145572391
27456.0625 0.103044821352
27520.0625 0.102949973335
27584.0625 0.102849589139
27648.0625 0.102750129386
27712.0625 0.102647492427
27776.0625 0.102534856388
27840.0625 0.102427068028
27904.0625 0.102328989001
27968.0625 0.102224536229
28032.0625 0.102127714249
28096.0625 0.102011228576
28160.0625 0.10190810855
28224.0625 0.101808155015
28288.0625 0.101709609224
28352.0625 0.101591194775
28416.0625 0.10150043513
28480.0625 0.101386539249
28544.0625 0.101273444365
28608.0625 0.101179509378
28672.0625 0.101060968921
28736.0625 0.100964864555
28800.0625 0.10084759675
28864.0625 0.10075258639
28928.0625 0.100632317929
28992.0625 0.100534084246
29056.0625 0.100416838335
29120.0625 0.10032105679
29184.0625 0.10020032506
29248.0625 0.100101652796
29312.0625 0.0999835283264
29376.0625 0.0998873783087
29440.0625 0.0997648482347
29504.0625 0.0996671034418
29568.0625 0.0995450715749
29632.0625 0.0994479628753
29696.0625 0.0993251367652
29760.0625 0.0992176339601
29824.0625 0.0991070016968
29888.0625 0.0990022535882
29952.0625 0.0988811005131
30016.0625 0.0987826595344
30080.0625 0.0986583236634
30144.0625 0.0985506825062
30208.0625 0.0984467162963
30272.0625 0.0983261254802
30336.0625 0.0982190836157
30400.0625 0.0980952419923
30464.0625 0.0979947869897
30528.0625 0.0978714971441
30592.0625 0.0977651172265
30656.0625 0.0976429663397
30720.0625 0.0975423841651
30784.0625 0.0974204797033
30848.0625 0.0972989285749
30912.0625 0.0971879362236
30976.0625 0.0970694362936
31040.0625 0.0969603654986
31104.0625 0.0968400236696
31168.0625 0.0967330514469
31232.0625 0.0966219004799
31296.0625 0.0964902771358
31360.0625 0.0963851759266
31424.0625 0.0962695900077
31488.0625 0.0961405834739
31552.0625 0.0960301056338
31616.0625 0.095913776946
31680.0625 0.0957880887652
31744.0625 0.0956753879757
31808.0625 0.0955622215872
31872.0625 0.0954497385741
31936.0625 0.0953287042861
32000.0625 0.095198925869
32064.0625 0.0950812623401
32128.0625 0.0949684243631
32192.0625 0.094841651027
32256.0625 0.094725788171
32320.0625 0.094611304876
32384.0625 0.0944825722513
32448.0625 0.0943579545521
32512.0625 0.0942459499482
32576.0625 0.0941217247122
32640.0625 0.093997558404
32704.0625 0.0938771683614
32768.0625 0.0936323553373
32896.0625 0.0933876431658
33024.0625 0.0931426112007
33152.0625 0.0928926241825
33280.0625 0.0926509378216
33408.0625 0.0924108532234
33536.0625 0.0921537124259
33664.0625 0.0919006735105
33792.0625 0.0916598200568
33920.0625 0.0913941666486
34048.0625 0.0911500304781
34176.0625 0.0908953616171
34304.0625 0.0906318284424
34432.0625 0.0903767144791
34560.0625 0.0901262746724
34688.0625 0.0898618082036
34816.0625 0.0896112908359
34944.0625 0.0893417756817
35072.0625 0.0890897415656
35200.0625 0.0888324952572
35328.0625 0.0885652803806
35456.0625 0.0883026907482
35584.0625 0.0880336942978
35712.0625 0.0877754655501
35840.0625 0.0875092091225
35968.0625 0.0872362512383
36096.0625 0.0869683280644
36224.0625 0.0867070257583
36352.0625 0.0864307073633
36480.0625 0.0861700309022
36608.0625 0.0858850130979
36736.0625 0.085613154111
36864.0625 0.0853378987442
36992.0625 0.085065467017
37120.0625 0.0847901890574
37248.0625 0.0845217891047
37376.0625 0.0842430313814
37504.0625 0.0839636198631
37632.0625 0.0836736022858
37760.0625 0.0833919529114
37888.0625 0.0831127614986
38016.0625 0.0828261829248
38144.0625 0.0825380333331
38272.0625 0.082262166795
38400.0625 0.0819768219767
38528.0625 0.0816827861341
38656.0625 0.0814167684453
38784.0625 0.0811230512317
38912.0625 0.0808268839756
39040.0625 0.0805392945467
39168.0625 0.0802381990228
39296.0625 0.0799447249733
39424.0625 0.0796539744097
39552.0625 0.0793605972533
39680.0625 0.0790828692512
39808.0625 0.0787760318842
39936.0625 0.078469250417
40064.0625 0.0781903431617
40192.0625 0.0778724292456
40320.0625 0.0775739500661
40448.0625 0.0772890522135
40576.0625 0.0769694780728
40704.0625 0.0766859183221
40832.0625 0.0763648768111
40960.0625 0.0760839184982
41088.0625 0.0757523196077
41216.0625 0.0754550911867
41344.0625 0.0751532875984
41472.0625 0.0748605621407
41600.0625 0.0745204699715
41728.0625 0.0742269328018
41856.0625 0.0739254219889
41984.0625 0.07358932852
42112.0625 0.0733042795049
42240.0625 0.0729603314127
42368.0625 0.0726613195546
42496.0625 0.0723393207592
42624.0625 0.0720447999857
42752.0625 0.0716949563259
42880.0625 0.0713957856191
43008.0625 0.0710569665682
43136.0625 0.0707673549634
43264.0625 0.0704241147026
43392.0625 0.0700942538307
43520.0625 0.0697780101546
43648.0625 0.0694419672284
43776.0625 0.0691375864256
43904.0625 0.068795680773
44032.0625 0.0684994452726
44160.0625 0.0681460759646
44288.0625 0.0678065122816
44416.0625 0.0674798514413
44544.0625 0.0671737424024
44672.0625 0.0668171206567
44800.0625 0.066481478113
44928.0625 0.0661731482209
45056.0625 0.0658236707049
45184.0625 0.0655106277593
45312.0625 0.0651401312127
45440.0625 0.0648248192002
45568.0625 0.0644892539846
45696.0625 0.0641300827413
45824.0625 0.0637800250319
45952.0625 0.0634683087753
46080.0625 0.0631299576525
46208.0625 0.0627521913344
46336.0625 0.0624077692583
46464.0625 0.0620803975587
46592.0625 0.0617518773507
46720.0625 0.0613687630504
46848.0625 0.0610214705186
46976.0625 0.0606813641415
47104.0625 0.060327791265
47232.0625 0.0600038119857
47360.0625 0.0596540221295
47488.0625 0.059287757665
47616.0625 0.0589143144992
47744.0625 0.0585566856251
47872.0625 0.0581995924575
48000.0625 0.0578744178537
48128.0625 0.0575229030223
48256.0625 0.0571446000659
48384.0625 0.0567681678902
48512.0625 0.0564094657396
48640.0625 0.0560852323489
48768.0625 0.0557118651137
48896.0625 0.0553486625618
49024.0625 0.054984008245
49152.0625 0.054618435075
49280.0625 0.0542357579578
49408.0625 0.0538836349829
49536.0625 0.0535213943737
49664.0625 0.0531629633372
49792.0625 0.0527918071727
49920.0625 0.0524125189821
50048.0625 0.0520127379178
50176.0625 0.0516320308035
50304.0625 0.051257373447
50432.0625 0.050883049859
50560.0625 0.0505176779283
50688.0625 0.0501718998158
50816.0625 0.0497970025559
50944.0625 0.0493832854339
51072.0625 0.0490162747068
51200.0625 0.0486165190304
51328.0625 0.048258295522
51456.0625 0.0478532570797
51584.0625 0.0474859759373
51712.0625 0.0470839898581
51840.0625 0.0466957458177
51968.0625 0.0463098907958
52096.0625 0.0459730035495
52224.0625 0.0455572579628
52352.0625 0.0451849868299
52480.0625 0.0447564408833
52608.0625 0.0443695966676
52736.0625 0.0440226136811
52864.0625 0.0436010934101
52992.0625 0.0432319743282
53120.0625 0.0428289711052
53248.0625 0.0423950788069
53376.0625 0.0420405328078
53504.0625 0.0416204528889
53632.0625 0.0412218762328
53760.0625 0.0408115946204
53888.0625 0.0404016146342
54016.0625 0.0400190064602
54144.0625 0.0395977927066
54272.0625 0.0391947442979
54400.0625 0.0388267606811
54528.0625 0.0384405066742
54656.0625 0.038009564023
54784.0625 0.0375928853751
54912.0625 0.0371931276025
55040.0625 0.03677068382
55168.0625 0.0363570358739
55296.0625 0.0359828736967
55424.0625 0.0355536439091
55552.0625 0.0351235819129
55680.0625 0.0346959552855
55808.0625 0.0343309571848
55936.0625 0.0338810498213
56064.0625 0.0334631045767
56192.0625 0.033029689523
56320.0625 0.0326395686462
56448.0625 0.0322063112766
56576.0625 0.031772851969
56704.0625 0.0313751687783
56832.0625 0.030981337551
56960.0625 0.0305173418027
57088.0625 0.030092519017
57216.0625 0.0296668961652
57344.0625 0.0292406099689
57472.0625 0.0288007403495
57600.0625 0.0283834717256
57728.0625 0.027985079539
57856.0625 0.0275254765847
57984.0625 0.0271208615836
58112.0625 0.0266613653049
58240.0625 0.0262451986062
58368.0625 0.0258068441048
58496.0625 0.0253600042438
58624.0625 0.0249152112478
58752.0625 0.0244977385896
58880.0625 0.0240384789534
59008.0625 0.0236300031381
59136.0625 0.0231707868243
59264.0625 0.0227188039471
59392.0625 0.0223267524303
59520.0625 0.0218550939813
59648.0625 0.0213958813941
59776.0625 0.0210019323114
59904.0625 0.0205121613895
60032.0625 0.020062550062
60160.0625 0.0196175187931
60288.0625 0.0192171780319
60416.0625 0.0187194963539
60544.0625 0.018282251231
60672.0625 0.0178176023864
60800.0625 0.0173997796556
60928.0625 0.0169147769882
61056.0625 0.0164627300591
61184.0625 0.016058940279
61312.0625 0.0155536895326
61440.0625 0.0151105989191
61568.0625 0.0146269786076
61696.0625 0.0141765266867
61824.0625 0.0137565431949
61952.0625 0.0133137735395
62080.0625 0.012800207695
62208.0625 0.0123655982486
62336.0625 0.0118674910332
62464.0625 0.0114464100417
62592.0625 0.0109366968594
62720.0625 0.0104696534063
62848.0625 0.0100336681255
62976.0625 0.00953627409871
63104.0625 0.00906931076872
63232.0625 0.00863571450649
63360.0625 0.00813416968518
63488.0625 0.00767598844967
63616.0625 0.00719032313651
63744.0625 0.00670853587328
63872.0625 0.00627556103071
64000.0625 0.0057691741205
64128.0625 0.00533709716876
64256.0625 0.00480521015865
64384.0625 0.00433227043927
64512.0625 0.00387218232118
64640.0625 0.00337776379512
64768.0625 0.00288245459861
64896.0625 0.00245623664665
65024.0625 0.00192847294693
65152.0625 0.00143263433256
65280.0625 0.000988709181281
65408.0625 0.000489675193506
65536.0625 4.58825713845e-05
