0 1
0.0625 0.749390243902
0.25 0.281097560976
32.0 0.0314634146341
528.0 0.000365853658537
1536.0 0.000365838771913
1552.0 0.000365608029249
1568.0 0.000365600585938
1584.0 0.000365593142626
1600.0 0.000365585699314
1616.0 0.000365578256002
1632.0 0.000365570812691
1648.0 0.000365563369379
1664.0 0.000365555926067
1680.0 0.000365548482755
1696.0 0.000365541039444
1712.0 0.000365533596132
1728.0 0.00036552615282
1744.0 0.000365518709508
1760.0 0.000365511266197
1776.0 0.000365503822885
1792.0 0.000365496379573
1808.0 0.000365488936261
1824.0 0.00036548149295
1840.0 0.000365474049638
1856.0 0.000365466606326
1872.0 0.000365459163014
1888.0 0.000365451719703
1904.0 0.000365444276391
1920.0 0.000365436833079
1936.0 0.000365429389768
1952.0 0.000365421946456
1968.0 0.000365414503144
1984.0 0.000365407059832
2000.0 0.000365399616521
2016.0 0.000365392173209
2032.0 0.000365384729897
2048.0 0.000359720369665
2064.0 0.00030487804878
