0 1
0.0625 0.749390243902
0.25 0.281097560976
32.0 0.0314634146341
528.0 0.000365694867886
544.0 0.000365684943471
560.0 0.000365655170224
576.0 0.000365605548145
592.0 0.000365536077236
608.0 0.000365446757495
624.0 0.000365317740091
640.0 0.00036518376048
656.0 0.00036502496983
672.0 0.000364836405932
688.0 0.000364637917619
704.0 0.000364409656059
720.0 0.000364146659045
736.0 0.000363868775407
752.0 0.000363561118521
768.0 0.000363238575013
784.0 0.000362876333841
800.0 0.000362499206047
816.0 0.000362097267213
832.0 0.000361645706301
848.0 0.000361189183181
864.0 0.000360673113567
880.0 0.000360152081745
896.0 0.000359586390053
912.0 0.000358995887322
928.0 0.000358380573552
944.0 0.000357725562119
960.0 0.000357035815231
976.0 0.000356311332889
992.0 0.000355557077299
1008.0 0.000354758161839
1024.0 0.000353924510925
1040.0 0.000353041237932
1056.0 0.000352143078316
1072.0 0.000351259805323
1088.0 0.000350381494538
1104.0 0.000349478372713
1120.0 0.000348575250889
1136.0 0.000347696940104
1152.0 0.000346803742696
1168.0 0.000345905583079
1184.0 0.00034503719671
1200.0 0.000344143999301
1216.0 0.000343255764101
1232.0 0.000342362566692
1248.0 0.000341459444868
1264.0 0.000340566247459
1280.0 0.000339692898882
1296.0 0.000338804663681
1312.0 0.000337921390689
1328.0 0.00033702819328
1344.0 0.000336130033664
1360.0 0.000335261647294
1376.0 0.000334368449886
1392.0 0.000333485176893
1408.0 0.000332591979484
1424.0 0.000331713668699
1440.0 0.000330810546875
1456.0 0.000329927273882
1472.0 0.000329044000889
1488.0 0.000328135916857
1504.0 0.000327242719449
1520.0 0.00032634952204
1536.0 0.000325456324632
1552.0 0.000325203252033
2560.0 0.000325198289825
2592.0 0.000325193327617
2608.0 0.000325188365409
2624.0 0.000325183403201
2640.0 0.000325178440993
2656.0 0.000325173478786
2672.0 0.000325168516578
2688.0 0.00032516355437
2704.0 0.000325158592162
2720.0 0.000325153629954
2736.0 0.000325148667746
2752.0 0.000325143705539
2768.0 0.000325138743331
2784.0 0.000325133781123
2800.0 0.000325128818915
2816.0 0.000325123856707
2832.0 0.000325118894499
2848.0 0.000325113932292
2864.0 0.000325108970084
2880.0 0.000325104007876
2896.0 0.000325099045668
2912.0 0.00032509408346
2928.0 0.000325089121253
2944.0 0.000325084159045
2960.0 0.000325079196837
2976.0 0.000325074234629
2992.0 0.000325069272421
3008.0 0.000325064310213
3024.0 0.000325059348006
3040.0 0.000325054385798
3056.0 0.00032504942359
3072.0 0.000323615345528
3088.0 0.000284552845528
