0 1
0.0625 0.854103838944
0.125 0.588434265221
0.25 0.361729855798
0.5 0.156125193577
1.0 0.156043687342
2.0 0.155717662401
4.0 0.155167375686
8.0 0.153965039089
16.0 0.151743635296
32.0 0.147178807613
48.0 0.142654653296
64.0 0.131172003836
80.0 0.1300506192
96.0 0.128990559632
112.0 0.127930460188
128.0 0.126890513998
144.0 0.12570541573
160.0 0.0671684909336
176.0 0.0642007867026
192.0 0.061233070509
208.0 0.0580638137996
224.0 0.0417508153415
240.0 0.0417507754656
256.0 0.0417506638133
272.0 0.0417506239374
288.0 0.041750512285
304.0 0.0417504365209
320.0 0.0417503248685
336.0 0.0417502849927
352.0 0.0417500178245
368.0 0.0417498702839
384.0 0.0417496429915
400.0 0.0417495672274
416.0 0.0417493399351
432.0 0.0417492242951
448.0 0.0417489970028
464.0 0.0417489212387
480.0 0.0417486939463
496.0 0.0417486181822
512.0 0.0417483908899
528.0 0.0417483151258
544.0 0.0417480878334
560.0 0.041747976181
576.0 0.0417477488887
592.0 0.0417476731246
608.0 0.0417472903164
624.0 0.0417471068875
640.0 0.0417467639552
656.0 0.0417466523029
672.0 0.0417463093706
688.0 0.0417461578423
704.0 0.04174581491
720.0 0.0417457032576
736.0 0.0417453603253
752.0 0.041745248673
768.0 0.0417449057407
784.0 0.0417447940883
800.0 0.041744451156
816.0 0.0417443036154
832.0 0.0417439606831
848.0 0.0417438490307
864.0 0.0417433505826
880.0 0.0417431312654
896.0 0.0417426726931
912.0 0.0417425251525
928.0 0.0417420665802
944.0 0.0417418791637
960.0 0.0417414205915
976.0 0.0417412730508
992.0 0.0417408144786
1008.0 0.0417406669379
1024.0 0.0417402083657
1040.0 0.041740060825
1056.0 0.0417396022528
1072.0 0.0417394188239
1088.0 0.0417389602516
1104.0 0.041738812711
1120.0 0.0417381986229
1136.0 0.0417379434174
1152.0 0.0417373692052
1168.0 0.0417371857763
1184.0 0.0417366115641
1200.0 0.0417363882593
1216.0 0.0417358140471
1232.0 0.0417356306182
1248.0 0.041735056406
1264.0 0.0417348729771
1280.0 0.0417342987649
1296.0 0.0417341113484
1312.0 0.0417335411237
1328.0 0.0417333098438
1344.0 0.0417327475943
1360.0 0.0417324246
1376.0 0.0417318344374
1392.0 0.0417313838403
1408.0 0.0417308534915
1424.0 0.0417304746709
1440.0 0.0417299443221
1456.0 0.0417294897375
1472.0 0.0417289952769
1488.0 0.0417285367047
1504.0 0.0417280861076
1520.0 0.0417276275353
1536.0 0.0417271769382
1552.0 0.041726718366
1568.0 0.0417262677689
1584.0 0.0417257733084
1600.0 0.0417253227113
1616.0 0.0417248561638
1632.0 0.0417242580261
1648.0 0.0417236120373
1664.0 0.041723125552
1680.0 0.0417225074763
1696.0 0.0417220648544
1712.0 0.0417213789898
1728.0 0.041720964281
1744.0 0.0417203182922
1760.0 0.0417199035834
1776.0 0.0417192575946
1792.0 0.0417188428858
1808.0 0.0417181968971
1824.0 0.0417177821882
1840.0 0.0417170644229
1856.0 0.0417166856024
1872.0 0.0417159518868
1888.0 0.041715469389
1904.0 0.0417146160458
1920.0 0.0417141853866
1936.0 0.0417133440062
1952.0 0.0417129691733
1968.0 0.041712087917
1984.0 0.0417116492827
2000.0 0.0417108756912
2016.0 0.0417104330693
2032.0 0.041709599664
2048.0 0.0417091889428
2064.0 0.0417083395872
2080.0 0.041707976717
2096.0 0.0417070555849
2112.0 0.0417067286029
2128.0 0.0417058353839
2144.0 0.0417053528861
2160.0 0.0417043559899
2176.0 0.0417039014052
2192.0 0.0417029603352
2208.0 0.0417024937877
2224.0 0.0417015567053
2240.0 0.0417010861703
2256.0 0.0417001411127
2272.0 0.0416997224162
2288.0 0.0416987414704
2304.0 0.0416983586622
2320.0 0.0416973537908
2336.0 0.0416969909206
2352.0 0.0416959182603
2368.0 0.0416955474149
2384.0 0.0416945545062
2400.0 0.0416939045299
2416.0 0.0416929275716
2432.0 0.0416922935456
2448.0 0.0416914122893
2464.0 0.0416907184496
2480.0 0.0416898371933
2496.0 0.0416891313908
2512.0 0.0416882820352
2528.0 0.0416876001582
2544.0 0.0416867109267
2560.0 0.0416859931615
2576.0 0.0416851956445
2592.0 0.0416844180654
2608.0 0.0416836524491
2624.0 0.0416828549321
2640.0 0.0416821291917
2656.0 0.0416811801465
2672.0 0.0416803467412
2688.0 0.0416794415595
2704.0 0.0416786799308
2720.0 0.0416777627862
2736.0 0.041676929381
2752.0 0.0416759564103
2768.0 0.0416751668685
2784.0 0.0416742058605
2800.0 0.0416734402442
2816.0 0.0416725111369
2832.0 0.0416717654586
2848.0 0.0416708323637
2864.0 0.0416700308591
2880.0 0.0416690977643
2896.0 0.0416683201852
2912.0 0.0416672475249
2928.0 0.0416663862065
2944.0 0.0416653015834
2960.0 0.0416645359671
2976.0 0.0416634393813
2992.0 0.0416625980009
3008.0 0.041661521353
3024.0 0.0416607397863
3040.0 0.0416596272501
3056.0 0.0416588735966
3072.0 0.0416577929611
3088.0 0.0416570113944
3104.0 0.0416559546844
3120.0 0.0416550973537
3136.0 0.0416540406437
3152.0 0.0416531713502
3168.0 0.041652010963
3184.0 0.041651002104
3200.0 0.0416499374188
3216.0 0.0416489405226
3232.0 0.0416479675519
3248.0 0.0416468510281
3264.0 0.0416459578091
3280.0 0.0416448572357
3296.0 0.0416439719918
3312.0 0.0416428554681
3328.0 0.0416419622491
3344.0 0.0416407978743
3360.0 0.0416399285808
3376.0 0.0416387203425
3392.0 0.0416379148504
3408.0 0.0416366946494
3424.0 0.0416357057284
3440.0 0.0416344257136
3456.0 0.0416334846436
3472.0 0.0416322006412
3488.0 0.0416313433105
3504.0 0.0416299317054
3520.0 0.0416291182381
3536.0 0.0416277664468
3552.0 0.0416269131037
3568.0 0.0416256171386
3584.0 0.0416247438575
3600.0 0.0416234877682
3616.0 0.0416226025244
3632.0 0.0416213105469
3648.0 0.0416204093527
3664.0 0.0416191054124
3680.0 0.0416180168018
3696.0 0.0416166331098
3712.0 0.041615516586
3728.0 0.0416142445465
3744.0 0.0416131240351
3760.0 0.0416118679459
3776.0 0.0416107195214
3792.0 0.0416095750845
3808.0 0.0416083947594
3824.0 0.0416072782356
3840.0 0.0416061018981
3856.0 0.0416049335357
3872.0 0.0416037213099
3888.0 0.0416025609227
3904.0 0.0416013247714
3920.0 0.0416002401483
3936.0 0.0415988046178
3952.0 0.0415975963795
3968.0 0.0415962445882
3984.0 0.0415951161017
4000.0 0.0415937044967
4016.0 0.0415925959481
4032.0 0.0415911763678
4048.0 0.0415900678192
4064.0 0.0415887000776
4080.0 0.0415876074794
4096.0 0.0415862477129
4112.0 0.0415851511271
4128.0 0.0415837514848
4144.0 0.0415826030603
4160.0 0.0415812153808
4176.0 0.0415800390432
4192.0 0.0415785117982
4208.0 0.0415771998828
4224.0 0.041575728464
4240.0 0.0415744444616
4256.0 0.041573124571
4272.0 0.0415717089784
4288.0 0.0415705007402
4304.0 0.0415690931227
4320.0 0.0415678649466
4336.0 0.0415664453663
4352.0 0.0415651932647
4368.0 0.0415637218459
4384.0 0.0415625375331
4400.0 0.0415610102881
4416.0 0.0415598379382
4432.0 0.0415583346187
4448.0 0.0415570426412
4464.0 0.0415553558927
4480.0 0.0415541476545
4496.0 0.0415525247075
4512.0 0.041551328432
4528.0 0.0415496576339
4544.0 0.0415485052219
4560.0 0.0415468782873
4576.0 0.0415457059373
4592.0 0.0415440869778
4608.0 0.0415428069631
4624.0 0.0415412159167
4640.0 0.0415399478647
4656.0 0.0415383448556
4672.0 0.0415370329402
4688.0 0.0415354578441
4704.0 0.0415339784501
4720.0 0.0415324153169
4736.0 0.0415309159849
4752.0 0.0415295083675
4768.0 0.0415279412466
4784.0 0.0415265336291
4800.0 0.04152493062
4816.0 0.0415235469281
4832.0 0.0415218960679
4848.0 0.0415205323139
4864.0 0.0415189013917
4880.0 0.0415175496004
4896.0 0.0415158947526
4912.0 0.0415145429614
4928.0 0.0415128043743
4944.0 0.0415115004341
4960.0 0.0415096262692
4976.0 0.0415082505524
4992.0 0.0415064840523
5008.0 0.0415050963727
5024.0 0.041503345823
5040.0 0.0415018544662
5056.0 0.041500175693
5072.0 0.0414986564231
5088.0 0.0414970414513
5104.0 0.0414954583801
5120.0 0.0414939271475
5136.0 0.0414922722997
5152.0 0.0414908128437
5168.0 0.0414891061573
5184.0 0.0414876546764
5200.0 0.0414858762136
5216.0 0.0414843569437
5232.0 0.0414824548657
5248.0 0.0414809595214
5264.0 0.0414791172572
5280.0 0.0414776099501
5296.0 0.0414757517355
5312.0 0.041474316205
5328.0 0.041472394189
5344.0 0.0414709626461
5360.0 0.0414690366426
5376.0 0.0414675851617
5392.0 0.0414658027112
5408.0 0.0414642116648
5424.0 0.0414625608047
5440.0 0.0414608660811
5456.0 0.0414591992706
5472.0 0.0414573570064
5488.0 0.041455574556
5504.0 0.0414537801428
5520.0 0.041452125295
5536.0 0.041450223217
5552.0 0.0414486680589
5568.0 0.0414466623037
5584.0 0.0414451629718
5600.0 0.0414431731669
5616.0 0.0414416499095
5632.0 0.0414396880177
5648.0 0.0414382165989
5664.0 0.0414362188189
5680.0 0.0414347513876
5696.0 0.0414327296821
5712.0 0.0414311585737
5728.0 0.0414290969923
5744.0 0.0414273584052
5760.0 0.0414254005011
5776.0 0.0414236300134
5792.0 0.0414217558485
5808.0 0.0414199534601
5824.0 0.04141818696
5840.0 0.0414163008323
5856.0 0.0414145542702
5872.0 0.041412576428
5888.0 0.0414108976548
5904.0 0.0414089437382
5920.0 0.0414072530022
5936.0 0.0414052631974
5952.0 0.0414035844241
5968.0 0.0414015068924
5984.0 0.0413997762805
6000.0 0.0413975990592
6016.0 0.0413958724349
6032.0 0.0413938746549
6048.0 0.0413920164403
6064.0 0.0413899947348
6080.0 0.0413881724085
6096.0 0.0413861706409
6112.0 0.0413842924884
6128.0 0.0413823744601
6144.0 0.0413804045931
6160.0 0.0413786181551
6176.0 0.0413766004371
6192.0 0.0413748419122
6208.0 0.0413727484301
6224.0 0.04137098193
6240.0 0.0413687488825
6256.0 0.0413668627548
6272.0 0.0413646695831
6288.0 0.0413629230209
6304.0 0.0413606261721
6320.0 0.0413588556844
6336.0 0.0413565747858
6352.0 0.0413548361988
6368.0 0.0413526430271
6384.0 0.0413507489243
6400.0 0.0413487511442
6416.0 0.0413467772897
6432.0 0.0413447635593
6448.0 0.04134279768
6464.0 0.0413407719869
6480.0 0.0413386625545
6496.0 0.0413366368613
6512.0 0.0413343360248
6528.0 0.0413324618599
6544.0 0.0413301490607
6560.0 0.0413282748958
6576.0 0.0413259820345
6592.0 0.0413241636958
6608.0 0.0413219226731
6624.0 0.041319992682
6640.0 0.0413177755848
6656.0 0.0413157738172
6672.0 0.0413136643848
6688.0 0.0413115150765
6704.0 0.0413094893834
6720.0 0.0413073041869
6736.0 0.0413053223572
6752.0 0.0413029856324
6768.0 0.0413009200634
6784.0 0.0412985913139
6800.0 0.0412966453724
6816.0 0.0412942049705
6832.0 0.0412923068801
6848.0 0.0412899103415
6864.0 0.0412879763629
6880.0 0.0412855200106
6896.0 0.0412836697712
6912.0 0.0412811695555
6928.0 0.0412793233037
6944.0 0.0412769347403
6960.0 0.0412749369603
6976.0 0.0412725842852
6992.0 0.0412704748528
7008.0 0.0412681700287
7024.0 0.0412658652046
7040.0 0.0412636919709
7056.0 0.0412612276434
7072.0 0.0412591381489
7088.0 0.0412567136973
7104.0 0.0412546401532
7120.0 0.0412522157015
7136.0 0.0412501381698
7152.0 0.0412477655568
7168.0 0.0412456640996
7184.0 0.04124333535
7200.0 0.04124110629
7216.0 0.0412388134287
7232.0 0.0412365006295
7248.0 0.0412341758675
7264.0 0.0412318869938
7280.0 0.0412294904552
7296.0 0.0412271975939
7312.0 0.0412248967574
7328.0 0.0412224284424
7344.0 0.0412202153328
7360.0 0.041217715117
7376.0 0.0412155658088
7392.0 0.0412130097669
7408.0 0.0412109322351
7424.0 0.0412083004291
7440.0 0.041206274736
7456.0 0.0412036867934
7472.0 0.0412015534355
7488.0 0.0411990372694
7504.0 0.0411967244702
7520.0 0.0411942920434
7536.0 0.0411917639146
7552.0 0.0411894949788
7568.0 0.0411869070362
7584.0 0.0411845862617
7600.0 0.0411819983192
7616.0 0.0411797054578
7632.0 0.0411771414408
7648.0 0.0411748685174
7664.0 0.0411723643141
7680.0 0.04117005949
7696.0 0.0411675473115
7712.0 0.0411651308351
7728.0 0.0411626385945
7744.0 0.0411602261056
7760.0 0.0411577139272
7776.0 0.0411552815004
7792.0 0.0411527214709
7808.0 0.0411502411931
7824.0 0.0411477569277
7840.0 0.0411450972085
7856.0 0.041142720608
7872.0 0.0411399930999
7888.0 0.0411377560648
7904.0 0.041134948805
7920.0 0.0411328234222
7936.0 0.0411300759763
7952.0 0.0411277233012
7968.0 0.0411250755448
7984.0 0.0411226032422
8000.0 0.0411200671382
8016.0 0.0411173635556
8032.0 0.0411150268309
8048.0 0.0411121079187
8064.0 0.0411097951195
8080.0 0.0411068961453
8096.0 0.0411045115695
8112.0 0.0411017003221
8128.0 0.0410992798581
8144.0 0.0410966121638
8160.0 0.0410941159357
8176.0 0.041091452229
8192.0 0.0410888403609
8208.0 0.0410862045673
8224.0 0.0410836525129
8240.0 0.0410810127317
8256.0 0.0410784806153
8272.0 0.0410758089334
8288.0 0.0410732050405
8304.0 0.0410703977807
8320.0 0.0410677260989
8336.0 0.041065054417
8352.0 0.0410622032938
8368.0 0.0410597070656
8384.0 0.0410568399921
8400.0 0.041054391615
8416.0 0.0410515923304
8432.0 0.0410489844499
8448.0 0.0410463087804
8464.0 0.0410434536696
8480.0 0.0410409933297
8496.0 0.0410380185914
8512.0 0.0410357297177
8528.0 0.0410324878111
8544.0 0.0410301271609
8560.0 0.0410269251302
8576.0 0.0410245006786
8592.0 0.0410214860644
8608.0 0.0410188462832
8624.0 0.0410159991476
8640.0 0.0410132796147
8656.0 0.041010472355
8672.0 0.0410077288965
8688.0 0.0410049216368
8704.0 0.0410022379921
8720.0 0.0409993868689
8736.0 0.0409967710133
8752.0 0.0409939238776
8768.0 0.0409912521958
8784.0 0.0409882734698
8800.0 0.0409854263342
8816.0 0.0409825353352
8832.0 0.0409795725596
8848.0 0.0409768649895
8864.0 0.0409739062015
8880.0 0.0409710909665
8896.0 0.0409682079427
8912.0 0.0409652770678
8928.0 0.0409626173486
8944.0 0.0409593913925
8960.0 0.0409569988415
8976.0 0.0409536293323
8992.0 0.0409513962848
9008.0 0.0409479829121
9024.0 0.040945514597
9040.0 0.040942200914
9056.0 0.0409395770831
9072.0 0.0409363949904
9088.0 0.0409335159541
9104.0 0.0409306329302
9120.0 0.0409275585023
9136.0 0.040924679466
9152.0 0.0409217286531
9168.0 0.0409187738527
9184.0 0.040915918742
9200.0 0.0409128802023
9216.0 0.0409100769301
9232.0 0.040906926738
9248.0 0.0409041274534
9264.0 0.0409010490379
9280.0 0.0408981779768
9296.0 0.0408951633626
9312.0 0.0408921607112
9328.0 0.040888982606
9344.0 0.0408860916069
9360.0 0.0408827420356
9376.0 0.0408800783289
9392.0 0.0408765971673
9408.0 0.040874092964
9424.0 0.0408706317403
9440.0 0.0408680398101
9456.0 0.0408645985244
9472.0 0.040861835128
9488.0 0.0408586410725
9504.0 0.0408556982349
9520.0 0.0408526915959
9536.0 0.0408495334286
9552.0 0.04084654274
9568.0 0.0408432729204
9584.0 0.0408401825421
9600.0 0.0408370483003
9616.0 0.0408339260214
9632.0 0.040830855581
9648.0 0.0408275737986
9664.0 0.0408245870975
9680.0 0.0408213571538
9696.0 0.0408182946886
9712.0 0.0408151125958
9728.0 0.0408121657706
9744.0 0.0408089198765
9760.0 0.0408059172251
9776.0 0.040802603542
9792.0 0.0407995570272
9808.0 0.0407961835303
9824.0 0.0407932406927
9840.0 0.0407898392828
9856.0 0.0407867209914
9872.0 0.0407834750973
9888.0 0.0407801135632
9904.0 0.0407770351477
9920.0 0.0407735898743
9936.0 0.0407706948877
9952.0 0.0407671618875
9968.0 0.0407643665905
9984.0 0.0407607817517
10000.0 0.0407578588519
10016.0 0.0407543776903
10032.0 0.0407513511134
10048.0 0.0407481052193
10064.0 0.0407447317225
10080.0 0.0407414300022
10096.0 0.0407381322695
10112.0 0.0407347707354
10128.0 0.0407315726923
10144.0 0.0407281154562
10160.0 0.0407250210903
10176.0 0.040721527966
10192.0 0.0407183937242
10208.0 0.0407148886371
10224.0 0.0407117543954
10240.0 0.0407083370351
10256.0 0.040705206781
10272.0 0.0407017894207
10288.0 0.0406986990425
10304.0 0.0406949586878
10320.0 0.0406919560364
10336.0 0.0406881279549
10352.0 0.04068519708
10368.0 0.0406814208371
10384.0 0.0406783464092
10400.0 0.0406746259925
10416.0 0.0406713880735
10432.0 0.0406679747008
10448.0 0.0406645653158
10464.0 0.0406613234092
10480.0 0.040657790409
10496.0 0.0406545166018
10512.0 0.0406510513906
10528.0 0.0406476858689
10544.0 0.0406443681983
10560.0 0.0406407753843
10576.0 0.0406374896143
10592.0 0.0406337492597
10608.0 0.0406304196263
10624.0 0.0406268427627
10640.0 0.0406234692658
10656.0 0.0406198884146
10672.0 0.040616455104
10688.0 0.0406129380541
10704.0 0.0406094489174
10720.0 0.0406059916813
10736.0 0.0406024985569
10752.0 0.0405990692339
10768.0 0.0405955123082
10784.0 0.0405921427989
10800.0 0.0405884463077
10816.0 0.0405852323143
10832.0 0.0405812287791
10848.0 0.0405781384008
10864.0 0.0405740072628
10880.0 0.040570912897
10896.0 0.0405669731631
10912.0 0.0405636275793
10928.0 0.0405599350757
10944.0 0.0405564698645
10960.0 0.0405528052739
10976.0 0.0405493360751
10992.0 0.0405457592114
11008.0 0.0405422341864
11024.0 0.040538577571
11040.0 0.0405351283101
11056.0 0.0405313002286
11072.0 0.0405280264214
11088.0 0.0405240468117
11104.0 0.0405206214763
11120.0 0.0405166976927
11136.0 0.0405132843201
11152.0 0.0405094243379
11168.0 0.0405058993128
11184.0 0.0405020313555
11200.0 0.0404985980449
11216.0 0.0404946981869
11232.0 0.0404912888018
11248.0 0.0404875285092
11264.0 0.0404839396828
11280.0 0.040480191353
11296.0 0.040476387197
11312.0 0.0404729459113
11328.0 0.0404690181402
11344.0 0.0404656247054
11360.0 0.0404613819151
11376.0 0.0404579525921
11392.0 0.0404539809575
11408.0 0.0404503442801
11424.0 0.0404465680372
11440.0 0.0404427559061
11456.0 0.0404391112535
11472.0 0.0404352911471
11488.0 0.0404315866808
11504.0 0.040427818413
11520.0 0.0404239424805
11536.0 0.0404203975176
11552.0 0.0404163899947
11568.0 0.0404128928828
11584.0 0.0404089132731
11600.0 0.0404052526701
11616.0 0.0404011215322
11632.0 0.0403974968175
11648.0 0.0403935211954
11664.0 0.0403898685676
11680.0 0.0403856656531
11696.0 0.0403820568888
11712.0 0.0403781171549
11728.0 0.0403744206637
11744.0 0.040370556694
11760.0 0.0403665531587
11776.0 0.0403628965434
11792.0 0.0403587295172
11808.0 0.0403553121569
11824.0 0.0403510334783
11840.0 0.0403476001677
11856.0 0.0403432377499
11872.0 0.0403394894201
11888.0 0.0403354420214
11904.0 0.0403315541261
11920.0 0.0403275944543
11936.0 0.0403237145342
11952.0 0.0403196152969
11968.0 0.0403158988678
11984.0 0.0403116760154
12000.0 0.0403080672511
12016.0 0.0403037566718
12032.0 0.040300287473
12048.0 0.0402959130923
12064.0 0.0402922843901
12080.0 0.0402880376122
12096.0 0.0402844447982
12112.0 0.0402801023182
12128.0 0.0402762941747
12144.0 0.0402720274588
12160.0 0.0402681395636
12176.0 0.0402641001401
12192.0 0.0402600328035
12208.0 0.0402559176159
12224.0 0.040251814391
12240.0 0.0402479902971
12256.0 0.0402437036433
12272.0 0.0402400350652
12288.0 0.0402357204984
12304.0 0.0402318405783
12320.0 0.0402276735521
12336.0 0.0402236540665
12352.0 0.0402197422457
12368.0 0.0402154914802
12384.0 0.0402113922429
12400.0 0.0402071534402
12416.0 0.040203082116
12432.0 0.0401990706056
12448.0 0.0401945885602
12464.0 0.0401908681435
12480.0 0.0401863183091
12496.0 0.040182649731
12512.0 0.0401781916111
12528.0 0.0401742678276
12544.0 0.0401700489628
12560.0 0.0401660573903
12576.0 0.0401618465006
12592.0 0.0401576276358
12608.0 0.0401535563116
12624.0 0.0401492736455
12640.0 0.0401451305448
12656.0 0.0401406524869
12672.0 0.0401366449641
12688.0 0.0401321350056
12704.0 0.0401283069241
12720.0 0.0401237172139
12736.0 0.0401199250206
12752.0 0.0401153233477
12768.0 0.0401112719614
12784.0 0.0401069773325
12800.0 0.0401028142939
12816.0 0.0400986392925
12832.0 0.0400944044773
12848.0 0.0400900978856
12864.0 0.0400861262511
12880.0 0.0400814607768
12896.0 0.040077501105
12912.0 0.0400727080279
12928.0 0.0400687603189
12944.0 0.0400642383976
12960.0 0.0400600115576
12976.0 0.040055637177
12992.0 0.0400513186225
13008.0 0.0400470957701
13024.0 0.0400426336626
13040.0 0.0400384785992
13056.0 0.0400339128145
13072.0 0.0400299013041
13088.0 0.0400254192587
13104.0 0.0400212801455
13120.0 0.0400166665098
13136.0 0.0400124277071
13152.0 0.0400078340093
13168.0 0.040003571281
13184.0 0.0399990732853
13200.0 0.0399945952274
13216.0 0.0399903125613
13232.0 0.0399857946276
13248.0 0.0399815757628
13264.0 0.0399769661146
13280.0 0.0399725279326
13296.0 0.0399682931175
13312.0 0.0399637113824
13328.0 0.0399595642941
13344.0 0.0399550343977
13360.0 0.0399505722902
13376.0 0.0399462298103
13392.0 0.0399414726215
13408.0 0.0399372338187
13424.0 0.0399323968783
13440.0 0.0399281540879
13456.0 0.0399234208247
13472.0 0.0399191740468
13488.0 0.0399144248331
13504.0 0.0399102418566
13520.0 0.0399053889658
13536.0 0.0399010943368
13552.0 0.0398965006391
13568.0 0.0398921142957
13584.0 0.0398875644613
13600.0 0.0398829627883
13616.0 0.0398785246063
13632.0 0.0398738511569
13648.0 0.0398694488631
13664.0 0.0398645919847
13680.0 0.0398601976662
13696.0 0.0398554644029
13712.0 0.0398507869658
13728.0 0.0398463368211
13744.0 0.039841611533
13760.0 0.039837057711
13776.0 0.0398325198394
13792.0 0.0398276789114
13808.0 0.0398235597362
13824.0 0.0398185074661
13840.0 0.039814272651
13856.0 0.0398093758967
13872.0 0.0398050055037
13888.0 0.0398002881907
13904.0 0.0397955469523
13920.0 0.0397909014159
13936.0 0.0397861003637
13952.0 0.039781534579
13968.0 0.0397765381351
13984.0 0.0397721956552
14000.0 0.0397671992113
14016.0 0.0397627849548
14032.0 0.0397578602875
14048.0 0.0397532785524
14064.0 0.0397485333264
14080.0 0.0397439077279
14096.0 0.0397391306012
14112.0 0.0397344212635
14128.0 0.0397297557891
14144.0 0.0397250384762
14160.0 0.0397202932502
14176.0 0.0397153685828
14192.0 0.0397104638534
14208.0 0.0397060137087
14224.0 0.0397008298483
14240.0 0.0396963717284
14256.0 0.0396913393963
14272.0 0.0396865064434
14288.0 0.0396819885097
14304.0 0.0396767328728
14320.0 0.0396725538838
14336.0 0.0396672264704
14352.0 0.0396627563878
14368.0 0.0396578476707
14384.0 0.0396531542833
14400.0 0.039648161827
14416.0 0.0396434764148
14432.0 0.0396383842689
14448.0 0.0396334596015
14464.0 0.0396286386114
14480.0 0.039623618242
14496.0 0.0396188809912
14512.0 0.0396138925225
14528.0 0.0396091273585
14544.0 0.0396041229395
14560.0 0.039599285999
14576.0 0.0395942656296
14592.0 0.0395894446395
14608.0 0.0395845837735
14624.0 0.0395797707585
14640.0 0.039574838116
14656.0 0.0395699692749
14672.0 0.0395647295883
14688.0 0.0395600401885
14704.0 0.039554684862
14720.0 0.0395500991393
14736.0 0.0395449073038
14752.0 0.0395397314186
14768.0 0.0395350818946
14784.0 0.0395296667543
14800.0 0.0395251368579
14816.0 0.0395197735562
14832.0 0.0395150562433
14848.0 0.0395099601098
14864.0 0.0395050513928
14880.0 0.0394999273462
14896.0 0.039495221996
14912.0 0.039489958384
14928.0 0.0394849061139
14944.0 0.0394797780797
14960.0 0.0394746500456
14976.0 0.0394695858127
14992.0 0.0394644378406
15008.0 0.0394593456947
15024.0 0.0394542296233
15040.0 0.0394492650801
15056.0 0.0394439695674
15072.0 0.0394391166766
15088.0 0.03943387699
15104.0 0.0394289363723
15120.0 0.0394236807355
15136.0 0.0394190152611
15152.0 0.039413396754
15168.0 0.03940874723
15184.0 0.0394031725863
15200.0 0.0393980086639
15216.0 0.0393929723442
15232.0 0.039387489415
15248.0 0.0393827043131
15264.0 0.039377133657
15280.0 0.0393721930393
15296.0 0.0393668576507
15312.0 0.0393617176538
15328.0 0.0393565098679
15344.0 0.0393514934861
15360.0 0.0393460982838
15376.0 0.0393412174798
15392.0 0.0393357704389
15408.0 0.0393306623426
15424.0 0.039325442594
15440.0 0.0393202148702
15456.0 0.039314731941
15472.0 0.0393096876461
15488.0 0.0393042565555
15504.0 0.0392988454028
15520.0 0.039293617679
15536.0 0.03928826634
15552.0 0.0392830745045
15568.0 0.0392775915753
15584.0 0.03927276261
15600.0 0.0392670444132
15616.0 0.0392621556342
15632.0 0.0392565490898
15648.0 0.0392514689066
15664.0 0.0392461574436
15680.0 0.039240610713
15696.0 0.0392355943312
15712.0 0.0392296448545
15728.0 0.0392246763237
15744.0 0.0392191176304
15760.0 0.0392137463536
15776.0 0.0392082793747
15792.0 0.039203059626
15808.0 0.0391974969451
15824.0 0.0391924446751
15840.0 0.0391867982548
15856.0 0.0391815107173
15872.0 0.039176191279
15888.0 0.0391707402505
15904.0 0.0391652852343
15920.0 0.0391599737713
15936.0 0.0391544709041
15952.0 0.0391490079128
15968.0 0.0391434771326
15984.0 0.0391378865385
16000.0 0.0391326029886
16016.0 0.0391268369408
16032.0 0.0391217487825
16048.0 0.0391158830451
16064.0 0.0391106593089
16080.0 0.0391050328266
16096.0 0.0390995738229
16112.0 0.039094270335
16128.0 0.0390883886473
16144.0 0.0390835277813
16160.0 0.0390774706398
16176.0 0.0390722628539
16192.0 0.0390665725703
16208.0 0.0390610497652
16224.0 0.039055403345
16240.0 0.0390498725648
16256.0 0.0390441463929
16272.0 0.0390387352402
16288.0 0.0390330569193
16304.0 0.0390274264494
16320.0 0.0390219235822
16336.0 0.0390163369758
16352.0 0.0390106147915
16368.0 0.0390052315519
16384.0 0.0389995572186
16400.0 0.0389938908604
16416.0 0.0389885395215
16432.0 0.03898259802
16448.0 0.0389771908549
16464.0 0.038971368981
16480.0 0.0389657863621
16496.0 0.0389600243019
16512.0 0.0389542423038
16528.0 0.0389487872877
16544.0 0.0389426743201
16560.0 0.0389376419879
16576.0 0.038931349579
16592.0 0.0389260500786
16608.0 0.038920244155
16624.0 0.038914557859
16640.0 0.0389089114388
16656.0 0.0389031693165
16672.0 0.0388974192191
16688.0 0.0388920399671
16704.0 0.0388860984656
16720.0 0.0388803084923
16736.0 0.0388744547177
16752.0 0.0388686288562
16768.0 0.0388629186346
16784.0 0.0388570847979
16800.0 0.0388512150729
16816.0 0.0388454450376
16832.0 0.0388397029154
16848.0 0.0388338331904
16864.0 0.038828274497
16880.0 0.0388223130576
16896.0 0.0388164832085
16912.0 0.03881091654
16928.0 0.038804739771
16944.0 0.0387994881217
16960.0 0.0387931000107
16976.0 0.0387876768952
16992.0 0.0387813127098
17008.0 0.0387756503392
17024.0 0.0387698125149
17040.0 0.0387637952493
17056.0 0.0387579654002
17072.0 0.0387520238987
17088.0 0.0387460903724
17104.0 0.0387403801508
17120.0 0.0387342432577
17136.0 0.0387286127878
17152.0 0.0387227231249
17168.0 0.03871662212
17184.0 0.0387108600599
17200.0 0.0387048866577
17216.0 0.0386988454666
17232.0 0.0386929916919
17248.0 0.0386868149229
17264.0 0.0386811047014
17280.0 0.03867481628
17296.0 0.038669157897
17312.0 0.038662626233
17328.0 0.0386573307202
17344.0 0.0386507153169
17360.0 0.0386451925118
17376.0 0.038638860227
17392.0 0.0386330184151
17408.0 0.0386270051371
17424.0 0.0386209400205
17440.0 0.0386151659976
17456.0 0.038608917452
17472.0 0.0386030756402
17488.0 0.0385969427346
17504.0 0.0385904868347
17520.0 0.0385847726255
17536.0 0.0385783845145
17552.0 0.0385723752241
17568.0 0.0385663061199
17584.0 0.0385601971398
17600.0 0.0385540921473
17616.0 0.0385480788693
17632.0 0.03854177051
17648.0 0.0385359845243
17664.0 0.0385295166616
17680.0 0.0385237665642
17696.0 0.0385174542173
17712.0 0.0385114688524
17728.0 0.0385051285924
17744.0 0.0384991472151
17760.0 0.038492731191
17776.0 0.0384864268193
17792.0 0.0384805850074
17808.0 0.0384740054923
17824.0 0.0384681437425
17840.0 0.0384617277185
17856.0 0.0384555708874
17872.0 0.0384493622177
17888.0 0.0384430777839
17904.0 0.0384370365928
17920.0 0.0384306086059
17936.0 0.0384247468561
17952.0 0.0384184624224
17968.0 0.0384120902617
17984.0 0.038405929443
18000.0 0.0383995732327
18016.0 0.0383931572086
18032.0 0.0383869884148
18048.0 0.0383806322045
18064.0 0.0383742161804
18080.0 0.0383680952376
18096.0 0.0383615715487
18112.0 0.0383554745314
18128.0 0.0383488870411
18144.0 0.0383429535148
18160.0 0.0383363819749
18176.0 0.0383303009079
18192.0 0.0383236177157
18208.0 0.0383178476803
18224.0 0.0383111246122
18240.0 0.0383048521411
18256.0 0.038298667397
18272.0 0.0382918207137
18288.0 0.0382855841309
18304.0 0.0382791561441
18320.0 0.0382726882814
18336.0 0.0382663918849
18352.0 0.0382597605312
18368.0 0.0382536675015
18384.0 0.0382469524085
18400.0 0.0382407836147
18416.0 0.0382342360003
18432.0 0.0382279595416
18448.0 0.0382213042625
18464.0 0.0382152231955
18480.0 0.0382084482888
18496.0 0.0382023353211
18512.0 0.0381955364889
18528.0 0.0381890486883
18544.0 0.0381825489249
18560.0 0.0381760172608
18576.0 0.0381694975595
18592.0 0.0381628981065
18608.0 0.03815648607
18624.0 0.0381499863066
18640.0 0.0381435782577
18656.0 0.0381368073386
18672.0 0.0381305348675
18688.0 0.0381239992159
18704.0 0.0381172123464
18720.0 0.0381110315898
18736.0 0.0381043404224
18752.0 0.0380976731804
18768.0 0.0380912970322
18784.0 0.0380843905351
18800.0 0.0380778628587
18816.0 0.0380711796664
18832.0 0.0380646958533
18848.0 0.0380579608225
18864.0 0.038051365357
18880.0 0.0380447818544
18896.0 0.0380381744262
18912.0 0.0380313197678
18928.0 0.0380251429988
18944.0 0.0380180690232
18960.0 0.0380117247756
18976.0 0.0380050136702
18992.0 0.0379983424407
19008.0 0.0379916672236
19024.0 0.0379849162424
19040.0 0.0379782250749
19056.0 0.0379713106027
19072.0 0.0379647430504
19088.0 0.0379579482057
19104.0 0.0379511772866
19120.0 0.0379445698584
19136.0 0.0379375556966
19152.0 0.037931115747
19168.0 0.0379242451382
19184.0 0.0379174702315
19200.0 0.0379109545178
19216.0 0.0379041437228
19232.0 0.0378973010271
19248.0 0.0378907294872
19264.0 0.0378838190026
19280.0 0.0378769005428
19296.0 0.0378702213381
19312.0 0.0378631952135
19328.0 0.0378566475991
19344.0 0.0378493582939
19360.0 0.037843065885
19376.0 0.0378356888529
19392.0 0.0378292170026
19408.0 0.0378222825925
19424.0 0.0378154199589
19440.0 0.0378086450521
19456.0 0.0378017425427
19472.0 0.0377949835863
19488.0 0.0377880292382
19504.0 0.0377812343936
19520.0 0.0377743438469
19536.0 0.0377672060699
19552.0 0.0377605188901
19568.0 0.0377531697711
19584.0 0.0377466420946
19600.0 0.0377393807025
19616.0 0.0377325180689
19632.0 0.0377257192367
19648.0 0.0377186532363
19664.0 0.0377116988882
19680.0 0.0377048482174
19696.0 0.0376978021549
19712.0 0.0376907042537
19728.0 0.0376841606269
19744.0 0.0376768553714
19760.0 0.0376702160426
19776.0 0.0376627951471
19792.0 0.0376560960045
19808.0 0.0376486990345
19824.0 0.0376418124754
19840.0 0.0376348621149
19856.0 0.0376275090084
19872.0 0.0376206623251
19888.0 0.0376136401881
19904.0 0.0376063628457
19920.0 0.0375994882493
19936.0 0.0375922507827
19952.0 0.0375854718884
19968.0 0.0375781068191
19984.0 0.037571431602
20000.0 0.0375640705203
20016.0 0.0375572477625
20032.0 0.0375500421966
20048.0 0.0375426731397
20064.0 0.0375356789158
20080.0 0.0375284215113
20096.0 0.0375213036723
20112.0 0.0375139944292
20128.0 0.0375071198328
20144.0 0.0374995713346
20160.0 0.0374928163658
20176.0 0.0374852598924
20192.0 0.0374782497182
20208.0 0.0374710401647
20224.0 0.0374639901146
20240.0 0.0374568443625
20256.0 0.0374494593553
20272.0 0.0374425847589
20288.0 0.0374352874786
20304.0 0.0374278426576
20320.0 0.0374207447564
20336.0 0.0374132241713
20352.0 0.0374061541833
20368.0 0.037398645561
20384.0 0.0373916194364
20400.0 0.037384062963
20416.0 0.0373769969626
20432.0 0.0373697794339
20448.0 0.0373623465757
20464.0 0.0373552207615
20480.0 0.0373478836053
20496.0 0.037340662089
20512.0 0.0373333089825
20528.0 0.0373261672179
20544.0 0.0373185150425
20560.0 0.0373114051787
20576.0 0.0373037091398
20592.0 0.0372965594001
20608.0 0.0372892102811
20624.0 0.0372815780437
20640.0 0.0372744163412
20656.0 0.037266963545
20672.0 0.0372595585999
20688.0 0.0372522413816
20704.0 0.0372447207965
20720.0 0.0372376787216
20736.0 0.0372298590676
20752.0 0.0372227332534
20768.0 0.0372154240103
20784.0 0.0372077957604
20800.0 0.0372003469518
20816.0 0.0371928622549
20832.0 0.0371854612974
20848.0 0.0371776974696
20864.0 0.0371706354567
20880.0 0.0371627440262
20896.0 0.0371553031928
20912.0 0.0371478464091
20928.0 0.0371405212156
20944.0 0.0371327693506
20960.0 0.0371255478344
20976.0 0.0371178836962
20992.0 0.0371103750738
21008.0 0.0371030379176
21024.0 0.037095445556
21040.0 0.0370878890826
21056.0 0.037080440274
21072.0 0.0370725528311
21088.0 0.0370651718115
21104.0 0.0370574478595
21120.0 0.0370497597959
21136.0 0.0370422471859
21152.0 0.0370344036064
21168.0 0.0370272738046
21184.0 0.0370192348335
21200.0 0.0370120292676
21216.0 0.0370042415143
21232.0 0.0369967328919
21248.0 0.0369889571014
21264.0 0.0369815043052
21280.0 0.0369737843409
21296.0 0.0369661202027
21312.0 0.0369585198659
21328.0 0.0369508597153
21344.0 0.0369429523345
21360.0 0.0369352403453
21376.0 0.0369277157726
21392.0 0.0369197764911
21408.0 0.0369120764647
21424.0 0.0369044282768
21440.0 0.0368966325484
21456.0 0.036889171777
21472.0 0.0368812683838
21488.0 0.0368735643697
21504.0 0.0368659759957
21520.0 0.0368579609501
21536.0 0.0368505440422
21552.0 0.0368426246986
21568.0 0.036834916697
21584.0 0.0368269176017
21600.0 0.0368190381339
21616.0 0.0368114338095
21632.0 0.0368033350246
21648.0 0.0367957586133
21664.0 0.0367878432573
21680.0 0.0367800993674
21696.0 0.0367719726694
21712.0 0.0367644002457
21728.0 0.0367565048276
21744.0 0.0367487768881
21760.0 0.0367407698176
21776.0 0.0367331814436
21792.0 0.0367251863359
21808.0 0.0367172869302
21824.0 0.0367093316983
21840.0 0.0367014083671
21856.0 0.0366933135698
21872.0 0.0366856893075
21888.0 0.0366772914537
21904.0 0.0366697868189
21920.0 0.036661572394
21936.0 0.0366536131746
21952.0 0.0366457975082
21968.0 0.036637614984
21984.0 0.036630006672
22000.0 0.036621927825
22016.0 0.0366141400717
22032.0 0.036605981473
22048.0 0.0365981219432
22064.0 0.0365901866493
22080.0 0.0365821556533
22096.0 0.0365740169925
22112.0 0.0365659859966
22128.0 0.0365579270875
22144.0 0.0365498123522
22160.0 0.0365416936294
22176.0 0.036533570919
22192.0 0.0365256236623
22208.0 0.0365174650636
22224.0 0.0365095576827
22240.0 0.0365015984633
22256.0 0.0364932803612
22272.0 0.0364852094894
22288.0 0.0364774815498
22304.0 0.0364689600809
22320.0 0.0364611922656
22336.0 0.036452898089
22352.0 0.0364447634158
22368.0 0.0364366765936
22384.0 0.0364283425412
22400.0 0.0364203075576
22416.0 0.0364118977411
22432.0 0.0364038507948
22448.0 0.0363956244071
22464.0 0.0363873940319
22480.0 0.0363793391104
22496.0 0.0363711446235
22512.0 0.0363629860248
22528.0 0.0363548792647
22544.0 0.0363466568647
22560.0 0.0363384264894
22576.0 0.0363302758659
22592.0 0.0363219338383
22608.0 0.0363135918107
22624.0 0.0363054132741
22640.0 0.0362971390354
22656.0 0.0362887810575
22672.0 0.0362804111168
22688.0 0.0362721448533
22704.0 0.0362642334849
22720.0 0.0362553411706
22736.0 0.0362474656904
22752.0 0.0362391675263
22768.0 0.036230725809
22784.0 0.0362224794835
22800.0 0.0362141374559
22816.0 0.0362059070807
22832.0 0.0361975451151
22848.0 0.0361891073855
22864.0 0.0361807813082
22880.0 0.0361724153551
22896.0 0.0361641211786
22912.0 0.0361555558462
22928.0 0.036147066278
22944.0 0.0361387641262
22960.0 0.0361301310049
22976.0 0.0361219325304
22992.0 0.0361135905028
23008.0 0.0361051288476
23024.0 0.0360965316146
23040.0 0.0360884647304
23056.0 0.0360799153484
23072.0 0.0360712782395
23088.0 0.0360631236284
23104.0 0.0360543429664
23120.0 0.0360462043057
23136.0 0.0360372601528
23152.0 0.0360290257899
23168.0 0.0360205601472
23184.0 0.0360118632246
23200.0 0.0360033537184
23216.0 0.0359949678274
23232.0 0.0359863666068
23248.0 0.0359778929889
23264.0 0.0359692279669
23280.0 0.0359607623241
23296.0 0.0359522368676
23312.0 0.0359438190759
23328.0 0.0359352258305
23344.0 0.035926604672
23360.0 0.0359180114265
23376.0 0.0359094221686
23392.0 0.0359007132832
23408.0 0.0358917930558
23424.0 0.0358833593138
23440.0 0.0358746265029
23456.0 0.0358660930712
23472.0 0.0358574719126
23488.0 0.0358486912507
23504.0 0.0358402216204
23520.0 0.0358313612068
23536.0 0.0358228875889
23552.0 0.0358142425048
23568.0 0.0358055336194
23584.0 0.0357970161381
23600.0 0.0357882474389
23616.0 0.0357794388639
23632.0 0.0357707419412
23648.0 0.0357619852048
23664.0 0.0357533002449
23680.0 0.0357445076202
23696.0 0.0357357309458
23712.0 0.0357267628674
23728.0 0.0357180659448
23744.0 0.0357093929476
23760.0 0.0357006322236
23776.0 0.0356919313134
23792.0 0.0356830669122
23808.0 0.0356744856295
23824.0 0.0356655295138
23840.0 0.0356568166408
23856.0 0.035647996103
23872.0 0.0356390439749
23888.0 0.0356303231268
23904.0 0.0356212075077
23920.0 0.0356124188706
23936.0 0.0356036740969
23952.0 0.0355945943661
23968.0 0.0355859373193
23984.0 0.0355769413278
24000.0 0.0355679413487
24016.0 0.0355592843019
24032.0 0.0355503560993
24048.0 0.0355413999836
24064.0 0.0355326033714
24080.0 0.0355237668832
24096.0 0.0355146791773
24112.0 0.035505814776
24128.0 0.0354970420893
24144.0 0.0354877510165
24160.0 0.0354789025656
24176.0 0.0354698507479
24192.0 0.0354608148805
24208.0 0.0354518149014
24224.0 0.0354427511209
24240.0 0.0354338667818
24256.0 0.0354247711007
24272.0 0.0354158468857
24288.0 0.0354067870928
24304.0 0.0353977113496
24320.0 0.0353889984766
24336.0 0.0353797552548
24352.0 0.0353708031267
24368.0 0.0353619028372
24384.0 0.0353527513299
24400.0 0.0353436117853
24416.0 0.035334412427
24432.0 0.0353252011059
24448.0 0.0353161373254
24464.0 0.0353068781533
24480.0 0.035297985839
24496.0 0.0352887386296
24512.0 0.0352797466257
24528.0 0.0352703877639
24544.0 0.0352612841076
24560.0 0.0352524356567
24576.0 0.0352430887577
24592.0 0.0352340688407
24608.0 0.0352249572092
24624.0 0.0352158934288
24640.0 0.0352066302691
24656.0 0.0351972115935
24672.0 0.0351881597758
24688.0 0.0351785975473
24704.0 0.0351695776302
24720.0 0.0351600871782
24736.0 0.0351509197205
24752.0 0.0351418519525
24768.0 0.0351325170162
24784.0 0.0351234133599
24800.0 0.0351140066471
24816.0 0.0351048312143
24832.0 0.0350957913594
24848.0 0.0350864364852
24864.0 0.0350770696483
24880.0 0.0350679101658
24896.0 0.0350583559124
24912.0 0.0350491445913
24928.0 0.0350396421765
24944.0 0.0350303750292
24960.0 0.0350208845771
24976.0 0.0350116493305
24992.0 0.035002230655
25008.0 0.0349928717932
25024.0 0.0349835169191
25040.0 0.0349740703305
25056.0 0.0349647912204
25072.0 0.0349553964704
25088.0 0.0349460814721
25104.0 0.0349367943869
25120.0 0.0349273677362
25136.0 0.0349177815821
25152.0 0.0349084306955
25168.0 0.0348986850381
25184.0 0.034889290288
25200.0 0.0348800430787
25216.0 0.0348702575453
25232.0 0.0348608907084
25248.0 0.0348513882936
25264.0 0.0348417861892
25280.0 0.0348324273275
25296.0 0.034822988714
25312.0 0.0348133985723
25328.0 0.0348040237603
25344.0 0.0347946050847
25360.0 0.0347849032907
25376.0 0.0347756082303
25392.0 0.0347661018279
25408.0 0.0347562205926
25424.0 0.0347467979295
25440.0 0.034737215763
25456.0 0.0347275498572
25472.0 0.0347178081873
25488.0 0.0347082020953
25504.0 0.0346986279039
25520.0 0.0346891853029
25536.0 0.0346792602041
25552.0 0.0346700688209
25568.0 0.0346601596725
25584.0 0.034650721059
25600.0 0.0346410232526
25616.0 0.0346314849495
25632.0 0.0346217751803
25648.0 0.0346120693987
25664.0 0.0346023476667
25680.0 0.0345926658106
25696.0 0.0345828284386
25712.0 0.0345733220362
25728.0 0.0345632812975
25744.0 0.0345538107834
25760.0 0.0345436863053
25776.0 0.0345343394063
25792.0 0.0345244501958
25808.0 0.0345147683397
25824.0 0.0345048153278
25840.0 0.0344954285529
25856.0 0.0344854436404
25872.0 0.0344759731262
25888.0 0.0344660400523
25904.0 0.034456330283
25920.0 0.0344463134698
25936.0 0.0344364960358
25952.0 0.0344267543659
25968.0 0.0344168292671
25984.0 0.034406772578
26000.0 0.0343970588212
26016.0 0.0343870300452
26032.0 0.0343776113697
26048.0 0.0343672835248
26064.0 0.0343576136314
26080.0 0.0343475370044
26096.0 0.0343380385772
26112.0 0.0343280696149
26128.0 0.0343181245782
26144.0 0.0343083230945
26160.0 0.0342984219213
26176.0 0.0342884370087
26192.0 0.0342784401334
26208.0 0.0342683276181
26224.0 0.0342584104944
26240.0 0.0342483777308
26256.0 0.0342383928183
26272.0 0.0342284597443
26288.0 0.0342183871049
26304.0 0.0342085058695
26320.0 0.0341984252549
26336.0 0.0341882808389
26352.0 0.0341785112559
26368.0 0.0341683788027
26384.0 0.0341584656667
26400.0 0.0341484408782
26416.0 0.0341384958415
26432.0 0.0341283673759
26448.0 0.0341180794069
26464.0 0.0341081463329
26480.0 0.0340978902645
26496.0 0.0340878973768
26512.0 0.0340778127746
26528.0 0.0340675287932
26544.0 0.0340576475578
26560.0 0.034047443328
26576.0 0.0340371593466
26592.0 0.0340273179871
26608.0 0.0340170379932
26624.0 0.0340069135152
26640.0 0.0339968727764
26656.0 0.0339866565839
26672.0 0.0339766357831
26688.0 0.0339663358513
26704.0 0.0339559083168
26720.0 0.0339457320002
26736.0 0.0339353722546
26752.0 0.0339251401118
26768.0 0.0339149877206
26784.0 0.0339047396275
26800.0 0.0338946310997
26816.0 0.033884099888
26832.0 0.0338740990251
26848.0 0.0338637432672
26864.0 0.0338535390374
26880.0 0.0338433467704
26896.0 0.0338331345655
26912.0 0.0338227189938
26928.0 0.0338126742674
26944.0 0.033802111155
26960.0 0.0337918351488
26976.0 0.0337813158998
26992.0 0.0337708803902
27008.0 0.0337606721728
27024.0 0.0337502685638
27040.0 0.0337399327438
27056.0 0.0337296407872
27072.0 0.0337189819728
27088.0 0.0337090608616
27104.0 0.0336981029783
27120.0 0.033688134016
27136.0 0.0336776307174
27152.0 0.0336673427484
27168.0 0.033656847425
27184.0 0.0336464637539
27200.0 0.0336358886788
27216.0 0.0336252577774
27232.0 0.0336148541684
27248.0 0.0336043867581
27264.0 0.0335937040182
27280.0 0.0335832964216
27296.0 0.0335729446512
27312.0 0.0335622898244
27328.0 0.033551822414
27344.0 0.0335412792396
27360.0 0.033530564599
27376.0 0.0335205717112
27392.0 0.0335096337658
27408.0 0.0334992780079
27424.0 0.033488902312
27440.0 0.0334781757086
27456.0 0.0334678000127
27472.0 0.0334570694218
27488.0 0.0334463388308
27504.0 0.0334357677433
27520.0 0.033425021202
27536.0 0.0334142547228
27552.0 0.0334039906793
27568.0 0.0333930407711
27584.0 0.0333827288766
27600.0 0.0333718427698
27616.0 0.0333614431484
27632.0 0.0333506168555
27648.0 0.0333400218424
27664.0 0.0333292992266
27680.0 0.0333188756797
27696.0 0.0333077822185
27712.0 0.0332973985475
27728.0 0.0332862731856
27744.0 0.0332757379863
27760.0 0.0332649156809
27776.0 0.03325418509
27792.0 0.0332434624742
27808.0 0.0332326002929
27824.0 0.0332219773668
27840.0 0.0332111909496
27856.0 0.0332003606691
27872.0 0.0331896859043
27888.0 0.0331789034748
27904.0 0.0331682047845
27920.0 0.0331573864667
27936.0 0.0331466518881
27952.0 0.0331355903277
27968.0 0.0331249953146
27984.0 0.0331140055306
28000.0 0.0331031154363
28016.0 0.033092089764
28032.0 0.0330811438435
28048.0 0.0330702856498
28064.0 0.0330594075183
28080.0 0.0330486091384
28096.0 0.0330377549323
28112.0 0.0330266893842
28128.0 0.0330161501973
28144.0 0.0330048334314
28160.0 0.0329940948653
28176.0 0.0329833124357
28192.0 0.0329722109994
28208.0 0.0329612969795
28224.0 0.0329502792825
28240.0 0.0329392057592
28256.0 0.0329281641367
28272.0 0.032917190303
28288.0 0.0329062324197
28304.0 0.0328951469337
28320.0 0.0328840694229
28336.0 0.0328729998872
28352.0 0.0328620579543
28368.0 0.0328509924062
28384.0 0.0328400983243
28400.0 0.0328289330866
28416.0 0.032817775824
28432.0 0.0328067142635
28448.0 0.0327959677223
28464.0 0.0327849380624
28480.0 0.0327735694579
28496.0 0.0327623125058
28512.0 0.0327512349949
28528.0 0.032740129571
28544.0 0.0327288885692
28560.0 0.0327177871328
28576.0 0.0327065062552
28592.0 0.0326954526698
28608.0 0.0326840282391
28624.0 0.0326504049233
28640.0 0.0324818935733
28656.0 0.0320499224893
28672.0 0.0314696052722
28688.0 0.0309056132276
28704.0 0.0304597055344
28720.0 0.0300996385813
28736.0 0.0297955214318
28752.0 0.0295097391976
28768.0 0.0292522369155
28784.0 0.0290146924958
28800.0 0.0287857014457
28816.0 0.0285567183708
28832.0 0.0283490170364
28848.0 0.0281541278123
28864.0 0.0279545771015
28880.0 0.0277751756571
28896.0 0.0275943745704
28912.0 0.0274273027386
28928.0 0.0272449145931
28944.0 0.0270832778394
28960.0 0.0269229330633
28976.0 0.0267598886922
28992.0 0.0266080893104
29008.0 0.0264526532513
29024.0 0.02629535499
29040.0 0.0261569459183
29056.0 0.0260002776954
29072.0 0.0258657006928
29088.0 0.0257267333593
29104.0 0.0255832999307
29120.0 0.0254536436078
29136.0 0.0253051220209
29152.0 0.0251824997978
29168.0 0.0250547734661
29184.0 0.0249111247079
29200.0 0.0247994444178
29216.0 0.0246684682044
29232.0 0.0245239940161
29248.0 0.0244215888484
29264.0 0.0242934478079
29280.0 0.024152091911
29296.0 0.0240582799888
29312.0 0.0239382417207
29328.0 0.0237910878754
29344.0 0.0236900225362
29360.0 0.0235901295471
29376.0 0.0234467519446
29392.0 0.0233322723699
29408.0 0.0232501719845
29424.0 0.0231150845711
29440.0 0.0229798855053
29456.0 0.0228999902543
29472.0 0.0227890436798
29488.0 0.0226517710699
29504.0 0.0225404177617
29520.0 0.0224681029097
29536.0 0.0223461904767
29552.0 0.0222047029895
29568.0 0.0221208002158
29584.0 0.0220381296058
29600.0 0.0219065592422
29616.0 0.0217724607498
29632.0 0.0217007559982
29648.0 0.0216151904016
29664.0 0.021476713541
29680.0 0.0213532299996
29696.0 0.0212808393834
29712.0 0.0212049715932
29728.0 0.0210702829383
29744.0 0.0209372810317
29760.0 0.0208676219112
29776.0 0.020791985401
29792.0 0.0206740326398
29808.0 0.0205334583096
29824.0 0.0204522072798
29840.0 0.0203842468704
29856.0 0.0202692289718
29872.0 0.0201312186586
29888.0 0.0200439942266
29904.0 0.0199767874708
29920.0 0.0198958793733
29936.0 0.0197537618477
29952.0 0.0196362995595
29968.0 0.0195683192122
29984.0 0.0195006578718
30000.0 0.0193885867983
30016.0 0.0192446349837
30032.0 0.0191592966793
30048.0 0.0190928435771
30064.0 0.0190170555386
30080.0 0.0188739411168
30096.0 0.0187582413411
30112.0 0.018684985419
30128.0 0.018616713978
30144.0 0.0185334053544
30160.0 0.0183775824995
30176.0 0.0182788339472
30192.0 0.0182115873156
30208.0 0.018145493096
30224.0 0.018055146385
30240.0 0.0179055242247
30256.0 0.0178059462547
30272.0 0.0177396247427
30288.0 0.0176748304758
30304.0 0.017585616239
30320.0 0.0174316994497
30336.0 0.0173343106638
30352.0 0.017270226187
30368.0 0.0171996698599
30384.0 0.0171270120755
30400.0 0.0169728919194
30416.0 0.0168630698438
30432.0 0.0167958551129
30448.0 0.0167296253154
30464.0 0.0166597428901
30480.0 0.0165241051899
30496.0 0.0163946841346
30512.0 0.0163236413222
30528.0 0.0162536193314
30544.0 0.0161873137698
30560.0 0.0160781576209
30576.0 0.0159393856791
30592.0 0.0158481577119
30608.0 0.0157803129425
30624.0 0.0157128828819
30640.0 0.0156407793719
30656.0 0.015502689307
30672.0 0.0153779496764
30688.0 0.015307568803
30704.0 0.0152383842051
30720.0 0.0151684459536
30736.0 0.0150817478829
30752.0 0.0149270455393
30768.0 0.0148294573742
30784.0 0.0147633033408
30800.0 0.0146917939809
30816.0 0.0146212496166
30832.0 0.0145181745347
30848.0 0.0143649396224
30864.0 0.0142814196568
30880.0 0.0142147432498
30896.0 0.0141418820986
30912.0 0.0140731680357
30928.0 0.0139629472017
30944.0 0.0138148482987
30960.0 0.0137306464561
30976.0 0.01365919691
30992.0 0.0135855183039
31008.0 0.0135175858076
31024.0 0.0134023246663
31040.0 0.0132611322604
31056.0 0.0131759733974
31072.0 0.01310634219
31088.0 0.0130288554403
31104.0 0.0129627133697
31120.0 0.0128601606614
31136.0 0.0127059607536
31152.0 0.0126143220651
31168.0 0.012546724526
31184.0 0.0124712435315
31200.0 0.0124009384223
31216.0 0.0123171991395
31232.0 0.0121689367456
31248.0 0.0120503340081
31264.0 0.0119782265105
31280.0 0.0119012581468
31296.0 0.0118286522011
31312.0 0.0117560422678
31328.0 0.0116258436334
31344.0 0.011488786353
31360.0 0.0114078981934
31376.0 0.0113331309767
31392.0 0.0112573070499
31408.0 0.0111834011515
31424.0 0.0110973570447
31440.0 0.0109431411865
31456.0 0.0108318516797
31472.0 0.01075776634
31488.0 0.0106819623511
31504.0 0.0106003085753
31520.0 0.0105269250505
31536.0 0.0104090719789
31552.0 0.0102590510601
31568.0 0.0101697690343
31584.0 0.0100971152375
31600.0 0.0100127937674
31616.0 0.00993707750541
31632.0 0.00986073918021
31648.0 0.00972023662648
31664.0 0.00958244164289
31680.0 0.00949981888389
31696.0 0.00942358822348
31712.0 0.0093404869543
31728.0 0.00926183981744
31744.0 0.00918088785651
31760.0 0.00901487672222
31776.0 0.00889589117658
31792.0 0.00881309296384
31808.0 0.0087339394037
31824.0 0.00865018815818
31840.0 0.0085712579028
31856.0 0.00848560856686
31872.0 0.00208758044354
