0 1
0.0625 0.746525957626
0.125 0.739342151016
0.25 0.06244212996
0.5 0.0623863675292
1.0 0.0621470702583
2.0 0.0611972647761
4.0 0.0577327331279
8.0 0.0471019694303
16.0 0.0315864800755
32.0 0.031572874009
48.0 0.0315549412104
64.0 0.0315337563933
80.0 0.0315098896715
96.0 0.0314832518339
112.0 0.031454723839
128.0 0.0314231849739
144.0 0.0313900375235
160.0 0.0313557819056
176.0 0.0313188415951
192.0 0.0312803191839
208.0 0.0312401449759
224.0 0.0311988612064
240.0 0.0311548314118
256.0 0.0311096474503
272.0 0.0310638891932
288.0 0.0310173336131
304.0 0.0309668220841
320.0 0.0309178271415
336.0 0.0308665587132
352.0 0.0308134614601
368.0 0.0307586050781
384.0 0.0307052290407
400.0 0.030646910158
416.0 0.0305913749364
432.0 0.0305327926026
448.0 0.0304731244041
464.0 0.0304125222782
480.0 0.0303509471952
496.0 0.0302878248595
512.0 0.030222127951
528.0 0.0301592634908
544.0 0.0300925810798
560.0 0.030026641629
576.0 0.029956149631
592.0 0.0298899104871
608.0 0.0298207399265
624.0 0.0297497126626
640.0 0.0296771590549
656.0 0.0296049009584
672.0 0.0295317786307
688.0 0.0294581126737
704.0 0.0293838083007
720.0 0.0293073795915
736.0 0.0292282578262
752.0 0.0291522096576
768.0 0.0290748693238
784.0 0.0289916898533
800.0 0.0289153921728
816.0 0.0288314307124
832.0 0.028753056089
848.0 0.0286671403509
864.0 0.0285867961165
880.0 0.0285029684727
896.0 0.0284146454323
912.0 0.0283312108743
928.0 0.0282466569974
944.0 0.0281592832175
960.0 0.0280705447886
976.0 0.027980135048
992.0 0.0278896653688
1008.0 0.0277983147312
1024.0 0.0277078548094
1040.0 0.0276159675121
1056.0 0.0275250238996
1072.0 0.0274332676309
1088.0 0.0273416186942
1104.0 0.0272484322622
1120.0 0.0271541599654
1136.0 0.0270572684904
1152.0 0.0269574734771
1168.0 0.0268624414932
1184.0 0.0267675196291
1200.0 0.0266678849168
1216.0 0.0265646329785
1232.0 0.0264705209827
1248.0 0.0263686253299
1264.0 0.0262661971992
1280.0 0.026167694351
1296.0 0.0260589684835
1312.0 0.0259628102111
1328.0 0.025854358946
1344.0 0.0257553180442
1360.0 0.0256449989246
1376.0 0.0255455593612
1392.0 0.0254323004614
1408.0 0.0253326713248
1424.0 0.0252230575293
1440.0 0.0251145867494
1456.0 0.0250096969535
1472.0 0.0248958693337
1488.0 0.0247883450264
1504.0 0.0246807203567
1520.0 0.0245672969741
1536.0 0.0244529340885
1552.0 0.0243461806197
1568.0 0.0242344898814
1584.0 0.0241177824201
1600.0 0.0239993548597
1616.0 0.0238904505703
1632.0 0.0237783890489
1648.0 0.0236636177443
1664.0 0.0235459456893
1680.0 0.0234276435819
1696.0 0.0233071976234
1712.0 0.0231882278277
1728.0 0.023072873864
1744.0 0.0229559322238
1760.0 0.022838134716
1776.0 0.0227191049816
1792.0 0.0225991552591
1808.0 0.0224787009371
1824.0 0.0223571691138
1840.0 0.0222352163263
1856.0 0.0221124759733
1872.0 0.0219886121195
1888.0 0.0218643231198
1904.0 0.0217386638954
1920.0 0.0216117348085
1936.0 0.0214833379225
1952.0 0.021360728598
1968.0 0.0212377178242
1984.0 0.0211140630587
2000.0 0.0209879424463
2016.0 0.0208601909458
2032.0 0.0207296836628
2048.0 0.0205958616348
2064.0 0.0204668583929
2080.0 0.020342750603
2096.0 0.0202142784452
2112.0 0.0200824413612
2128.0 0.0199449895619
2144.0 0.0198142341609
2160.0 0.0196884257868
2176.0 0.0195555516253
2192.0 0.0194157343414
2208.0 0.0192841119213
2224.0 0.0191553024345
2240.0 0.0190180652991
2256.0 0.0188750308447
2272.0 0.0187489701709
2288.0 0.0186127073865
2304.0 0.018465241656
2320.0 0.0183391419524
2336.0 0.0182014448229
2352.0 0.018053986062
2368.0 0.0179262638339
2384.0 0.0177839207645
2400.0 0.0176423791999
2416.0 0.0175086408071
2432.0 0.0173576373042
2448.0 0.0172267188143
2464.0 0.0170824368003
2480.0 0.0169391430765
2496.0 0.0168018306693
2512.0 0.016650177599
2528.0 0.0165166622336
2544.0 0.0163603994653
2560.0 0.0162296231555
2576.0 0.0160749173973
2592.0 0.0159398882334
2608.0 0.0157860801606
2624.0 0.0156484694543
2640.0 0.0154938989065
2656.0 0.0153562310494
2672.0 0.0151984377554
2688.0 0.015061642493
2704.0 0.0148993900445
2720.0 0.0147655178353
2736.0 0.014605372996
2752.0 0.0144663558229
2768.0 0.0143125240535
2784.0 0.0141627583527
2800.0 0.0140156801324
2816.0 0.0138541051297
2832.0 0.0137143812385
2848.0 0.0135535254993
2864.0 0.0134071275125
2880.0 0.0132561226157
2896.0 0.0130908718423
2912.0 0.0129506266245
2928.0 0.0127919370391
2944.0 0.0126342231986
2960.0 0.0124877541219
2976.0 0.0123245747157
2992.0 0.0121705143432
3008.0 0.0120204573128
3024.0 0.0118555815043
3040.0 0.0117006332038
3056.0 0.0115494791574
3072.0 0.0113852989156
3088.0 0.0112243191174
3104.0 0.0110748949273
3120.0 0.0109128641123
3136.0 0.0107401070723
3152.0 0.010594180231
3168.0 0.010436209909
3184.0 0.0102683246243
3200.0 0.0101042642597
3216.0 0.00995253452375
3232.0 0.00979093024871
3248.0 0.00962041742213
3264.0 0.0094562580892
3280.0 0.00930226601881
3296.0 0.00914039968655
3312.0 0.00897035382364
3328.0 0.00879629625499
3344.0 0.008643236718
3360.0 0.00848315321118
3376.0 0.00831599973513
3392.0 0.00814177628985
3408.0 0.00797083552941
3424.0 0.00781438039994
3440.0 0.00765187565169
3456.0 0.00748332128465
3472.0 0.00731080121129
3488.0 0.00713316265863
3504.0 0.00696915665705
3520.0 0.00680764856258
3536.0 0.00664203258181
3552.0 0.00647214005025
3568.0 0.0062979709679
3584.0 0.00612069622871
3600.0 0.00594171672368
3616.0 0.00577945312383
3632.0 0.00561366569073
3648.0 0.00544541241071
3664.0 0.00527429880402
3680.0 0.00510032487066
3696.0 0.00492349061063
3712.0 0.00474605835834
3728.0 0.00456634007498
3744.0 0.0043873968119
3760.0 0.00421924807599
3776.0 0.00404933324168
3792.0 0.00387761746096
3808.0 0.00370410073381
3824.0 0.00352937408291
3840.0 0.00335373441351
3856.0 0.00317668967135
3872.0 0.00299823985645
3888.0 0.00281932168396
3904.0 0.00264016515091
3920.0 0.00245991020782
3936.0 0.00227855685469
3952.0 0.0020972982882
3968.0 0.00191629759717
3984.0 0.00173441594783
4000.0 0.00155165334018
4016.0 0.00136937024149
4032.0 0.00118766283232
4048.0 0.00100520270561
4064.0 0.000822166889367
4080.0 0.000640711779969
4096.0 0.000456525978591
4112.0 0.00027349016235
4128.0 9.20657192224e-05
