0 1
0.0625 0.748178510656
0.125 0.74384560906
0.25 0.495725454715
32.0 0.495604360527
80.0 0.493286635166
96.0 0.493091083936
112.0 0.492895533631
128.0 0.492699983326
144.0 0.0312992376022
160.0 0.03129911507
176.0 0.0312989930002
192.0 0.031298870468
208.0 0.0312915855815
224.0 0.0312914611997
240.0 0.0312913372804
256.0 0.031291213361
272.0 0.0312801124054
288.0 0.0312799861742
304.0 0.0312798604052
320.0 0.0312797346363
336.0 0.0312648180741
352.0 0.0312646899933
368.0 0.0312645623748
384.0 0.0312644347564
400.0 0.0312457025874
416.0 0.0312455726571
432.0 0.0312454431891
448.0 0.0312453137211
464.0 0.0312227659455
480.0 0.0312226341655
496.0 0.031222502848
512.0 0.0312223715305
528.0 0.0311960076858
544.0 0.0311958731315
560.0 0.0311957399645
576.0 0.031195606335
592.0 0.0311654268836
608.0 0.0311652900175
624.0 0.0311651550009
640.0 0.0311650195218
656.0 0.0311310244638
672.0 0.0311308862105
688.0 0.0311307488819
704.0 0.0311306115534
720.0 0.031092801351
736.0 0.0310926607858
752.0 0.0310925216077
768.0 0.0310923819672
784.0 0.0310507556958
800.0 0.031050613281
816.0 0.0310504713286
832.0 0.0310503298386
848.0 0.0310048879605
864.0 0.0310047441585
880.0 0.0310046003566
896.0 0.0310044560922
912.0 0.0309551995322
928.0 0.0309550524936
944.0 0.0309549059173
960.0 0.0309547602658
976.0 0.0309016880991
992.0 0.0309015382862
1008.0 0.0309013912475
1024.0 0.0309012428217
1040.0 0.0308443541235
1056.0 0.0308442038482
1072.0 0.0308440540352
1088.0 0.0308439037599
1104.0 0.0307831976055
1120.0 0.0307830450182
1136.0 0.0307828919686
1152.0 0.0307827407684
1168.0 0.0307182190074
1184.0 0.0307180645706
1200.0 0.0307179110585
1216.0 0.0307177570841
1232.0 0.0306494174044
1248.0 0.0306492606556
1264.0 0.0306491062188
1280.0 0.0306489480829
1296.0 0.0305767960333
1312.0 0.0305766378973
1328.0 0.0305764774495
1344.0 0.0305763183888
1360.0 0.0305003511949
1376.0 0.0305001902847
1392.0 0.0305000284497
1408.0 0.0304998680018
1424.0 0.0304200833516
1440.0 0.0304199187423
1456.0 0.0304197582945
1472.0 0.0304195950724
1488.0 0.0303359929659
1504.0 0.0303358278942
1520.0 0.0303356632849
1536.0 0.0303354982133
1552.0 0.0302480823497
1568.0 0.0302479126541
1584.0 0.0302477438834
1600.0 0.0302475778869
1616.0 0.0301563441047
1632.0 0.0301561739468
1648.0 0.0301560037889
1664.0 0.0301558345557
1680.0 0.030060786554
1696.0 0.0300606140841
1712.0 0.0300604406895
1728.0 0.0300602668325
1744.0 0.0299614041489
1760.0 0.0299612312166
1776.0 0.0299610527358
1792.0 0.0299608793411
1808.0 0.0298584747832
1824.0 0.02985802257
1840.0 0.0298578450139
1856.0 0.0298576669954
1872.0 0.0297945458005
1888.0 0.0297509932303
1904.0 0.0297508115128
1920.0 0.0297506330319
1936.0 0.0297399181684
1952.0 0.0296401376492
1968.0 0.0296399554692
1984.0 0.029639774214
2000.0 0.0296395934212
2016.0 0.0295254599879
2032.0 0.0295252782704
2048.0 0.0295250937785
2064.0 0.0295249092866
2080.0 0.029406960709
2096.0 0.0294067739052
2112.0 0.0294065875637
2128.0 0.0294064002975
2144.0 0.029284637038
2160.0 0.0292844456104
2176.0 0.029284256957
2192.0 0.0292840673789
2208.0 0.0291584871255
2224.0 0.0291582938483
2240.0 0.0291581065821
2256.0 0.0291579100682
2272.0 0.0290285155953
2288.0 0.0290283195438
2304.0 0.0290281276537
2320.0 0.0290279343765
2336.0 0.0288947201355
2352.0 0.0288945226968
2368.0 0.0288943261829
2384.0 0.0288941282818
2400.0 0.0287571012084
2416.0 0.028756900533
2432.0 0.0287567012448
2448.0 0.0287565024189
2464.0 0.0286156578893
2480.0 0.028615454902
2496.0 0.0286152537642
2512.0 0.0286150517017
2528.0 0.0284703892534
2544.0 0.0284701862661
2560.0 0.0284699809669
2576.0 0.0284697747429
2592.0 0.0283212971503
2608.0 0.0283210918511
2624.0 0.0283208791537
2640.0 0.0283206724673
2656.0 0.0281683806552
2672.0 0.0281681716569
2688.0 0.0281679603466
2704.0 0.0281677504235
2720.0 0.0280116379185
2736.0 0.0280114256835
2752.0 0.0280112102117
2768.0 0.028011000751
2784.0 0.0278510712522
2800.0 0.0278508567052
2816.0 0.0278506412335
2832.0 0.0278504266866
2848.0 0.0276866797315
2864.0 0.027686463335
2880.0 0.0276862437018
2896.0 0.0276860263805
2912.0 0.027518462894
2928.0 0.0275182441856
2944.0 0.0275180231652
2960.0 0.0275177998329
2976.0 0.0273464230517
2992.0 0.0273462001818
3008.0 0.0273459763871
3024.0 0.0273457502805
3040.0 0.0271705551182
3056.0 0.027170329474
3072.0 0.0271701033674
3088.0 0.0271698777232
3104.0 0.0269908646423
3120.0 0.0269906362238
3136.0 0.0269904045685
3152.0 0.0269901752252
3168.0 0.0268073460753
3184.0 0.0268071171944
3200.0 0.0268068832272
3216.0 0.0268066497224
3232.0 0.0266200035786
3248.0 0.0266197686867
3264.0 0.0266195319452
3280.0 0.0266192952038
3296.0 0.0264288353028
3312.0 0.0264285976366
3328.0 0.0264283567336
3344.0 0.0264281176802
3360.0 0.0262338375488
3376.0 0.0262335971082
3392.0 0.0262333552805
3408.0 0.0262331129904
3424.0 0.0260350167899
3440.0 0.0260347749621
3456.0 0.0260345280482
3472.0 0.0260342834462
3488.0 0.0258323688646
3504.0 0.0258321214883
3520.0 0.0258318764239
3536.0 0.025831624886
3552.0 0.0256267801664
3568.0 0.0256256454719
3584.0 0.0256253911598
3600.0 0.0256251410091
3616.0 0.0254612058631
3632.0 0.0254153422893
3648.0 0.02541508659
3664.0 0.0254148322778
3680.0 0.0253024170698
3696.0 0.0252012110155
3712.0 0.0252009548538
3728.0 0.0252006926811
3744.0 0.0251321398416
3760.0 0.024983252113
3776.0 0.0249829899403
3792.0 0.0249827268429
3808.0 0.0249716277368
3824.0 0.0247614678937
3840.0 0.0247612024844
3856.0 0.0247609379997
3872.0 0.0247606693537
3888.0 0.0245358528091
3904.0 0.0245355855501
3920.0 0.0245353178288
3936.0 0.0245350468708
3952.0 0.0243064151819
3968.0 0.0243061409872
3984.0 0.0243058714164
4000.0 0.0243055935226
4016.0 0.0240731425279
4032.0 0.0240728711075
4048.0 0.0240725927513
4064.0 0.0240723153199
4080.0 0.0238360510305
4096.0 0.0238357685128
4112.0 0.0238354873823
4128.0 0.0238352048647
4144.0 0.0235951226566
4160.0 0.0235948410638
4176.0 0.0235945562342
4192.0 0.0235942681679
4208.0 0.0233503657293
4224.0 0.0233500818245
4240.0 0.023349794683
4256.0 0.0233495066167
4272.0 0.0231017862595
4288.0 0.0231014963437
4304.0 0.0231012055031
4320.0 0.0231009137377
4336.0 0.0228493745372
4352.0 0.0228490832342
4368.0 0.0228487891569
4384.0 0.0228484890686
4400.0 0.0225931388852
4416.0 0.0225928387969
4432.0 0.0225925400957
4448.0 0.0225922390826
4464.0 0.0223330686687
4480.0 0.0223327639565
4496.0 0.0223324606315
4512.0 0.0223321563817
4528.0 0.0220691671244
4544.0 0.0220688587132
4560.0 0.0220685512267
4576.0 0.0220682414283
4592.0 0.0218014356395
4608.0 0.0218011253787
4624.0 0.021800810494
4640.0 0.0218004988461
4656.0 0.0215298751387
4672.0 0.0215295616412
4688.0 0.0215292513804
4704.0 0.0215289286352
4720.0 0.0212544833101
4736.0 0.0212541679631
4752.0 0.0212538493793
4768.0 0.0212535261717
4784.0 0.0209752643152
4800.0 0.0209749401828
4816.0 0.0209746183624
4832.0 0.0209742919181
4848.0 0.0206922102934
4864.0 0.0206918852363
4880.0 0.02069155648
4896.0 0.0206912249495
4912.0 0.0204053281805
4928.0 0.0204049952628
4944.0 0.0204046632699
4960.0 0.0204043238788
4976.0 0.0201146128903
4992.0 0.0201142734992
5008.0 0.0201139378072
5024.0 0.0201135974913
5040.0 0.0198200574869
5056.0 0.0198197213325
5072.0 0.0198193768552
5088.0 0.0198190328402
5104.0 0.0195216790787
5120.0 0.0195213332142
5136.0 0.0195209878121
5152.0 0.0195206373237
5168.0 0.0192194679555
5184.0 0.0192191137681
5200.0 0.0192187618926
5216.0 0.0192184072427
5232.0 0.0189134190311
5248.0 0.0189130685428
5264.0 0.0189127069572
5280.0 0.0189123453716
5296.0 0.0186058507074
5312.0 0.0186031739567
5328.0 0.0186028151454
5344.0 0.0186024470864
5360.0 0.0183353046808
5376.0 0.0182894498923
5392.0 0.01828908507
5408.0 0.018288714699
5424.0 0.0180739194394
5440.0 0.0179719005111
5456.0 0.0179715264411
5472.0 0.0179711477472
5488.0 0.0178011146587
5504.0 0.0176505013067
5520.0 0.0176501263119
5536.0 0.017649743919
5552.0 0.0175146847591
5568.0 0.0173252753984
5584.0 0.0173248916183
5600.0 0.0173245073758
5616.0 0.0172664506914
5632.0 0.0169962121513
5648.0 0.0169958223601
5664.0 0.0169954362681
5680.0 0.0169788102659
5696.0 0.0166633120277
5712.0 0.0166629176127
5728.0 0.0166625167243
5744.0 0.0166621162983
5760.0 0.0163265736405
5776.0 0.0163261755265
5792.0 0.0163257672399
5808.0 0.0163253603405
5824.0 0.0159859942155
5840.0 0.0159855831546
5856.0 0.0159851748681
5872.0 0.0159847610329
5888.0 0.0156415769892
5904.0 0.0156411636164
5920.0 0.0156407419207
5936.0 0.0156403280855
5952.0 0.0152933238113
5968.0 0.0152929007284
5984.0 0.0152924771832
6000.0 0.0152920559498
6016.0 0.0149412268212
6032.0 0.0149408037383
6048.0 0.0149403704829
6064.0 0.0149399423138
6080.0 0.014585289718
6096.0 0.0145848573874
6112.0 0.0145844185834
6128.0 0.0145839807041
6144.0 0.0142255111145
6160.0 0.0142250732352
6176.0 0.0142246242587
6192.0 0.0142241775942
6208.0 0.013861887774
6224.0 0.0138614383351
6240.0 0.0138609865843
6256.0 0.0138605302096
6272.0 0.013494417847
6288.0 0.0134939656337
6304.0 0.0134934976994
6320.0 0.0134930404
6336.0 0.0131231124307
6352.0 0.0131226495826
6368.0 0.0131221756373
6384.0 0.0131217123268
6400.0 0.0127479585783
6416.0 0.0127474874073
6432.0 0.0127470106876
6448.0 0.0127465362799
6464.0 0.0123689581394
6480.0 0.0123684772583
6496.0 0.0123679940652
6512.0 0.0123675099474
6528.0 0.0119861083397
6544.0 0.0119856223723
6560.0 0.0119851276196
6576.0 0.0119846310174
6592.0 0.0115994096415
6608.0 0.011598910265
6624.0 0.0115984081141
6640.0 0.011597906888
6656.0 0.011208863432
6672.0 0.0112083511087
6688.0 0.0112078410973
6704.0 0.0112073190638
6720.0 0.0108144600011
6736.0 0.0108139416668
6752.0 0.0108134163966
6768.0 0.0108129036109
6784.0 0.0104162081342
6800.0 0.0104156865631
6816.0 0.0104151437223
6832.0 0.0104146073549
6848.0 0.0100140971963
6864.0 0.0100135562051
6880.0 0.0100130055037
6896.0 0.0100124691363
6912.0 0.00960813042419
6928.0 0.00960757694852
6944.0 0.00960702069854
6960.0 0.00960646491095
6976.0 0.00919830273159
6992.0 0.00919773445958
7008.0 0.00919716803711
7024.0 0.00919660253942
7040.0 0.00878908677525
7056.0 0.00878404168502
7072.0 0.00878345630474
7088.0 0.00878287138685
7104.0 0.00841790759025
7120.0 0.00836647966704
7136.0 0.00836587902804
7152.0 0.00836528532482
7168.0 0.00805041685586
7184.0 0.00794504470656
7200.0 0.00794443389506
7216.0 0.00794382077164
7232.0 0.00767938655905
7248.0 0.0075197386531
7264.0 0.00751911119572
7280.0 0.00751847957688
7296.0 0.00729120591474
7312.0 0.00709055503328
7328.0 0.00708992017773
7344.0 0.007089271913
7360.0 0.00689812167023
7376.0 0.00665749754617
7392.0 0.00665684789429
7408.0 0.00665617651027
7424.0 0.00652268668737
7440.0 0.00622055509453
7456.0 0.00621987816189
7472.0 0.00621920122924
7488.0 0.00615577994611
7504.0 0.0057797230545
7520.0 0.00577902901358
7536.0 0.00577832849927
7552.0 0.00575267534139
7568.0 0.00533499865176
7584.0 0.00533427779247
7600.0 0.00533355878273
7616.0 0.00533284023537
7632.0 0.00488637032666
7648.0 0.00488561478845
7664.0 0.0048848768209
7680.0 0.00488413006801
7696.0 0.00443382651958
7712.0 0.00443304832447
7728.0 0.0044322881624
7744.0 0.00443150580582
7760.0 0.00397734827269
7776.0 0.00397655851793
7792.0 0.00397574934298
7808.0 0.00397493970565
7824.0 0.00351695731812
7840.0 0.00351609728074
7856.0 0.00351526729843
7872.0 0.00351442113263
7888.0 0.003052578287
7904.0 0.00305170576521
7920.0 0.00305082445809
7936.0 0.00304992141885
7952.0 0.00258422135183
7968.0 0.00258328502081
7984.0 0.00258233713015
8000.0 0.00258140819731
8016.0 0.00211184212356
8032.0 0.00211086880169
8048.0 0.0021098575642
8064.0 0.00210883800376
8080.0 0.00163539343888
8096.0 0.0016343040582
8112.0 0.00163318369768
8128.0 0.00163209385462
8144.0 0.00115463763152
8160.0 0.00115338456631
8176.0 0.00115208341299
8192.0 0.00115084653128
8208.0 0.000608387203609
8224.0 0.000607703335178
8240.0 0.000606951033667
8256.0 0.000606330974461
8272.0 0.000121906136682
8288.0 0.000121330004117
