0 1
0.0625 0.747507264865
0.125 0.743923672052
0.25 0.496991329649
16.0 0.496991329185
32.0 0.496930620506
80.0 0.494576304719
96.0 0.494350084406
112.0 0.494123864093
128.0 0.493897643781
144.0 0.0313220600294
160.0 0.0313219376329
176.0 0.0313218147727
192.0 0.0313216923762
208.0 0.0313143870652
224.0 0.0313142628142
240.0 0.0313141385631
256.0 0.0313140138485
272.0 0.0313028827187
288.0 0.0313027566132
304.0 0.0313026305076
320.0 0.0313025044021
336.0 0.0312875469899
352.0 0.0312874190299
368.0 0.0312872910699
384.0 0.0312871631099
400.0 0.0312683798788
416.0 0.0312682500643
432.0 0.0312681202498
448.0 0.0312679904353
464.0 0.0312453813855
480.0 0.0312452497165
496.0 0.0312451180475
512.0 0.0312449863785
528.0 0.0312185505827
544.0 0.0312184165956
560.0 0.0312182826085
576.0 0.0312181486213
592.0 0.0311878870067
608.0 0.0311877511651
624.0 0.0311876153235
640.0 0.0311874799455
656.0 0.0311533920485
672.0 0.031153254816
688.0 0.0311531171199
704.0 0.0311529794238
720.0 0.0311150661716
736.0 0.0311149261574
752.0 0.0311147866068
768.0 0.0311146461289
784.0 0.0310729070579
800.0 0.0310727647256
816.0 0.0310726233205
832.0 0.0310724814518
848.0 0.0310269170256
864.0 0.0310267733024
880.0 0.0310266281884
896.0 0.0310264849288
912.0 0.0309770942202
928.0 0.030976946788
944.0 0.0309768012103
960.0 0.0309766556326
976.0 0.0309234386416
992.0 0.0309232907458
1008.0 0.03092314285
1024.0 0.030922994027
1040.0 0.0308659507535
1056.0 0.0308658005396
1072.0 0.0308656512529
1088.0 0.0308654996482
1104.0 0.0308046305559
1120.0 0.0308044789511
1136.0 0.0308043254919
1152.0 0.0308041734234
1168.0 0.0307394775852
1184.0 0.0307393241259
1200.0 0.0307391692758
1216.0 0.0307390134984
1232.0 0.0306704913777
1248.0 0.0306703365276
1264.0 0.0306701793593
1280.0 0.0306700217274
1296.0 0.0305976747152
1312.0 0.0305975156924
1328.0 0.030597356206
1344.0 0.0305971971833
1360.0 0.0305210243523
1376.0 0.0305208644023
1392.0 0.0305207007433
1408.0 0.0305205394024
1424.0 0.0304405416799
1440.0 0.0304403780209
1456.0 0.0304402157527
1472.0 0.0304400525574
1488.0 0.0303562257707
1504.0 0.0303560602572
1520.0 0.0303558952073
1536.0 0.0303557296938
1552.0 0.0302680756975
1568.0 0.0302679078659
1584.0 0.0302677409615
1600.0 0.0302675726663
1616.0 0.0301760937784
1632.0 0.0301759240923
1648.0 0.0301757530153
1664.0 0.0301755837929
1680.0 0.0300802795498
1696.0 0.0300801066184
1712.0 0.0300799341505
1728.0 0.0300797602918
1744.0 0.0299806316208
1760.0 0.0299804545168
1776.0 0.0299802783399
1792.0 0.0299801054085
1808.0 0.02987742492
1824.0 0.0298769710329
1840.0 0.0298767943925
1856.0 0.0298766172884
1872.0 0.0298133215923
1888.0 0.0297696538487
1904.0 0.0297694753537
1920.0 0.0297692945407
1936.0 0.0297585417274
1952.0 0.0296585025004
1968.0 0.0296583207601
1984.0 0.0296581394834
2000.0 0.0296579549614
2016.0 0.0295435193063
2032.0 0.0295433324661
2048.0 0.0295431484077
2064.0 0.0295429615675
2080.0 0.02942469963
2096.0 0.0294245127899
2112.0 0.0294243254861
2128.0 0.0294241372551
2144.0 0.0293020462534
2160.0 0.029301858486
2176.0 0.029301666546
2192.0 0.0293014750696
2208.0 0.0291755610308
2224.0 0.0291753681636
2240.0 0.0291751743691
2256.0 0.0291749828927
2272.0 0.0290452374717
2288.0 0.0290450441408
2304.0 0.0290448503463
2320.0 0.0290446533064
2336.0 0.0289110848484
2352.0 0.0289108864176
2368.0 0.0289106893778
2384.0 0.0289104923379
2400.0 0.0287730943521
2416.0 0.0287728949941
2432.0 0.0287726965633
2448.0 0.0287724962781
2464.0 0.0286312752552
2480.0 0.0286310721883
2496.0 0.0286308686577
2512.0 0.0286306651271
2528.0 0.0284856168945
2544.0 0.0284854078005
2560.0 0.0284852038062
2576.0 0.0284849974939
2592.0 0.0283361215881
2608.0 0.0283359143485
2624.0 0.0283357075726
2640.0 0.0283354989421
2656.0 0.0281827962902
2672.0 0.0281825858053
2688.0 0.0281823743931
2704.0 0.0281821643718
2720.0 0.0280256340467
2736.0 0.0280254198527
2752.0 0.0280252065861
2768.0 0.0280249910013
2784.0 0.0278646381027
2800.0 0.0278644197362
2816.0 0.027864204615
2832.0 0.0278639853212
2848.0 0.0276998070675
2864.0 0.0276995877737
2880.0 0.027699367089
2896.0 0.0276991454771
2912.0 0.0275311386229
2928.0 0.0275309165473
2944.0 0.027530693081
2960.0 0.0275304719327
2976.0 0.0273586346234
2992.0 0.0273584102298
3008.0 0.0273581858361
3024.0 0.0273579581971
3040.0 0.0271822955327
3056.0 0.0271820692845
3072.0 0.0271818416455
3088.0 0.0271816126157
3104.0 0.0270021222779
3120.0 0.0270018923208
3136.0 0.0270016656091
3152.0 0.027001431943
3168.0 0.0268181134683
3184.0 0.0268178760932
3200.0 0.0268176452089
3216.0 0.0268174129336
3232.0 0.026630267713
3248.0 0.0266300321924
3264.0 0.0266297943537
3280.0 0.0266295551241
3296.0 0.0264385845482
3312.0 0.0264383439278
3328.0 0.0264381051618
3344.0 0.0264378640777
3360.0 0.0262430658286
3376.0 0.0262428247445
3392.0 0.0262425808787
3408.0 0.0262423370129
3424.0 0.0260437101633
3440.0 0.0260434709337
3456.0 0.0260432210408
3472.0 0.0260429743932
3488.0 0.0258405254338
3504.0 0.0258402755408
3520.0 0.0258400219389
3536.0 0.0258397743641
3552.0 0.0256343800064
3568.0 0.0256332413478
3584.0 0.0256329896004
3600.0 0.0256327359985
3616.0 0.0254683597776
3632.0 0.0254223748452
3648.0 0.0254221175343
3664.0 0.0254218588325
3680.0 0.0253090347317
3696.0 0.0252076672242
3712.0 0.0252074089861
3728.0 0.0252071498207
3744.0 0.0251386175003
3760.0 0.0249891277574
3776.0 0.0249888644194
3792.0 0.0249886010814
3808.0 0.0249774643881
3824.0 0.0247667448541
3840.0 0.0247664787343
3856.0 0.0247662144691
3872.0 0.0247659464949
3888.0 0.0245405277867
3904.0 0.0245402598125
3920.0 0.0245399899838
3936.0 0.0245397164461
3952.0 0.0243104737737
3968.0 0.0243101979179
3984.0 0.0243099271619
4000.0 0.0243096513061
4016.0 0.0240765800331
4032.0 0.0240763018592
4048.0 0.024076022758
4064.0 0.0240757464386
4080.0 0.0238388461015
4096.0 0.0238385665367
4112.0 0.0238382823356
4128.0 0.0238379995255
4144.0 0.0235972742968
4160.0 0.0235969900958
4176.0 0.0235967045039
4192.0 0.023596418912
4208.0 0.02335186601
4224.0 0.0233515753183
4240.0 0.0233512855537
4256.0 0.0233509971801
4272.0 0.0231026142868
4288.0 0.0231023217405
4304.0 0.0231020296579
4320.0 0.023101740357
4336.0 0.0228495270086
4352.0 0.0228492307534
4368.0 0.0228489335709
4384.0 0.0228486363884
4400.0 0.0225925990758
4416.0 0.0225923037478
4432.0 0.0225920023927
4448.0 0.0225917015012
4464.0 0.0223318300245
4480.0 0.0223315272786
4496.0 0.022331227778
4512.0 0.0223309185413
4528.0 0.0220672272729
4544.0 0.0220669166454
4560.0 0.0220666083359
4576.0 0.022066301881
4592.0 0.0217987764486
4608.0 0.0217984662847
4624.0 0.021798153339
4640.0 0.0217978403934
4656.0 0.0215264877513
4672.0 0.0215261748057
4688.0 0.0215258576874
4704.0 0.0215255363965
4720.0 0.021250361181
4736.0 0.0212500389629
4752.0 0.0212497195265
4768.0 0.0212493945266
4784.0 0.0209703921015
4800.0 0.020970062929
4816.0 0.0209697365383
4832.0 0.0209694129293
4848.0 0.020686577731
4864.0 0.0206862490222
4880.0 0.0206859152134
4896.0 0.0206855878955
4912.0 0.0203989236331
4928.0 0.0203985926061
4944.0 0.020398255552
4960.0 0.0203979180343
4976.0 0.0201074274895
4992.0 0.0201070918263
5008.0 0.0201067478178
5024.0 0.020106407982
5040.0 0.019812082346
5056.0 0.0198117452919
5072.0 0.01981139572
5088.0 0.0198110521752
5104.0 0.0195129030384
5120.0 0.0195125581027
5136.0 0.0195122062127
5152.0 0.0195118547863
5168.0 0.0192098798308
5184.0 0.0192095270135
5200.0 0.0192091728054
5216.0 0.01920881767
5232.0 0.0189030108686
5248.0 0.018902651097
5264.0 0.0189022890072
5280.0 0.0189019306265
5296.0 0.0185946156587
5312.0 0.0185919317439
5328.0 0.0185915682633
5344.0 0.0185912015374
5360.0 0.0183233446144
5376.0 0.0182773726634
5392.0 0.0182770026921
5408.0 0.0182766280845
5424.0 0.0180612602641
5440.0 0.0179589631921
5456.0 0.0179585899754
5472.0 0.0179582107316
5488.0 0.0177877160751
5504.0 0.0176367098206
5520.0 0.0176363287223
5536.0 0.0176359443787
5552.0 0.0175005251367
5568.0 0.017310606522
5584.0 0.0173102193966
5600.0 0.0173098336621
5616.0 0.0172516169583
5632.0 0.0169806597869
5648.0 0.0169802624618
5664.0 0.0169798744091
5680.0 0.0169632025182
5696.0 0.0166468672972
5712.0 0.0166464671903
5728.0 0.0166460680108
5744.0 0.0166456646586
5760.0 0.0163092244167
5776.0 0.0163088178191
5792.0 0.0163084149305
5808.0 0.016308008333
5824.0 0.0159677334634
5840.0 0.0159673213024
5856.0 0.0159669105322
5872.0 0.0159664960531
5888.0 0.0156223921194
5904.0 0.0156219679042
5920.0 0.0156215524978
5936.0 0.0156211296734
5952.0 0.0152731989937
5968.0 0.0152727724603
5984.0 0.0152723487087
6000.0 0.0152719240298
6016.0 0.0149201573316
6032.0 0.0149197247712
6048.0 0.0149192931379
6064.0 0.0149188582594
6080.0 0.0145632648151
6096.0 0.0145628220549
6112.0 0.0145623806856
6128.0 0.0145619458071
6144.0 0.0142025214442
6160.0 0.0142020763659
6176.0 0.0142016336057
6192.0 0.0142011834276
6208.0 0.013837924437
6224.0 0.0138374631319
6240.0 0.0138370143447
6256.0 0.0138365595303
6272.0 0.0134694686939
6288.0 0.0134690092433
6304.0 0.0134685405202
6320.0 0.0134680857058
6336.0 0.0130971630235
6352.0 0.0130966961549
6368.0 0.0130962292864
6384.0 0.0130957577815
6400.0 0.0127210083532
6416.0 0.0127205261851
6432.0 0.0127200477259
6448.0 0.0127195697304
6464.0 0.0123409842835
6480.0 0.012340495161
6496.0 0.0123400083566
6512.0 0.0123395192341
6528.0 0.0119571010142
6544.0 0.0119566072554
6560.0 0.0119561102514
6576.0 0.0119556202016
6592.0 0.0115693682812
6608.0 0.0115688615411
6624.0 0.0115683561918
6640.0 0.0115678475971
6656.0 0.0111777633672
6672.0 0.0111772543089
6688.0 0.0111767392235
6704.0 0.01117622182
6720.0 0.0107823020353
6736.0 0.0107817786046
6752.0 0.0107812607375
6768.0 0.0107807298889
6784.0 0.0103829828945
6800.0 0.0103824483369
6816.0 0.0103819198065
6832.0 0.0103813764401
6848.0 0.00997978971816
6864.0 0.00997924449726
6880.0 0.00997869510375
6896.0 0.00997815081009
6912.0 0.00957272946056
6928.0 0.00957218099429
6944.0 0.00957162047382
6960.0 0.0095710608806
6976.0 0.00916180443981
6992.0 0.0091612351105
7008.0 0.0091606639267
7024.0 0.00916008857028
7040.0 0.00875149232896
7056.0 0.00874641750922
7072.0 0.00874584122556
7088.0 0.00874525335132
7104.0 0.00837931322773
7120.0 0.00832772958132
7136.0 0.00832713104375
7152.0 0.00832653621516
7168.0 0.0080108361579
7184.0 0.00790516205434
7200.0 0.00790455934416
7216.0 0.00790394550702
7232.0 0.007638799389
7248.0 0.00747871168291
7264.0 0.00747808996418
7280.0 0.00747746546371
7296.0 0.00724957842555
7312.0 0.00704838681226
7328.0 0.00704774098512
7344.0 0.00704709005812
7360.0 0.00685543007455
7376.0 0.00661415406151
7392.0 0.00661350035277
7408.0 0.00661283829881
7424.0 0.00647895179523
7440.0 0.00617603661181
7456.0 0.00617534905858
7472.0 0.00617467402318
7488.0 0.00611107836283
7504.0 0.00573401730912
7520.0 0.00573331445633
7536.0 0.00573261577614
7552.0 0.00570688932381
7568.0 0.00528809105358
7584.0 0.00528736270151
7600.0 0.00528664733088
7616.0 0.00528592407866
7632.0 0.00483824903635
7648.0 0.00483750492108
7664.0 0.00483675616959
7680.0 0.00483600927258
7696.0 0.00438449079379
7712.0 0.00438371515215
7728.0 0.00438294043775
7744.0 0.00438215969626
7760.0 0.00392677367259
7776.0 0.00392597021355
7792.0 0.00392516768176
7808.0 0.00392434521417
7824.0 0.00346512085389
7840.0 0.0034642844776
7856.0 0.0034634277019
7872.0 0.00346257695329
7888.0 0.00299948782987
7904.0 0.00299861065474
7920.0 0.00299771308019
7936.0 0.00299681782376
7952.0 0.00252985651922
7968.0 0.00252891119148
7984.0 0.00252795427316
8000.0 0.00252703722644
8016.0 0.00205617267803
8032.0 0.00205515873406
8048.0 0.00205413644486
8064.0 0.00205313455509
8080.0 0.00157837278992
8096.0 0.00157727771188
8112.0 0.00157616501616
8128.0 0.00157506901087
8144.0 0.00109634094908
8160.0 0.00109504883117
8176.0 0.00109377618544
8192.0 0.00109250724869
8208.0 0.000609686321136
8224.0 0.000608985322831
8240.0 0.000608249552785
8256.0 0.000607647769849
8272.0 0.000121595388467
