0 1
0.0625 0.95625
0.125 0.525
0.25 0.2625
32.0 0.262499904633
48.0 0.262499809265
80.0 0.262499713898
96.0 0.26249961853
128.0 0.0875117301941
144.0 0.0874994277954
160.0 0.0874992370605
176.0 0.0874989509583
192.0 0.0874988555908
208.0 0.087498664856
224.0 0.0874983787537
240.0 0.0874982833862
256.0 0.0874980926514
272.0 0.0874978065491
288.0 0.0874975204468
304.0 0.0874971389771
320.0 0.0874968528748
336.0 0.0874965667725
352.0 0.0874961853027
368.0 0.0874958992004
384.0 0.0874956130981
400.0 0.0874952316284
416.0 0.0874947547913
432.0 0.0874942779541
448.0 0.0874938964844
464.0 0.0874934196472
480.0 0.0874929428101
496.0 0.0874925613403
512.0 0.0874920845032
528.0 0.087491607666
544.0 0.0874910354614
560.0 0.0874903678894
576.0 0.0874898910522
592.0 0.0874893188477
608.0 0.0874886512756
624.0 0.0874881744385
640.0 0.0874876022339
656.0 0.0874869346619
672.0 0.0874862670898
688.0 0.0874855041504
704.0 0.0874848365784
720.0 0.0874841690063
736.0 0.0874834060669
752.0 0.0874827384949
768.0 0.0874820709229
784.0 0.0874813079834
800.0 0.0874804496765
816.0 0.0874795913696
832.0 0.0874788284302
848.0 0.0874779701233
864.0 0.0874771118164
880.0 0.0874762058258
896.0 0.0874754905701
912.0 0.0874744415283
928.0 0.087473487854
944.0 0.0874724388123
960.0 0.0874715805054
976.0 0.0874706268311
992.0 0.0874695301056
1008.0 0.0874687194824
1024.0 0.0874675750732
1040.0 0.0874665260315
1056.0 0.087465763092
1072.0 0.0874643325806
1088.0 0.0874632835388
1104.0 0.0874623298645
1120.0 0.0874610900879
1136.0 0.0874600410461
1152.0 0.0874589920044
1168.0 0.0874578475952
1184.0 0.0874566078186
1200.0 0.087455368042
1216.0 0.0874542236328
1232.0 0.0874527931213
1248.0 0.0874516487122
1264.0 0.0874504089355
1280.0 0.0874489784241
1296.0 0.0874479293823
1312.0 0.0874462127686
1328.0 0.0874449729919
1344.0 0.0874439239502
1360.0 0.0874422073364
1376.0 0.0874408245087
1392.0 0.0874397754669
1408.0 0.0874382019043
1424.0 0.0874367713928
1440.0 0.0874354362488
1456.0 0.0874338150024
1472.0 0.0874322414398
1488.0 0.0874309062958
1504.0 0.0874294281006
1520.0 0.0874276638031
1536.0 0.0874263763428
1552.0 0.0874248027802
1568.0 0.0874228477478
1584.0 0.0874217033386
1600.0 0.0874197006226
1616.0 0.0874180793762
1632.0 0.0874166965485
1648.0 0.0874147415161
1664.0 0.0874131202698
1680.0 0.0874114990234
1696.0 0.0874097824097
1712.0 0.0874078273773
1728.0 0.0874063491821
1744.0 0.0874045372009
1760.0 0.0874022483826
1776.0 0.0874008178711
1792.0 0.0873990535736
1808.0 0.0873970985413
1824.0 0.0873952865601
1840.0 0.0873933792114
1856.0 0.0873913764954
1872.0 0.0873896598816
1888.0 0.0873876571655
1904.0 0.0873856544495
1920.0 0.0873837947845
1936.0 0.0873820304871
1952.0 0.0873796463013
1968.0 0.0873776435852
1984.0 0.0873760223389
2000.0 0.0873733997345
2016.0 0.0873713970184
2032.0 0.0873695373535
2048.0 0.0873673439026
2064.0 0.0873652458191
2080.0 0.0873633861542
2096.0 0.0873609542847
2112.0 0.0873586177826
2128.0 0.0873568534851
2144.0 0.0873542308807
2160.0 0.0873518943787
2176.0 0.0873504161835
2192.0 0.0873475074768
2208.0 0.0873452186584
2224.0 0.0873432159424
2240.0 0.0873408317566
2256.0 0.0873382568359
2272.0 0.0873365402222
2288.0 0.0873339653015
2304.0 0.0873311042786
2320.0 0.0873294830322
2336.0 0.087326335907
2352.0 0.08732380867
2368.0 0.0873219966888
2384.0 0.0873190879822
2400.0 0.0873164176941
2416.0 0.0873142242432
2432.0 0.0873120307922
2448.0 0.0873090267181
2464.0 0.0873065948486
2480.0 0.0873041152954
2496.0 0.0873010635376
2512.0 0.087298822403
2528.0 0.0872961997986
2544.0 0.0872933387756
2560.0 0.0872909545898
2576.0 0.0872885227203
2592.0 0.0872852802277
2608.0 0.0872821807861
2624.0 0.0872803688049
2640.0 0.0872771263123
2656.0 0.087274312973
2672.0 0.0872719287872
2688.0 0.0872689247131
2704.0 0.0872659683228
2720.0 0.0872633934021
2736.0 0.087260389328
2752.0 0.0872570037842
2768.0 0.0872546195984
2784.0 0.0872515678406
2800.0 0.0872484207153
2816.0 0.0872459411621
2832.0 0.0872432231903
2848.0 0.0872397422791
2864.0 0.0872364044189
2880.0 0.0872340202332
2896.0 0.087230682373
2912.0 0.0872274398804
2928.0 0.0872247695923
2944.0 0.0872215270996
2960.0 0.0872184753418
2976.0 0.0872156143188
2992.0 0.087212228775
3008.0 0.0872085094452
3024.0 0.0872061252594
3040.0 0.0872026443481
3056.0 0.0871991157532
3072.0 0.0871957778931
3088.0 0.087193441391
3104.0 0.0871893405914
3120.0 0.0871859550476
3136.0 0.0871829986572
3152.0 0.0871797084808
3168.0 0.0871761798859
3184.0 0.0871731758118
3200.0 0.0871694564819
3216.0 0.0871661186218
3232.0 0.0871629714966
3248.0 0.0871591567993
3264.0 0.0871553421021
3280.0 0.0871522426605
3296.0 0.0871489524841
3312.0 0.0871452331543
3328.0 0.0871412277222
3344.0 0.0871388435364
3360.0 0.0871347904205
3376.0 0.0871307849884
3392.0 0.0871273994446
3408.0 0.0871238708496
3424.0 0.0871200561523
3440.0 0.0871164798737
3456.0 0.0871128559113
3472.0 0.0871088027954
3488.0 0.0871056079865
3504.0 0.0871017932892
3520.0 0.0870975494385
3536.0 0.0870936393738
3552.0 0.0870911598206
3568.0 0.0870865821838
3584.0 0.0870825767517
3600.0 0.0870790958405
3616.0 0.087075138092
3632.0 0.0870710849762
3648.0 0.0870672702789
3664.0 0.0870633125305
3680.0 0.0870591163635
3696.0 0.087055683136
3712.0 0.0870516777039
3728.0 0.0870473861694
3744.0 0.0870429992676
3760.0 0.0870399475098
3776.0 0.087035369873
3792.0 0.0870309829712
3808.0 0.0870266914368
3824.0 0.0870234489441
3840.0 0.0870190620422
3856.0 0.0870146751404
3872.0 0.0870109558105
3888.0 0.0870065689087
3904.0 0.0870022773743
3920.0 0.0869980812073
3936.0 0.0869937896729
3952.0 0.0869892120361
3968.0 0.0869853496552
3984.0 0.086981344223
4000.0 0.0869763374329
4016.0 0.0869717597961
4032.0 0.0869683742523
4048.0 0.0869636535645
4064.0 0.0869589805603
4080.0 0.0869547843933
4096.0 0.0869504928589
4112.0 0.086946105957
4128.0 0.086941242218
4144.0 0.0869369029999
4160.0 0.0869322776794
4176.0 0.0869274139404
4192.0 0.0869235992432
4208.0 0.0869190216064
4224.0 0.0869139194489
4240.0 0.0869093894958
4256.0 0.0869055747986
4272.0 0.0869002342224
4288.0 0.0868953704834
4304.0 0.0868907928467
4320.0 0.0868863105774
4336.0 0.0868813991547
4352.0 0.0868769645691
4368.0 0.0868721008301
4384.0 0.0868671417236
4400.0 0.0868626594543
4416.0 0.0868577003479
4432.0 0.086852645874
4448.0 0.0868479728699
4464.0 0.0868431091309
4480.0 0.0868389129639
4496.0 0.0868333339691
4512.0 0.0868279457092
4528.0 0.0868236541748
4544.0 0.0868189811707
4560.0 0.0868133544922
4576.0 0.0868083000183
4592.0 0.0868033409119
4608.0 0.0867984294891
4624.0 0.0867935180664
4640.0 0.0867883682251
4656.0 0.0867828845978
4672.0 0.086777973175
4688.0 0.0867726802826
4704.0 0.0867682933807
4720.0 0.0867624282837
4736.0 0.0867568969727
4752.0 0.0867522239685
4768.0 0.0867471694946
4784.0 0.0867411136627
4800.0 0.0867361545563
4816.0 0.0867309570312
4832.0 0.0867254734039
4848.0 0.0867205142975
4864.0 0.0867150306702
4880.0 0.0867097377777
4896.0 0.086704158783
4912.0 0.0866985321045
4928.0 0.0866936206818
4944.0 0.0866877555847
4960.0 0.0866820335388
4976.0 0.0866766452789
4992.0 0.0866717338562
5008.0 0.0866658687592
5024.0 0.0866598129272
5040.0 0.0866544723511
5056.0 0.0866489887238
5072.0 0.0866435527802
5088.0 0.0866374015808
5104.0 0.0866324424744
5120.0 0.0866261005402
5136.0 0.086620426178
5152.0 0.0866152763367
5168.0 0.0866093635559
5184.0 0.0866030693054
5200.0 0.0865972518921
5216.0 0.0865919589996
5232.0 0.0865864276886
5248.0 0.0865800857544
5264.0 0.0865743637085
5280.0 0.0865685462952
5296.0 0.0865623474121
5312.0 0.0865565776825
5328.0 0.0865503787994
5344.0 0.0865447998047
5360.0 0.0865386486053
5376.0 0.0865323066711
5392.0 0.0865272521973
5408.0 0.0865208625793
5424.0 0.0865141868591
5440.0 0.0865082263947
5456.0 0.086502122879
5472.0 0.086496591568
5488.0 0.0864899158478
5504.0 0.0864840984344
5520.0 0.0864778518677
5536.0 0.0864715099335
5552.0 0.086465215683
5568.0 0.0864593029022
5584.0 0.0864525794983
5600.0 0.0864463806152
5616.0 0.086440038681
5632.0 0.0864346504211
5648.0 0.0864278793335
5664.0 0.0864208698273
5680.0 0.0864142417908
5696.0 0.0864083766937
5712.0 0.0864020347595
5728.0 0.0863948345184
5744.0 0.0863887786865
5760.0 0.0863828659058
5776.0 0.0863758087158
5792.0 0.086369228363
5808.0 0.0863626003265
5824.0 0.0863563537598
5840.0 0.086349105835
5856.0 0.0863426208496
5872.0 0.0863361358643
5888.0 0.0863302230835
5904.0 0.0863227844238
5920.0 0.0863159656525
5936.0 0.0863093852997
5952.0 0.0863031864166
5968.0 0.0862962722778
5984.0 0.0862887382507
6000.0 0.0862826347351
6016.0 0.0862755298615
6032.0 0.0862681388855
6048.0 0.0862616539001
6064.0 0.0862554073334
6080.0 0.0862480640411
6096.0 0.0862408161163
6112.0 0.0862335205078
6128.0 0.0862270832062
6144.0 0.0862205505371
6160.0 0.0862128257751
6176.0 0.0862054347992
6192.0 0.0861990451813
6208.0 0.086191701889
6224.0 0.0861845970154
6240.0 0.0861775875092
6256.0 0.0861706256866
6272.0 0.0861631393433
6288.0 0.0861555099487
6304.0 0.0861485481262
6320.0 0.0861420154572
6336.0 0.0861352920532
6352.0 0.0861267566681
6368.0 0.0861190795898
6384.0 0.0861128330231
6400.0 0.0861051559448
6416.0 0.0860973358154
6432.0 0.0860898017883
6448.0 0.0860833644867
6464.0 0.0860751628876
6480.0 0.0860677719116
6496.0 0.0860604286194
6512.0 0.0860532283783
6528.0 0.086045217514
6544.0 0.0860380172729
6560.0 0.0860298633575
6576.0 0.0860222816467
6592.0 0.0860154628754
6608.0 0.0860075473785
6624.0 0.0859996795654
6640.0 0.0859925270081
6656.0 0.0859842300415
6672.0 0.0859765052795
6688.0 0.0859694480896
6704.0 0.0859611988068
6720.0 0.0859532356262
6736.0 0.0859456062317
6752.0 0.0859378814697
6768.0 0.0859299182892
6784.0 0.0859235286713
6800.0 0.085914182663
6816.0 0.0859055519104
6832.0 0.0858989238739
6848.0 0.0858901500702
6864.0 0.0858825206757
6880.0 0.0858747005463
6896.0 0.0858668327332
6912.0 0.0858587265015
6928.0 0.0858509540558
6944.0 0.0858423709869
6960.0 0.0858339309692
6976.0 0.0858265399933
6992.0 0.0858179569244
7008.0 0.0858096122742
7024.0 0.0858012676239
7040.0 0.0857930660248
7056.0 0.0857849597931
7072.0 0.0857773780823
7088.0 0.0857688903809
7104.0 0.085760307312
7120.0 0.0857517242432
7136.0 0.0857439517975
7152.0 0.0857348442078
7168.0 0.0857264995575
7184.0 0.0857188224792
7200.0 0.0857096672058
7216.0 0.0857006549835
7232.0 0.0856927394867
7248.0 0.0856848239899
7264.0 0.0856760978699
7280.0 0.0856677532196
7296.0 0.0856587409973
7312.0 0.0856500148773
7328.0 0.0856413841248
7344.0 0.0856325149536
7360.0 0.0856236457825
7376.0 0.0856150627136
7392.0 0.0856072425842
7408.0 0.0855979442596
7424.0 0.0855888843536
7440.0 0.0855806350708
7456.0 0.0855721473694
7472.0 0.0855631351471
7488.0 0.0855545043945
7504.0 0.0855449676514
7520.0 0.0855358123779
7536.0 0.0855278015137
7552.0 0.0855185508728
7568.0 0.0855091094971
7584.0 0.0855000972748
7600.0 0.0854919433594
7616.0 0.0854822158813
7632.0 0.0854728221893
7648.0 0.0854645252228
7664.0 0.0854558467865
7680.0 0.0854464530945
7696.0 0.0854373455048
7712.0 0.085427570343
7728.0 0.0854183197021
7744.0 0.0854088783264
7760.0 0.0854002475739
7776.0 0.0853907585144
7792.0 0.0853814601898
7808.0 0.0853727817535
7824.0 0.0853632926941
7840.0 0.0853531360626
7856.0 0.085344171524
7872.0 0.0853350162506
7888.0 0.0853254318237
7904.0 0.0853161334991
7920.0 0.0853070259094
7936.0 0.0852965831757
7952.0 0.0852867126465
7968.0 0.0852784156799
7984.0 0.0852680683136
8000.0 0.0852581977844
8016.0 0.0852486133575
8032.0 0.0852398872375
8048.0 0.0852300643921
8064.0 0.0852204799652
8080.0 0.0852108478546
8096.0 0.0852003097534
8112.0 0.0851905822754
8128.0 0.0851814746857
8144.0 0.0851711273193
8160.0 0.0851612091064
8176.0 0.0851511001587
8192.0 0.0851420402527
8208.0 0.0851313591003
8224.0 0.0851209640503
8240.0 0.0851113796234
8256.0 0.0851018428802
8272.0 0.0850920677185
8288.0 0.0850818634033
8304.0 0.0850722789764
8320.0 0.0850616455078
8336.0 0.0850515842438
8352.0 0.0850423336029
8368.0 0.085031747818
8384.0 0.0850212574005
8400.0 0.0850113868713
8416.0 0.085001373291
8432.0 0.084990644455
8448.0 0.0849801540375
8464.0 0.0849699020386
8480.0 0.0849593639374
8496.0 0.0849493026733
8512.0 0.0849393844604
8528.0 0.084928894043
8544.0 0.0849180698395
8560.0 0.0849076271057
8576.0 0.0848978042603
8592.0 0.0848867893219
8608.0 0.0848756313324
8624.0 0.0848657131195
8640.0 0.0848549365997
8656.0 0.0848445892334
8672.0 0.0848340034485
8688.0 0.0848233699799
8704.0 0.0848124027252
8720.0 0.084801864624
8736.0 0.084791469574
8752.0 0.0847810268402
8768.0 0.0847701072693
8784.0 0.0847586631775
8800.0 0.0847483634949
8816.0 0.0847369670868
8832.0 0.0847268104553
8848.0 0.0847155570984
8864.0 0.0847050666809
8880.0 0.0846936225891
8896.0 0.0846828460693
8912.0 0.0846729755402
8928.0 0.0846614360809
8944.0 0.0846500396729
8960.0 0.0846390247345
8976.0 0.084627866745
8992.0 0.0846174240112
9008.0 0.084605550766
9024.0 0.0845942974091
9040.0 0.0845837593079
9056.0 0.0845720291138
9072.0 0.0845611095428
9088.0 0.0845502376556
9104.0 0.0845383644104
9120.0 0.0845263957977
9136.0 0.0845150947571
9152.0 0.0845041751862
9168.0 0.0844929695129
9184.0 0.0844810009003
9200.0 0.0844695568085
9216.0 0.0844587802887
9232.0 0.0844469070435
9248.0 0.0844358444214
9264.0 0.0844247817993
9280.0 0.0844121932983
9296.0 0.0844009399414
9312.0 0.0843892097473
9328.0 0.0843780040741
9344.0 0.0843667984009
9360.0 0.0843547821045
9376.0 0.0843426704407
9392.0 0.0843316555023
9408.0 0.0843195915222
9424.0 0.0843072891235
9440.0 0.0842959403992
9456.0 0.0842843055725
9472.0 0.0842721939087
9488.0 0.0842597484589
9504.0 0.0842481136322
9520.0 0.0842365264893
9536.0 0.0842238426208
9552.0 0.0842116355896
9568.0 0.0842002868652
9584.0 0.0841879844666
9600.0 0.0841756820679
9616.0 0.0841639995575
9632.0 0.0841520786285
9648.0 0.0841390609741
9664.0 0.0841267585754
9680.0 0.0841148376465
9696.0 0.084102678299
9712.0 0.0840909004211
9728.0 0.0840788841248
9744.0 0.0840660095215
9760.0 0.0840537548065
9776.0 0.0840410232544
9792.0 0.0840288162231
9808.0 0.0840169429779
9824.0 0.0840043544769
9840.0 0.0839916706085
9856.0 0.0839789390564
9872.0 0.0839665412903
9888.0 0.0839544296265
9904.0 0.0839417457581
9920.0 0.0839286804199
9936.0 0.083916425705
9952.0 0.0839030742645
9968.0 0.0838907241821
9984.0 0.0838777542114
10000.0 0.0838651180267
10016.0 0.0838530540466
10032.0 0.0838404655457
10048.0 0.0838274002075
10064.0 0.0838143825531
10080.0 0.0838016986847
10096.0 0.083788394928
10112.0 0.0837755203247
10128.0 0.08376288414
10144.0 0.0837495803833
10160.0 0.0837363243103
10176.0 0.0837230205536
10192.0 0.0837093830109
10208.0 0.0836974143982
10224.0 0.0836842536926
10240.0 0.0836709022522
10256.0 0.0836575508118
10272.0 0.0836452960968
10288.0 0.0836317539215
10304.0 0.0836185455322
10320.0 0.0836054325104
10336.0 0.0835920333862
10352.0 0.0835782527924
10368.0 0.0835647106171
10384.0 0.0835506916046
10400.0 0.0835381507874
10416.0 0.0835250854492
10432.0 0.0835109710693
10448.0 0.0834972381592
10464.0 0.0834842205048
10480.0 0.0834711074829
10496.0 0.0834575176239
10512.0 0.0834441184998
10528.0 0.0834308624268
10544.0 0.0834171295166
10560.0 0.0834028244019
10576.0 0.0833886146545
10592.0 0.0833751678467
10608.0 0.0833619594574
10624.0 0.0833477973938
10640.0 0.0833340167999
10656.0 0.0833200454712
10672.0 0.0833058834076
10688.0 0.0832920074463
10704.0 0.083277797699
10720.0 0.0832640647888
10736.0 0.0832508563995
10752.0 0.0832370758057
10768.0 0.0832225322723
10784.0 0.0832083702087
10800.0 0.0831941127777
10816.0 0.0831797599792
10832.0 0.0831658363342
10848.0 0.0831514358521
10864.0 0.0831366062164
10880.0 0.0831225395203
10896.0 0.0831091880798
10912.0 0.0830942153931
10928.0 0.0830797195435
10944.0 0.0830656528473
10960.0 0.0830508232117
10976.0 0.0830365180969
10992.0 0.0830227375031
11008.0 0.0830075740814
11024.0 0.0829931259155
11040.0 0.0829796791077
11056.0 0.0829648971558
11072.0 0.0829497337341
11088.0 0.0829355716705
11104.0 0.0829210281372
11120.0 0.0829057693481
11136.0 0.0828918457031
11152.0 0.0828764438629
11168.0 0.082861328125
11184.0 0.0828461170197
11200.0 0.0828322887421
11216.0 0.082816362381
11232.0 0.0828016281128
11248.0 0.0827872753143
11264.0 0.082772397995
11280.0 0.0827570438385
11296.0 0.0827418327332
11312.0 0.0827269077301
11328.0 0.0827114582062
11344.0 0.0826972961426
11360.0 0.0826820850372
11376.0 0.0826667785645
11392.0 0.0826529026031
11408.0 0.0826370716095
11424.0 0.0826208591461
11440.0 0.0826058864594
11456.0 0.082590341568
11472.0 0.0825755119324
11488.0 0.0825602054596
11504.0 0.0825443267822
11520.0 0.0825287342072
11536.0 0.0825133323669
11552.0 0.0824980735779
11568.0 0.0824822902679
11584.0 0.0824665546417
11600.0 0.0824510574341
11616.0 0.0824358940125
11632.0 0.0824206829071
11648.0 0.0824053287506
11664.0 0.0823889255524
11680.0 0.082372379303
11696.0 0.0823574066162
11712.0 0.082342338562
11728.0 0.0823253631592
11744.0 0.0823092460632
11760.0 0.082294178009
11776.0 0.0822783946991
11792.0 0.0822623252869
11808.0 0.0822463035583
11824.0 0.0822299480438
11840.0 0.0822143554688
11856.0 0.0821980476379
11872.0 0.0821816444397
11888.0 0.0821653842926
11904.0 0.0821500301361
11920.0 0.0821335315704
11936.0 0.0821165084839
11952.0 0.0821004390717
11968.0 0.0820853710175
11984.0 0.0820682048798
12000.0 0.0820512294769
12016.0 0.0820363044739
12032.0 0.0820197105408
12048.0 0.0820027828217
12064.0 0.0819864273071
12080.0 0.0819699287415
12096.0 0.0819535255432
12112.0 0.0819362640381
12128.0 0.0819201469421
12144.0 0.0819037914276
12160.0 0.0818873405457
12176.0 0.0818699359894
12192.0 0.0818534851074
12208.0 0.0818368911743
12224.0 0.0818202018738
12240.0 0.0818030834198
12256.0 0.0817863941193
12272.0 0.0817688941956
12288.0 0.0817531108856
12304.0 0.0817358016968
12320.0 0.0817181587219
12336.0 0.0817020893097
12352.0 0.0816844940186
12368.0 0.0816668987274
12384.0 0.0816502571106
12400.0 0.0816341876984
12416.0 0.0816163063049
12432.0 0.0815989017487
12448.0 0.0815825462341
12464.0 0.0815654754639
12480.0 0.0815472126007
12496.0 0.0815297603607
12512.0 0.0815124511719
12528.0 0.0814955234528
12544.0 0.081477355957
12560.0 0.0814605712891
12576.0 0.0814433097839
12592.0 0.0814252853394
12608.0 0.0814081668854
12624.0 0.0813906669617
12640.0 0.0813720703125
12656.0 0.0813551902771
12672.0 0.0813384532928
12688.0 0.0813202857971
12704.0 0.0813012599945
12720.0 0.0812839984894
12736.0 0.0812666893005
12752.0 0.0812477588654
12768.0 0.0812302112579
12784.0 0.0812135696411
12800.0 0.0811951637268
12816.0 0.0811761379242
12832.0 0.0811578273773
12848.0 0.0811407089233
12864.0 0.0811232089996
12880.0 0.081103849411
12896.0 0.0810864448547
12912.0 0.081068277359
12928.0 0.0810505390167
12944.0 0.0810318946838
12960.0 0.0810135364532
12976.0 0.0809958457947
12992.0 0.0809765338898
13008.0 0.080957698822
13024.0 0.080940246582
13040.0 0.080921792984
13056.0 0.0809034824371
13072.0 0.0808843135834
13088.0 0.0808658123016
13104.0 0.0808471679687
13120.0 0.0808284759521
13136.0 0.0808094978333
13152.0 0.0807918548584
13168.0 0.0807731628418
13184.0 0.0807541847229
13200.0 0.080735206604
13216.0 0.0807169914246
13232.0 0.0806976318359
13248.0 0.080678653717
13264.0 0.0806599617004
13280.0 0.0806411743164
13296.0 0.0806222438812
13312.0 0.0806038856506
13328.0 0.0805834770203
13344.0 0.0805640697479
13360.0 0.0805449962616
13376.0 0.0805266857147
13392.0 0.0805073261261
13408.0 0.080487203598
13424.0 0.0804682254791
13440.0 0.0804499149323
13456.0 0.0804298877716
13472.0 0.080410194397
13488.0 0.0803901672363
13504.0 0.0803725242615
13520.0 0.0803532600403
13536.0 0.080332326889
13552.0 0.0803133487701
13568.0 0.0802942276001
13584.0 0.0802742481232
13600.0 0.0802538871765
13616.0 0.080234336853
13632.0 0.0802150726318
13648.0 0.0801953315735
13664.0 0.0801758289337
13680.0 0.0801554679871
13696.0 0.0801360607147
13712.0 0.0801160335541
13728.0 0.0800953388214
13744.0 0.080074930191
13760.0 0.080055141449
13776.0 0.0800362110138
13792.0 0.0800156593323
13808.0 0.0799949645996
13824.0 0.0799763679504
13840.0 0.0799554347992
13856.0 0.0799342632294
13872.0 0.0799151420593
13888.0 0.0798943996429
13904.0 0.0798740386963
13920.0 0.0798540115356
13936.0 0.0798332691193
13952.0 0.0798124313354
13968.0 0.0797920227051
13984.0 0.0797713279724
14000.0 0.079750919342
14016.0 0.0797297954559
14032.0 0.0797098636627
14048.0 0.0796892166138
14064.0 0.0796679973602
14080.0 0.0796482563019
14096.0 0.0796275615692
14112.0 0.0796065330505
14128.0 0.0795848369598
14144.0 0.0795638561249
14160.0 0.0795434474945
14176.0 0.0795225143433
14192.0 0.0795018672943
14208.0 0.0794805049896
14224.0 0.0794600009918
14240.0 0.0794386863708
14256.0 0.0794172763824
14272.0 0.0793959617615
14288.0 0.0793747425079
14304.0 0.0793529510498
14320.0 0.0793321609497
14336.0 0.079311466217
14352.0 0.0792898654938
14368.0 0.0792678356171
14384.0 0.0792468547821
14400.0 0.0792237758636
14416.0 0.0792032718658
14432.0 0.0791814804077
14448.0 0.0791605472565
14464.0 0.0791386127472
14480.0 0.0791172027588
14496.0 0.0790955066681
14512.0 0.0790739059448
14528.0 0.0790516376495
14544.0 0.0790296077728
14560.0 0.0790076255798
14576.0 0.0789851665497
14592.0 0.0789643287659
14608.0 0.0789425373077
14624.0 0.0789194583893
14640.0 0.0788980007172
14656.0 0.0788753032684
14672.0 0.078852891922
14688.0 0.0788314342499
14704.0 0.0788091659546
14720.0 0.0787863731384
14736.0 0.0787648677826
14752.0 0.0787421703339
14768.0 0.0787193775177
14784.0 0.0786967277527
14800.0 0.0786745548248
14816.0 0.0786520957947
14832.0 0.0786293506622
14848.0 0.0786079883575
14864.0 0.0785848617554
14880.0 0.0785613536835
14896.0 0.0785384178162
14912.0 0.0785169124603
14928.0 0.0784944534302
14944.0 0.0784711837769
14960.0 0.0784482002258
14976.0 0.0784256458282
14992.0 0.0784016132355
15008.0 0.0783792495728
15024.0 0.0783555984497
15040.0 0.0783329963684
15056.0 0.0783095359802
15072.0 0.0782862663269
15088.0 0.0782638072968
15104.0 0.0782402515411
15120.0 0.078216791153
15136.0 0.0781934738159
15152.0 0.0781709194183
15168.0 0.0781481266022
15184.0 0.0781229496002
15200.0 0.078099489212
15216.0 0.0780758857727
15232.0 0.0780520915985
15248.0 0.0780287742615
15264.0 0.078005027771
15280.0 0.0779809474945
15296.0 0.0779580116272
15312.0 0.0779338359833
15328.0 0.0779098987579
15344.0 0.0778862476349
15360.0 0.0778623104095
15376.0 0.077837562561
15392.0 0.0778141021729
15408.0 0.0777903556824
15424.0 0.077765750885
15440.0 0.0777415752411
15456.0 0.0777178287506
15472.0 0.0776924133301
15488.0 0.0776702880859
15504.0 0.0776449680328
15520.0 0.0776204109192
15536.0 0.0775954246521
15552.0 0.0775722980499
15568.0 0.077547121048
15584.0 0.0775229930878
15600.0 0.0774983406067
15616.0 0.077473115921
15632.0 0.077448797226
15648.0 0.0774245738983
15664.0 0.0773990154266
15680.0 0.0773730754852
15696.0 0.0773495197296
15712.0 0.0773252487183
15728.0 0.0772989273071
15744.0 0.0772751808167
15760.0 0.0772502422333
15776.0 0.0772250175476
15792.0 0.0772000312805
15808.0 0.077173948288
15824.0 0.0771499156952
15840.0 0.0771236419678
15856.0 0.0770996570587
15872.0 0.0770740032196
15888.0 0.0770474433899
15904.0 0.0770238876343
15920.0 0.0769966125488
15936.0 0.0769717693329
15952.0 0.0769470691681
15968.0 0.0769201278687
15984.0 0.076894903183
16000.0 0.0768701076508
16016.0 0.0768435001373
16032.0 0.076816701889
16048.0 0.0767921924591
16064.0 0.076765871048
16080.0 0.0767399787903
16096.0 0.0767134189606
16112.0 0.0766891479492
16128.0 0.0766616821289
16144.0 0.076636505127
16160.0 0.0766095161438
16176.0 0.076584148407
16192.0 0.0765563964844
16208.0 0.0765311717987
16224.0 0.0765047073364
16240.0 0.0764783859253
16256.0 0.0764253616333
16272.0 0.0758861541748
16288.0 0.0753953456879
16304.0 0.0748213291168
16320.0 0.0743117332458
16336.0 0.0737174987793
16352.0 0.0731885910034
16368.0 0.0722742080688
16384.0 0.0684291362762
16400.0 0.0652675628662
16416.0 0.0647432327271
16432.0 0.0641584396362
16448.0 0.0636511802673
16464.0 0.0635380744934
16480.0 0.0635004043579
16496.0 0.0634632587433
16512.0 0.0634233951569
16528.0 0.0633845806122
16544.0 0.0633416175842
16560.0 0.063303565979
16576.0 0.0632633686066
16592.0 0.0632241725922
16608.0 0.0631838321686
16624.0 0.0631459236145
16640.0 0.063104057312
16656.0 0.0630634307861
16672.0 0.0630271911621
16688.0 0.0629838943481
16704.0 0.0629480838776
16720.0 0.0629063129425
16736.0 0.0628682613373
16752.0 0.0628244400024
16768.0 0.0627810001373
16784.0 0.0627498149872
16800.0 0.0627035140991
16816.0 0.0626672267914
16832.0 0.0626229286194
16848.0 0.0625847816467
16864.0 0.0625453472137
16880.0 0.0625041007996
16896.0 0.0624616622925
16912.0 0.0624199390411
16928.0 0.0623814105988
16944.0 0.0623406887054
16960.0 0.062299823761
16976.0 0.0622568130493
16992.0 0.0622206687927
17008.0 0.0621779441833
17024.0 0.0621353626251
17040.0 0.0620969295502
17056.0 0.0620552539825
17072.0 0.0620145320892
17088.0 0.0619710922241
17104.0 0.0619289875031
17120.0 0.0618883609772
17136.0 0.061847448349
17152.0 0.0618072032928
17168.0 0.0617665290833
17184.0 0.0617217063904
17200.0 0.0616823673248
17216.0 0.06163854599
17232.0 0.0616003036499
17248.0 0.0615584850311
17264.0 0.0615158081055
17280.0 0.0614712238312
17296.0 0.0614311695099
17312.0 0.0613894939423
17328.0 0.0613477706909
17344.0 0.0613059997559
17360.0 0.0612633705139
17376.0 0.0612218379974
17392.0 0.0611802577972
17408.0 0.0611365795135
17424.0 0.0610949039459
17440.0 0.061052942276
17456.0 0.0610088348389
17472.0 0.0609679222107
17488.0 0.0609245300293
17504.0 0.0608822822571
17520.0 0.0608372211456
17536.0 0.0607985496521
17552.0 0.06075258255
17568.0 0.0607120037079
17584.0 0.0606700897217
17600.0 0.0606245994568
17616.0 0.060583782196
17632.0 0.0605389118195
17648.0 0.0604957103729
17664.0 0.0604531764984
17680.0 0.0604098320007
17696.0 0.0603664398193
17712.0 0.0603236675262
17728.0 0.0602811813354
17744.0 0.0602367401123
17760.0 0.0601925849915
17776.0 0.0601489543915
17792.0 0.0601079940796
17808.0 0.0600638866425
17824.0 0.0600184440613
17840.0 0.0599743366241
17856.0 0.0599318981171
17872.0 0.0598869800568
17888.0 0.0598403453827
17904.0 0.059799861908
17920.0 0.059755563736
17936.0 0.0597090244293
17952.0 0.0596696376801
17968.0 0.0596222877502
17984.0 0.0595788478851
18000.0 0.0595346450806
18016.0 0.0594865322113
18032.0 0.0594469547272
18048.0 0.0593970298767
18064.0 0.05935754776
18080.0 0.0593060493469
18096.0 0.0592696666718
18112.0 0.0592208385468
18128.0 0.0591788768768
18144.0 0.0591315746307
18160.0 0.0590879917145
18176.0 0.0590434551239
18192.0 0.0589973926544
18208.0 0.0589481830597
18224.0 0.0589094638824
18240.0 0.0588632106781
18256.0 0.0588134288788
18272.0 0.0587698459625
18288.0 0.0587267875671
18304.0 0.0586816310883
18320.0 0.0586351394653
18336.0 0.0585879802704
18352.0 0.0585453033447
18368.0 0.0584969043732
18384.0 0.0584505081177
18400.0 0.0584042549133
18416.0 0.0583603382111
18432.0 0.058314037323
18448.0 0.0582664012909
18464.0 0.0582207202911
18480.0 0.0581699371338
18496.0 0.0581332683563
18512.0 0.058079957962
18528.0 0.0580400466919
18544.0 0.0579898357391
18560.0 0.0579431056976
18576.0 0.0578969955444
18592.0 0.0578504562378
18608.0 0.0578020095825
18624.0 0.0577594280243
18640.0 0.0577094078064
18656.0 0.0576599597931
18672.0 0.0576139450073
18688.0 0.0575668811798
18704.0 0.0575206756592
18720.0 0.0574751377106
18736.0 0.0574300765991
18752.0 0.0573783874512
18768.0 0.0573321342468
18784.0 0.0572848796844
18800.0 0.0572374343872
18816.0 0.0571911811829
18832.0 0.0571396827698
18848.0 0.0570926189423
18864.0 0.0570454597473
18880.0 0.0569972515106
18896.0 0.0569490432739
18912.0 0.0569026470184
18928.0 0.05685338974
18944.0 0.056806230545
18960.0 0.0567593574524
18976.0 0.0567102909088
18992.0 0.0566610336304
19008.0 0.0566118240356
19024.0 0.0565668106079
19040.0 0.0565165042877
19056.0 0.0564671039581
19072.0 0.0564196586609
19088.0 0.0563702106476
19104.0 0.0563198566437
19120.0 0.0562720298767
19136.0 0.0562203407288
19152.0 0.0561726570129
19168.0 0.0561235904694
19184.0 0.0560746669769
19200.0 0.0560250759125
19216.0 0.0559769153595
19232.0 0.0559270381927
19248.0 0.0558787822723
19264.0 0.0558295249939
19280.0 0.0557803630829
19296.0 0.0557292938232
19312.0 0.0556780815125
19328.0 0.0556295394897
19344.0 0.0555808067322
19360.0 0.0555283546448
19376.0 0.0554822921753
19392.0 0.0554302215576
19408.0 0.0553792953491
19424.0 0.0553298950195
19440.0 0.0552795410156
19456.0 0.0552292823792
19472.0 0.0551785469055
19488.0 0.0551263809204
19504.0 0.0550765037537
19520.0 0.0550268173218
19536.0 0.0549753665924
19552.0 0.0549254417419
19568.0 0.0548727035522
19584.0 0.0548182487488
19600.0 0.0547709941864
19616.0 0.0547218799591
19632.0 0.0546685218811
19648.0 0.0546151161194
19664.0 0.0545673847198
19680.0 0.0545142173767
19696.0 0.0544606685638
19712.0 0.0544124126434
19728.0 0.0543594837189
19744.0 0.0543035984039
19760.0 0.054256772995
19776.0 0.0542039394379
19792.0 0.0541469097137
19808.0 0.0541001319885
19824.0 0.0540414333344
19840.0 0.0539963722229
19856.0 0.0539375305176
19872.0 0.0538906574249
19888.0 0.0538311004639
19904.0 0.0537857055664
19920.0 0.0537313938141
19936.0 0.0536747455597
19952.0 0.0536262512207
19968.0 0.0535729885101
19984.0 0.0535131931305
20000.0 0.0534687042236
20016.0 0.0534109115601
20032.0 0.0533618927002
20048.0 0.0533050060272
20064.0 0.0532475948334
20080.0 0.053195142746
20096.0 0.0531449317932
20112.0 0.0530922412872
20128.0 0.0530363559723
20144.0 0.0529799461365
20160.0 0.0529249668121
20176.0 0.0528722286224
20192.0 0.052819108963
20208.0 0.0527639865875
20224.0 0.0527099132538
20240.0 0.0526561260223
20256.0 0.0526009559631
20272.0 0.0525459289551
20288.0 0.0524913787842
20304.0 0.052435541153
20320.0 0.0523818969727
20336.0 0.0523288726807
20352.0 0.0522708892822
20368.0 0.0522156238556
20384.0 0.0521542549133
20400.0 0.0521086215973
20416.0 0.0520505905151
20432.0 0.0519913196564
20448.0 0.0519379138947
20464.0 0.051885175705
20480.0 0.0518301486969
20496.0 0.0517725944519
20512.0 0.0517140865326
20528.0 0.0516578197479
20544.0 0.0516019821167
20560.0 0.0515437602997
20576.0 0.051490354538
20592.0 0.0514272689819
20608.0 0.0513805389404
20624.0 0.0513215065002
20640.0 0.0512605190277
20656.0 0.0512043476105
20672.0 0.0511484146118
20688.0 0.0510902404785
20704.0 0.0510351657867
20720.0 0.0509768486023
20736.0 0.050918340683
20752.0 0.050864648819
20768.0 0.0508058071136
20784.0 0.0507461071014
20800.0 0.0506875991821
20816.0 0.0506303787231
20832.0 0.0505725860596
20848.0 0.0505156040192
20864.0 0.0504564285278
20880.0 0.0503970146179
20896.0 0.0503390789032
20912.0 0.0502790927887
20928.0 0.0502194404602
20944.0 0.0501611709595
20960.0 0.0501016616821
20976.0 0.050043296814
20992.0 0.0499851226807
21008.0 0.0499258518219
21024.0 0.0498678207397
21040.0 0.0498067378998
21056.0 0.0497470378876
21072.0 0.0496891498566
21088.0 0.0496283054352
21104.0 0.0495680809021
21120.0 0.0495076179504
21136.0 0.0494481563568
21152.0 0.0493889331818
21168.0 0.0493280887604
21184.0 0.0492661476135
21200.0 0.049206161499
21216.0 0.0491446018219
21232.0 0.0490854263306
21248.0 0.0490253925323
21264.0 0.0489643096924
21280.0 0.0489006519318
21296.0 0.0488396167755
21312.0 0.0487771034241
21328.0 0.0487176895142
21344.0 0.0486573219299
21360.0 0.0485960006714
21376.0 0.0485317230225
21392.0 0.0484694004059
21408.0 0.0484089374542
21424.0 0.0483501434326
21440.0 0.0482847213745
21456.0 0.048219203949
21472.0 0.0481602668762
21488.0 0.0480967998505
21504.0 0.0480303764343
21520.0 0.0479693889618
21536.0 0.0479084014893
21552.0 0.0478401660919
21568.0 0.0477832794189
21584.0 0.0477159023285
21600.0 0.0476543426514
21616.0 0.0475856304169
21632.0 0.0475289821625
21648.0 0.047456407547
21664.0 0.0474014282227
21680.0 0.0473292827606
21696.0 0.0472689151764
21712.0 0.047206401825
21728.0 0.0471371173859
21744.0 0.0470733165741
21760.0 0.0470112800598
21776.0 0.0469382286072
21792.0 0.0468822956085
21808.0 0.0468124389648
21824.0 0.0467414855957
21840.0 0.0466819286346
21856.0 0.0466180324554
21872.0 0.0465490341187
21888.0 0.046480512619
21904.0 0.0464147567749
21920.0 0.0463492393494
21936.0 0.0462862014771
21952.0 0.0462203979492
21968.0 0.046151638031
21984.0 0.0460845947266
22000.0 0.0460191726685
22016.0 0.0459506034851
22032.0 0.0458815574646
22048.0 0.045813369751
22064.0 0.0457461357117
22080.0 0.0456803798676
22096.0 0.0456114768982
22112.0 0.0455425262451
22128.0 0.0454724788666
22144.0 0.0454072475433
22160.0 0.0453294277191
22176.0 0.0452694416046
22192.0 0.0451975822449
22208.0 0.0451233386993
22224.0 0.0450626850128
22240.0 0.04499168396
22256.0 0.0449182510376
22272.0 0.0448483467102
22288.0 0.0447803497314
22304.0 0.0447108268738
22320.0 0.0446406364441
22336.0 0.0445691585541
22352.0 0.0444986343384
22368.0 0.0444257259369
22384.0 0.0443562507629
22400.0 0.0442860603333
22416.0 0.0442077636719
22432.0 0.0441421985626
22448.0 0.0440690517426
22464.0 0.0439978599548
22480.0 0.0439250946045
22496.0 0.0438530921936
22512.0 0.0437808513641
22528.0 0.043710565567
22544.0 0.0436341285706
22560.0 0.0435590744019
22576.0 0.0434891223907
22592.0 0.0434134960175
22608.0 0.0433402061462
22624.0 0.0432637214661
22640.0 0.0431937217712
22656.0 0.0431219100952
22672.0 0.0430445194244
22688.0 0.0429690361023
22704.0 0.0428939819336
22720.0 0.0428149700165
22736.0 0.042741394043
22752.0 0.0426684379578
22768.0 0.0425940513611
22784.0 0.0425159454346
22800.0 0.0424361228943
22816.0 0.042360830307
22832.0 0.0422836780548
22848.0 0.0422068119049
22864.0 0.0421297073364
22880.0 0.0420547008514
22896.0 0.0419768333435
22912.0 0.041899728775
22928.0 0.0418186664581
22944.0 0.0417418003082
22960.0 0.0416649341583
22976.0 0.0415848255157
22992.0 0.0415051937103
23008.0 0.0414277553558
23024.0 0.0413494586945
23040.0 0.0412725448608
23056.0 0.0411889076233
23072.0 0.0411068439484
23088.0 0.0410263061523
23104.0 0.0409465312958
23120.0 0.0408649921417
23136.0 0.0407828330994
23152.0 0.0407027721405
23168.0 0.0406209468842
23184.0 0.0405356407166
23200.0 0.0404547691345
23216.0 0.0403729438782
23232.0 0.0402871608734
23248.0 0.0402027130127
23264.0 0.040119600296
23280.0 0.040038394928
23296.0 0.0399489879608
23312.0 0.0398679733276
23328.0 0.0397855758667
23344.0 0.0396958351135
23360.0 0.0396183490753
23376.0 0.0395296096802
23392.0 0.0394393444061
23408.0 0.0393578052521
23424.0 0.0392648220062
23440.0 0.0391875267029
23456.0 0.0390909671783
23472.0 0.0390119075775
23488.0 0.0389153003693
23504.0 0.0388358592987
23520.0 0.0387422084808
23536.0 0.0386528491974
23552.0 0.0385639190674
23568.0 0.038477897644
23584.0 0.0383745193481
23600.0 0.0382918357849
23616.0 0.0381987571716
23632.0 0.0381033420563
23648.0 0.0380128383636
23664.0 0.0379244804382
23680.0 0.0378303527832
23696.0 0.0377301216125
23712.0 0.0376363754272
23728.0 0.0375465393066
23744.0 0.0374525547028
23760.0 0.0373587608337
23776.0 0.0372626304626
23792.0 0.0371681690216
23808.0 0.0370723247528
23824.0 0.0369746208191
23840.0 0.036874294281
23856.0 0.0367773532867
23872.0 0.0366761684418
23888.0 0.0365817070007
23904.0 0.0364791870117
23920.0 0.0363731384277
23936.0 0.0362803936005
23952.0 0.0361711025238
23968.0 0.0360705375671
23984.0 0.0359724998474
24000.0 0.0358636379242
24016.0 0.0357605457306
24032.0 0.0356566905975
24048.0 0.0355488300323
24064.0 0.0354417800903
24080.0 0.0353370189667
24096.0 0.0352282047272
24112.0 0.0351191043854
24128.0 0.0350116252899
24144.0 0.0348970413208
24160.0 0.0347867012024
24176.0 0.0346732139587
24192.0 0.0345643520355
24208.0 0.0344430923462
24224.0 0.0343321323395
24240.0 0.0342225551605
24256.0 0.03410115242
24272.0 0.0339807510376
24288.0 0.0338602542877
24304.0 0.0337401866913
24320.0 0.0336225509644
24336.0 0.0334962844849
24352.0 0.0333656311035
24368.0 0.0332386493683
24384.0 0.0331082344055
24400.0 0.0329787731171
24416.0 0.0328508377075
24432.0 0.0327095985413
24448.0 0.0325671195984
24464.0 0.0324261188507
24480.0 0.0322759628296
24496.0 0.0321227073669
24512.0 0.0319793701172
24528.0 0.031810092926
24544.0 0.0316428184509
24560.0 0.0314692497253
24576.0 0.0312520980835
24592.0 0.0312305450439
24608.0 0.0312182426453
24624.0 0.031206035614
24640.0 0.0311939239502
24656.0 0.0311818599701
24672.0 0.0311698436737
24688.0 0.0311578273773
24704.0 0.0311458587646
24720.0 0.0311334133148
24736.0 0.0311215400696
24752.0 0.0311089992523
24768.0 0.0310963630676
24784.0 0.0310836791992
24800.0 0.0310719013214
24816.0 0.0310601711273
24832.0 0.0310484409332
24848.0 0.031036233902
24864.0 0.0310234546661
24880.0 0.0310106277466
24896.0 0.0309984207153
24912.0 0.0309868812561
24928.0 0.0309752464294
24944.0 0.0309621810913
24960.0 0.0309491634369
24976.0 0.0309377193451
24992.0 0.030926322937
25008.0 0.0309131622314
25024.0 0.0309004306793
25040.0 0.0308891773224
25056.0 0.0308769702911
25072.0 0.0308666706085
25088.0 0.0308532714844
25104.0 0.030842924118
25120.0 0.0308300971985
25136.0 0.0308162212372
25152.0 0.030805683136
25168.0 0.0307939052582
25184.0 0.0307800769806
25200.0 0.0307680130005
25216.0 0.030757188797
25232.0 0.0307444095612
25248.0 0.0307308197021
25264.0 0.0307189941406
25280.0 0.0307079315186
25296.0 0.0306957244873
25312.0 0.0306823730469
25328.0 0.030669260025
25344.0 0.0306579589844
25360.0 0.0306465148926
25376.0 0.0306346416473
25392.0 0.030621099472
25408.0 0.0306098461151
25424.0 0.0305967330933
25440.0 0.0305852890015
25456.0 0.0305725574493
25472.0 0.0305603504181
25488.0 0.03054728508
25504.0 0.030534696579
25520.0 0.0305222034454
25536.0 0.030510187149
25552.0 0.0304979801178
25568.0 0.0304857730865
25584.0 0.0304734706879
25600.0 0.0304611206055
25616.0 0.0304487705231
25632.0 0.0304367542267
25648.0 0.0304267883301
25664.0 0.0304117679596
25680.0 0.0304032802582
25696.0 0.0303899288177
25712.0 0.0303764343262
25728.0 0.0303647518158
25744.0 0.0303534984589
25760.0 0.0303416252136
25776.0 0.0303285598755
25792.0 0.0303155422211
25808.0 0.0303026199341
25824.0 0.0302907943726
25840.0 0.030281162262
25856.0 0.030267906189
25872.0 0.0302553653717
25888.0 0.0302429199219
25904.0 0.0302305698395
25920.0 0.0302183628082
25936.0 0.0302062034607
25952.0 0.0301941871643
25968.0 0.0301807880402
25984.0 0.0301684856415
26000.0 0.0301561832428
26016.0 0.0301440238953
26032.0 0.0301318645477
26048.0 0.0301194190979
26064.0 0.0301074981689
26080.0 0.0300952911377
26096.0 0.0300864696503
26112.0 0.0300725460052
26128.0 0.0300588130951
26144.0 0.0300462245941
26160.0 0.0300337314606
26176.0 0.0300214767456
26192.0 0.0300133228302
26208.0 0.0299984931946
26224.0 0.0299859046936
26240.0 0.0299743652344
26256.0 0.0299625396729
26272.0 0.0299491882324
26288.0 0.0299372196198
26304.0 0.0299249649048
26320.0 0.0299121379852
26336.0 0.0298993587494
26352.0 0.0298872470856
26368.0 0.029875087738
26384.0 0.0298633575439
26400.0 0.0298510074615
26416.0 0.0298389434814
26432.0 0.0298266887665
26448.0 0.0298145771027
26464.0 0.0298023700714
26480.0 0.029790353775
26496.0 0.0297781944275
26512.0 0.0297683238983
26528.0 0.0297533988953
26544.0 0.0297410011292
26560.0 0.0297285079956
26576.0 0.0297160148621
26592.0 0.0297047615051
26608.0 0.0296928882599
26624.0 0.0296801567078
26640.0 0.0296675682068
26656.0 0.0296548366547
26672.0 0.029642868042
26688.0 0.0296311378479
26704.0 0.0296194076538
26720.0 0.0296073436737
26736.0 0.0295945644379
26752.0 0.0295816421509
26768.0 0.0295694828033
26784.0 0.0295579433441
26800.0 0.0295464515686
26816.0 0.0295335292816
26832.0 0.0295205593109
26848.0 0.0295088291168
26864.0 0.0294974327087
26880.0 0.029484796524
26896.0 0.0294716835022
26912.0 0.0294634819031
26928.0 0.0294490814209
26944.0 0.029437494278
26960.0 0.0294266700745
26976.0 0.0294125080109
26992.0 0.0294004440308
27008.0 0.0293899059296
27024.0 0.0293762683868
27040.0 0.0293629646301
27056.0 0.0293523311615
27072.0 0.0293404102325
27088.0 0.0293266773224
27104.0 0.0293142795563
27120.0 0.0293033599854
27136.0 0.0292913913727
27152.0 0.0292778968811
27168.0 0.029264831543
27184.0 0.0292536258698
27200.0 0.0292424201965
27216.0 0.0292298793793
27232.0 0.0292167663574
27248.0 0.0292037010193
27264.0 0.0291917324066
27280.0 0.02918009758
27296.0 0.0291684627533
27312.0 0.0291566371918
27328.0 0.0291427135468
27344.0 0.0291318416595
27360.0 0.0291181564331
27376.0 0.0291068077087
27392.0 0.0290947914124
27408.0 0.0290825843811
27424.0 0.0290704250336
27440.0 0.0290581226349
27456.0 0.0290458202362
27472.0 0.0290333747864
27488.0 0.029021024704
27504.0 0.029008436203
27520.0 0.0289963722229
27536.0 0.0289863109589
27552.0 0.0289726257324
27568.0 0.0289598464966
27584.0 0.0289487361908
27600.0 0.0289374351501
27616.0 0.0289242267609
27632.0 0.0289110660553
27648.0 0.0288983345032
27664.0 0.0288866043091
27680.0 0.0288750171661
27696.0 0.0288631439209
27712.0 0.0288511753082
27728.0 0.0288388252258
27744.0 0.0288251876831
27760.0 0.0288128852844
27776.0 0.0288015842438
27792.0 0.0287894248962
27808.0 0.0287773132324
27824.0 0.0287653446198
27840.0 0.0287532806396
27856.0 0.0287405490875
27872.0 0.028728723526
27888.0 0.0287149429321
27904.0 0.0287037372589
27920.0 0.0286916732788
27936.0 0.0286793231964
27952.0 0.0286670684814
27968.0 0.0286543369293
27984.0 0.0286418437958
28000.0 0.0286306858063
28016.0 0.0286196708679
28032.0 0.0286060810089
28048.0 0.0285937786102
28064.0 0.0285816669464
28080.0 0.0285696983337
28096.0 0.0285575866699
28112.0 0.0285452842712
28128.0 0.0285331249237
28144.0 0.0285209178925
28160.0 0.0285086631775
28176.0 0.0284964561462
28192.0 0.0284842967987
28208.0 0.0284718990326
28224.0 0.0284595966339
28240.0 0.0284471511841
28256.0 0.0284336566925
28272.0 0.0284214019775
28288.0 0.0284094333649
28304.0 0.0283981323242
28320.0 0.0283847808838
28336.0 0.0283726215363
28352.0 0.0283606529236
28368.0 0.0283483028412
28384.0 0.0283362388611
28400.0 0.0283247470856
28416.0 0.0283113956451
28432.0 0.0283032894135
28448.0 0.0282891273499
28464.0 0.0282759666443
28480.0 0.0282629489899
28496.0 0.0282511711121
28512.0 0.0282393932343
28528.0 0.0282276630402
28544.0 0.0282182693481
28560.0 0.0282042503357
28576.0 0.0281925678253
28592.0 0.0281809806824
28608.0 0.0281667709351
28624.0 0.0281571388245
28640.0 0.0281428813934
28656.0 0.0281311511993
28672.0 0.0281199455261
28688.0 0.0281052112579
28704.0 0.0280951499939
28720.0 0.0280824661255
28736.0 0.028068780899
28752.0 0.0280586719513
28768.0 0.028045463562
28784.0 0.0280321121216
28800.0 0.028021812439
28816.0 0.0280087947845
28832.0 0.0279951572418
28848.0 0.0279846191406
28864.0 0.0279725551605
28880.0 0.0279586315155
28896.0 0.0279470920563
28912.0 0.0279362678528
28928.0 0.0279229164124
28944.0 0.0279092788696
28960.0 0.0278981208801
28976.0 0.0278871536255
28992.0 0.0278740882874
29008.0 0.0278607368469
29024.0 0.027848482132
29040.0 0.027837228775
29056.0 0.0278258323669
29072.0 0.02781291008
29088.0 0.0277997970581
29104.0 0.0277868270874
29120.0 0.0277750492096
29136.0 0.0277633666992
29152.0 0.0277515888214
29168.0 0.0277383327484
29184.0 0.0277268409729
29200.0 0.0277138233185
29216.0 0.0277017593384
29232.0 0.0276897907257
29248.0 0.0276776313782
29264.0 0.0276650905609
29280.0 0.0276521205902
29296.0 0.027639913559
29312.0 0.0276275157928
29328.0 0.0276154518127
29344.0 0.0276034832001
29360.0 0.0275915145874
29376.0 0.0275798797607
29392.0 0.0275682926178
29408.0 0.0275570869446
29424.0 0.027544593811
29440.0 0.0275312423706
29456.0 0.0275184631348
29472.0 0.0275069236755
29488.0 0.0274932384491
29504.0 0.0274848461151
29520.0 0.0274707317352
29536.0 0.0274579524994
29552.0 0.0274462223053
29568.0 0.027433013916
29584.0 0.0274209499359
29600.0 0.0274087429047
29616.0 0.027396440506
29632.0 0.0273841381073
29648.0 0.02737159729
29664.0 0.0273590087891
29680.0 0.0273503303528
29696.0 0.0273358821869
29712.0 0.0273226737976
29728.0 0.0273105621338
29744.0 0.0272986412048
29760.0 0.0272865772247
29776.0 0.0272741794586
29792.0 0.0272644996643
29808.0 0.0272514820099
29824.0 0.0272397041321
29840.0 0.0272263526917
29856.0 0.0272145748138
29872.0 0.027202129364
29888.0 0.0271900177002
29904.0 0.0271792411804
29920.0 0.0271667957306
29936.0 0.0271527767181
29952.0 0.0271404743195
29968.0 0.0271283149719
29984.0 0.0271163463593
30000.0 0.0271043300629
30016.0 0.0270931243896
30032.0 0.0270781993866
30048.0 0.0270658016205
30064.0 0.0270576477051
30080.0 0.0270430088043
30096.0 0.0270338058472
30112.0 0.0270179748535
30128.0 0.02700548172
30144.0 0.0269955635071
30160.0 0.0269824028015
30176.0 0.0269688129425
30192.0 0.0269568443298
30208.0 0.0269468307495
30224.0 0.0269339561462
30240.0 0.0269214630127
30256.0 0.0269079685211
30272.0 0.0268952846527
30288.0 0.0268871307373
30304.0 0.0268720626831
30320.0 0.0268599033356
30336.0 0.0268484592438
30352.0 0.0268374443054
30368.0 0.0268249988556
30384.0 0.0268117904663
30400.0 0.0268016338348
30416.0 0.0267865180969
30432.0 0.0267765522003
30448.0 0.0267633914948
30464.0 0.0267505645752
30480.0 0.0267404079437
30496.0 0.0267256259918
30512.0 0.0267146587372
30528.0 0.0267028331757
30544.0 0.0266883850098
30560.0 0.0266784191132
30576.0 0.0266656398773
30592.0 0.0266519069672
30608.0 0.0266416072845
30624.0 0.0266288757324
30640.0 0.0266149997711
30656.0 0.0266045570374
30672.0 0.0265924930573
30688.0 0.0265785217285
30704.0 0.0265670776367
30720.0 0.0265563488007
30736.0 0.0265427112579
30752.0 0.0265292644501
30768.0 0.0265183925629
30784.0 0.0265072345734
30800.0 0.0264937400818
30816.0 0.0264802932739
30832.0 0.0264688968658
30848.0 0.0264575958252
30864.0 0.0264455318451
30880.0 0.0264322757721
30896.0 0.0264199256897
30912.0 0.0264077663422
30928.0 0.0263962745667
30944.0 0.0263844490051
30960.0 0.0263716220856
30976.0 0.0263588905334
30992.0 0.0263459205627
31008.0 0.0263340950012
31024.0 0.0263241767883
31040.0 0.0263104915619
31056.0 0.0262980461121
31072.0 0.0262891292572
31088.0 0.026273727417
31104.0 0.0262614250183
31120.0 0.0262491226196
31136.0 0.0262367248535
31152.0 0.0262244224548
31168.0 0.0262121200562
31184.0 0.026201581955
31200.0 0.0261888980865
31216.0 0.0261767864227
31232.0 0.0261649131775
31248.0 0.0261514186859
31264.0 0.0261382102966
31280.0 0.026126909256
31296.0 0.0261154174805
31312.0 0.0261035919189
31328.0 0.0260906219482
31344.0 0.0260788917542
31360.0 0.0260661125183
31376.0 0.0260534763336
31392.0 0.0260402679443
31408.0 0.0260316371918
31424.0 0.0260182380676
31440.0 0.0260078907013
31456.0 0.0259926319122
31472.0 0.0259804725647
31488.0 0.025968503952
31504.0 0.0259568214417
31520.0 0.0259438991547
31536.0 0.0259320259094
31552.0 0.0259202480316
31568.0 0.0259075641632
31584.0 0.0258951187134
31600.0 0.0258857727051
31616.0 0.0258703231812
31632.0 0.0258582115173
31648.0 0.0258457183838
31664.0 0.025833940506
31680.0 0.025822019577
31696.0 0.0258102416992
31712.0 0.0257984161377
31728.0 0.0257872581482
31744.0 0.025772857666
31760.0 0.0257597446442
31776.0 0.0257473945618
31792.0 0.0257392406464
31808.0 0.025724363327
31824.0 0.0257148265839
31840.0 0.0256991386414
31856.0 0.0256869792938
31872.0 0.025
