0 1
0.0625 0.68756966991
0.125 0.571361453611
0.25 0.125061592709
0.5 0.0804062820266
32.0 0.071483881951
48.0 0.0625614818754
16368.0 0.0625577919739
16384.0 0.0536015689379
16400.0 0.0535404843579
16416.0 0.0534737455665
16432.0 0.0534064747745
16448.0 0.0533405885482
16464.0 0.0532721719088
16480.0 0.053208011274
16496.0 0.0531423228428
16512.0 0.0530755840514
16528.0 0.0530108027493
16544.0 0.0529421201096
16560.0 0.0528775229616
16576.0 0.0528103476569
16592.0 0.0527456618421
16608.0 0.0526779067932
16624.0 0.0526138757484
16640.0 0.0525460865969
16656.0 0.0524787817023
16672.0 0.0524150439398
16688.0 0.0523468387366
16704.0 0.0522805228174
16720.0 0.052216785055
16736.0 0.0521493369295
16752.0 0.0520822502915
16768.0 0.0520168483221
16784.0 0.0519494752223
16800.0 0.051884086894
16816.0 0.051817327641
16832.0 0.0517511685939
16848.0 0.0516852823675
16864.0 0.0516167293177
16880.0 0.0515522822211
16896.0 0.0514840156332
16912.0 0.0514185863817
16928.0 0.0513519840007
16944.0 0.0512855316712
16960.0 0.0512203206763
16976.0 0.0511512356259
16992.0 0.0510848924247
17008.0 0.0510177648637
17024.0 0.0509525402278
17040.0 0.0508870768737
17056.0 0.0508191649528
17072.0 0.05075345606
17088.0 0.050686185268
17104.0 0.0506224816081
17120.0 0.0505558110219
17136.0 0.0504892904872
17152.0 0.0504207306169
17168.0 0.0503552740833
17184.0 0.0502860389815
17200.0 0.0502210530638
17216.0 0.050154859914
17232.0 0.0500879915327
17248.0 0.0500216346905
17264.0 0.0499577946202
17280.0 0.0498901214175
17296.0 0.0498251286793
17312.0 0.0497567938862
17328.0 0.049692299046
17344.0 0.0496243120994
17360.0 0.0495615087482
17376.0 0.0494946471874
17392.0 0.0494268443949
17408.0 0.0493628338116
17424.0 0.0492954879939
17440.0 0.0492297449985
17456.0 0.0491607008712
17472.0 0.0490964311082
17488.0 0.0490304493945
17504.0 0.048963315013
17520.0 0.0488955667846
17536.0 0.0488303967128
17552.0 0.0487623347405
17568.0 0.0486951798974
17584.0 0.0486298120306
17600.0 0.0485621320074
17616.0 0.0484972893206
17632.0 0.0484300526312
17648.0 0.0483637503531
17664.0 0.0482981096655
17680.0 0.048230334155
17696.0 0.048168410651
17712.0 0.0480985548818
17728.0 0.0480319183982
17744.0 0.0479662163259
17760.0 0.0478998458426
17776.0 0.0478365241319
17792.0 0.0477690487243
17808.0 0.0477032170621
17824.0 0.0476379515031
17840.0 0.0475699918386
17856.0 0.0475040919712
17872.0 0.0474381102575
17888.0 0.0473726196214
17904.0 0.0473039301611
17920.0 0.047238780551
17936.0 0.0471740197105
17952.0 0.0471066807133
17968.0 0.0470380253557
17984.0 0.0469701270758
18000.0 0.0469051479787
18016.0 0.0468402916509
18032.0 0.0467728503459
18048.0 0.0467063639138
18064.0 0.0466386088648
18080.0 0.046572886331
18096.0 0.0465108878012
18112.0 0.0464384197727
18128.0 0.0463707874932
18144.0 0.0463068928588
18160.0 0.0462400585801
18176.0 0.0461724263005
18192.0 0.0461060353557
18208.0 0.0460401218472
18224.0 0.0459754155709
18240.0 0.045908669959
18256.0 0.0458377092655
18272.0 0.0457758676077
18288.0 0.045709347073
18304.0 0.0456428265382
18320.0 0.0455779088257
18336.0 0.0455099969048
18352.0 0.0454472003742
18368.0 0.045377658349
18384.0 0.0453118266868
18400.0 0.0452470112821
18416.0 0.0451792562332
18432.0 0.0451148978034
18448.0 0.0450458195735
18464.0 0.0449797969367
18480.0 0.0449147155318
18496.0 0.0448499956144
18512.0 0.044780412666
18528.0 0.0447137693619
18544.0 0.0446514025241
18560.0 0.044582099217
18576.0 0.0445184910445
18592.0 0.0444489626602
18608.0 0.0443856818727
18624.0 0.0443190999532
18640.0 0.044249046389
18656.0 0.0441862839609
18672.0 0.0441156233703
18688.0 0.0440530041732
18704.0 0.0439843829182
18720.0 0.0439169006901
18736.0 0.0438536881077
18752.0 0.043785489725
18768.0 0.0437205583714
18784.0 0.0436513164491
18800.0 0.0435843662216
18816.0 0.043519407586
18832.0 0.043452491461
18848.0 0.0433874441587
18864.0 0.0433199482895
18880.0 0.0432567629892
18896.0 0.0431874596822
18912.0 0.0431227261238
18928.0 0.0430546573309
18944.0 0.0429869432051
18960.0 0.0429216026204
18976.0 0.0428554094706
18992.0 0.0427914193489
19008.0 0.042722839017
19024.0 0.0426567140725
19040.0 0.042590445897
19056.0 0.0425256373128
19072.0 0.0424579027255
19088.0 0.0423925280381
19104.0 0.042325871093
19120.0 0.042260264508
19136.0 0.0421934506908
19152.0 0.0421277486185
19168.0 0.0420624898801
19184.0 0.0419949599083
19200.0 0.041928432553
19216.0 0.0418612981715
19232.0 0.0417954528682
19248.0 0.0417294643341
19264.0 0.0416625618502
19280.0 0.041596730188
19296.0 0.0415285795489
19312.0 0.0414613974237
19328.0 0.0413984235595
19344.0 0.041330818562
19360.0 0.0412625519741
19376.0 0.0411978184157
19392.0 0.0411309773164
19408.0 0.0410635973961
19424.0 0.0409975474773
19440.0 0.0409299834029
19456.0 0.0408628080982
19472.0 0.0407968263846
19488.0 0.04073070144
19504.0 0.0406672433189
19520.0 0.0405994337058
19536.0 0.0405324902988
19552.0 0.0404669246369
19568.0 0.0404004859484
19584.0 0.0403359433646
19600.0 0.0402673493917
19616.0 0.0402025067049
19632.0 0.0401363817603
19648.0 0.0400678696337
19664.0 0.0400019697663
19680.0 0.0399374271824
19696.0 0.0398700609032
19712.0 0.0398026673418
19728.0 0.0397361809097
19744.0 0.0396722248906
19760.0 0.0396056361506
19776.0 0.0395350574063
19792.0 0.0394691711799
19808.0 0.0394048059296
19824.0 0.0393384149847
19840.0 0.0392708645514
19856.0 0.0392043985808
19872.0 0.0391371959941
19888.0 0.0390715212038
19904.0 0.0390030636413
19920.0 0.0389404239826
19936.0 0.0388738761658
19952.0 0.0388045592177
19968.0 0.038738550222
19984.0 0.0386727253803
20000.0 0.0386065254101
20016.0 0.038541089338
20032.0 0.0384759192663
20048.0 0.0384057020096
20064.0 0.0383419915292
20080.0 0.0382783219719
20096.0 0.0382083366129
20112.0 0.0381428186946
20128.0 0.0380779623668
20144.0 0.0380094365991
20160.0 0.0379433184751
20176.0 0.0378767092735
20192.0 0.0378115050992
20208.0 0.0377416629711
20224.0 0.0376770794641
20240.0 0.0376117525204
20256.0 0.0375471076288
20272.0 0.0374796526827
20288.0 0.0374115020436
20304.0 0.0373501719249
20320.0 0.0372799342065
20336.0 0.0372126497735
20352.0 0.0371495190374
20368.0 0.0370809932696
20384.0 0.0370144318118
20400.0 0.0369496505097
20416.0 0.0368842280787
20432.0 0.0368184236986
20448.0 0.0367492499815
20464.0 0.036682142882
20480.0 0.036616208912
20496.0 0.0365481196576
20512.0 0.0364831132783
20528.0 0.0364185024893
20544.0 0.0363494788236
20560.0 0.0362830810582
20576.0 0.0362178223197
20592.0 0.0361497739884
20608.0 0.0360841946855
20624.0 0.036018253895
20640.0 0.0359525313611
20656.0 0.0358864473396
20672.0 0.0358190469578
20688.0 0.0357532835008
20704.0 0.0356877110184
20720.0 0.0356215792533
20736.0 0.0355562591301
20752.0 0.035489615826
20768.0 0.0354230543681
20784.0 0.0353561859869
20800.0 0.0352893789903
20816.0 0.0352218694801
20832.0 0.0351558809459
20848.0 0.0350901925146
20864.0 0.0350249337762
20880.0 0.0349587201648
20896.0 0.0348925747587
20912.0 0.034827745713
20928.0 0.0347610342037
20944.0 0.0346945682331
20960.0 0.0346299847261
20976.0 0.0345607087012
20992.0 0.0344950134494
21008.0 0.0344285474788
21024.0 0.0343622929443
21040.0 0.0342962157434
21056.0 0.0342294564905
21072.0 0.034163017802
21088.0 0.0340973157297
21104.0 0.0340266483186
21120.0 0.0339622898888
21136.0 0.0338984839211
21152.0 0.0338309539493
21168.0 0.0337630147464
21184.0 0.0336982607264
21200.0 0.0336304238312
21216.0 0.0335644284765
21232.0 0.0334975396337
21248.0 0.0334318307409
21264.0 0.0333656716937
21280.0 0.0332989260818
21296.0 0.033232719291
21312.0 0.0331662123973
21328.0 0.0331006126328
21344.0 0.033032400609
21360.0 0.0329674010503
21376.0 0.0328996255398
21392.0 0.0328344827502
21408.0 0.0327686033443
21424.0 0.0327026761948
21440.0 0.0326352076078
21456.0 0.0325672206612
21472.0 0.0325049424901
21488.0 0.0324373852362
21504.0 0.032370203111
21520.0 0.0323040508844
21536.0 0.0322365413742
21552.0 0.0321693456079
21568.0 0.0321011608662
21584.0 0.0320381665405
21600.0 0.0319719597497
21616.0 0.0319062849594
21632.0 0.0318374931914
21648.0 0.0317715182983
21664.0 0.0317035586338
21680.0 0.0316387295881
21696.0 0.0315715270013
21712.0 0.0315065342631
21728.0 0.0314388133168
21744.0 0.031372606526
21760.0 0.0313044286048
21776.0 0.031239244892
21792.0 0.0311752343087
21808.0 0.0311074178751
21824.0 0.0310409109814
21840.0 0.0309748610626
21856.0 0.0309106799663
21872.0 0.0308447528168
21888.0 0.0307772842298
21904.0 0.0307126734407
21920.0 0.0306450684432
21936.0 0.0305781045747
21952.0 0.0305099675766
21968.0 0.0304425603742
21984.0 0.0303776017386
22000.0 0.0303118109996
22016.0 0.0302464363122
22032.0 0.0301807137784
22048.0 0.030114159141
22064.0 0.0300476045037
22080.0 0.0299818274056
22096.0 0.0299149522038
22112.0 0.0298501163376
22128.0 0.029782811443
22144.0 0.0297143402395
22160.0 0.0296491428857
22176.0 0.0295839114293
22192.0 0.0295185708445
22208.0 0.0294523776948
22224.0 0.0293846021843
22240.0 0.0293179520597
22256.0 0.0292484987012
22272.0 0.0291830967318
22288.0 0.0291174492236
22304.0 0.0290493463282
22320.0 0.0289822051261
22336.0 0.0289162370535
22352.0 0.028849641493
22368.0 0.0287823638805
22384.0 0.0287173165781
22400.0 0.028650843787
22416.0 0.028585748741
22432.0 0.0285184574875
22448.0 0.0284545423915
22464.0 0.0283868350862
22480.0 0.028320989783
22496.0 0.0282537940167
22512.0 0.0281888422017
22528.0 0.0281220556666
22544.0 0.0280566673383
22560.0 0.027992486242
22576.0 0.0279249562702
22592.0 0.0278574399395
22608.0 0.0277912877129
22624.0 0.0277226187142
22640.0 0.0276559140254
22656.0 0.0275902392352
22672.0 0.0275274699866
22688.0 0.027459980938
22704.0 0.0273939924039
22720.0 0.0273297499229
22736.0 0.0272623222589
22752.0 0.0271952288005
22768.0 0.0271303724727
22784.0 0.0270622150131
22800.0 0.026994248528
22816.0 0.0269301765601
22832.0 0.0268657294635
22848.0 0.0267983086201
22864.0 0.026733172651
22880.0 0.0266654926278
22896.0 0.0265998314786
22912.0 0.0265309578643
22928.0 0.0264665857935
22944.0 0.0263999288483
22960.0 0.0263336333908
22976.0 0.0262652440334
22992.0 0.0261986552935
23008.0 0.0261328645544
23024.0 0.0260661803272
23040.0 0.0259999530748
23056.0 0.0259324572057
23072.0 0.0258623081541
23088.0 0.0257979019807
23104.0 0.025732063498
23120.0 0.0256682097867
23136.0 0.0256031215612
23152.0 0.0255386949262
23168.0 0.0254696644399
23184.0 0.0254033894439
23200.0 0.0253353001895
23216.0 0.0252671086273
23232.0 0.025200751785
23248.0 0.025134476789
23264.0 0.0250720212844
23280.0 0.0250052620314
23296.0 0.0249379093932
23312.0 0.0248720027053
23328.0 0.0248045068361
23344.0 0.0247384569173
23360.0 0.0246699175085
23376.0 0.0246048770267
23392.0 0.0245380700301
23408.0 0.0244729067789
23424.0 0.0244058951667
23440.0 0.0243400635045
23456.0 0.0242729154819
23472.0 0.0242036053543
23488.0 0.0241376236407
23504.0 0.0240715191577
23520.0 0.024004841751
23536.0 0.0239393306532
23552.0 0.0238723940667
23568.0 0.0238056007112
23584.0 0.0237403828958
23600.0 0.0236770270825
23616.0 0.0236094357261
23632.0 0.023542478678
23648.0 0.0234749828089
23664.0 0.0234091375056
23680.0 0.0233436809721
23696.0 0.0232790974651
23712.0 0.0232118471347
23728.0 0.0231448900866
23744.0 0.0230786628343
23760.0 0.0230126947617
23776.0 0.0229446532509
23792.0 0.0228804516931
23808.0 0.0228155066985
23824.0 0.0227478198548
23840.0 0.0226815653203
23856.0 0.0226134828864
23872.0 0.0225469828132
23888.0 0.0224830608967
23904.0 0.022415871951
23920.0 0.02235110429
23936.0 0.0222842427292
23952.0 0.0222197615301
23968.0 0.0221530295592
23984.0 0.0220887120525
24000.0 0.0220236579296
24016.0 0.0219540204171
24032.0 0.0218861289578
24048.0 0.0218208292962
24064.0 0.0217515055276
24080.0 0.0216864104816
24096.0 0.0216186145095
24112.0 0.0215507571528
24128.0 0.0214843866695
24144.0 0.0214177365449
24160.0 0.0213513387795
24176.0 0.0212859504511
24192.0 0.0212206644305
24208.0 0.0211549418967
24224.0 0.0210854748971
24240.0 0.0210208572876
24256.0 0.0209557758826
24272.0 0.0208886551421
24288.0 0.0208240034299
24304.0 0.0207585127937
24320.0 0.0206915693867
24336.0 0.020625233006
24352.0 0.020559114882
24368.0 0.0204936310663
24384.0 0.020428426892
24400.0 0.020362649794
24416.0 0.0202914844849
24432.0 0.0202242000519
24448.0 0.0201583752102
24464.0 0.0200954081665
24480.0 0.0200305040951
24496.0 0.0199663161783
24512.0 0.0199015757994
24528.0 0.0198364330097
24544.0 0.0197643128278
24560.0 0.0190438135221
24576.0 0.00268199910542
24592.0 0.00268195136178
