0 1
0.0625 0.852698008219
0.125 0.516463757803
0.25 0.0416463191311
0.5 0.041646314164
1.0 0.0416463042299
2.0 0.0416462843617
4.0 0.0416462446253
8.0 0.0416461651524
16.0 0.0416056707812
32.0 0.0208332538605
48.0 0.0208331743876
64.0 0.0208330949148
80.0 0.0208330154419
96.0 0.020832935969
112.0 0.0208328564962
128.0 0.0208327770233
144.0 0.0208326975505
160.0 0.0208326180776
176.0 0.0208325386047
192.0 0.0208324591319
208.0 0.0208323798142
224.0 0.0208323003414
240.0 0.0208322208685
256.0 0.0208321413957
272.0 0.0208320619228
288.0 0.0208319824499
304.0 0.0208319029771
320.0 0.0208318235042
336.0 0.0208317440314
352.0 0.0208316645585
368.0 0.0208315850856
384.0 0.0208315056128
400.0 0.0208314261399
416.0 0.0208313465118
432.0 0.0208312673494
448.0 0.0208311877213
464.0 0.0208311080933
480.0 0.0208310287756
496.0 0.0208309493028
512.0 0.0208308699851
528.0 0.0208307905123
544.0 0.0208307110394
560.0 0.0208306315665
576.0 0.0208305520937
592.0 0.0208304726208
608.0 0.020830393148
624.0 0.0208303133647
640.0 0.0208302343575
656.0 0.0208301547294
672.0 0.0208300752565
688.0 0.0208299957837
704.0 0.0208299161556
720.0 0.0208298368379
736.0 0.0208297573651
752.0 0.0208296780474
768.0 0.0208295985746
784.0 0.0208295186361
800.0 0.0208294396289
816.0 0.020829360156
832.0 0.0208292806831
848.0 0.0208292013655
864.0 0.0208291215822
880.0 0.0208290421094
896.0 0.0208289626365
912.0 0.0208288830084
928.0 0.0208288036908
944.0 0.0208287242179
960.0 0.0208286442794
976.0 0.0208285652722
992.0 0.0208284854889
1008.0 0.0208284069474
1024.0 0.0208283266984
1040.0 0.0208282470703
1056.0 0.020828168684
1072.0 0.0208280881246
1088.0 0.0208280091174
1104.0 0.0208279296445
1120.0 0.0208278501717
1136.0 0.020827770854
1152.0 0.0208276904499
1168.0 0.0208276114427
1184.0 0.0208275322802
1200.0 0.0208274523417
1216.0 0.0208273738002
1232.0 0.0208272940169
1248.0 0.0208272143888
1264.0 0.0208271361577
1280.0 0.0208270549774
1296.0 0.0208269762807
1312.0 0.0208268963421
1328.0 0.0208268165588
1344.0 0.0208267378621
1360.0 0.0208266579236
1376.0 0.0208265781403
1392.0 0.0208264988226
1408.0 0.020826419505
1424.0 0.020826340653
1440.0 0.0208262600936
1456.0 0.0208261812416
1472.0 0.0208261027001
1488.0 0.0208260218302
1504.0 0.0208259431335
1520.0 0.0208258624189
1536.0 0.0208257834117
1552.0 0.020825705491
1568.0 0.0208256244659
1584.0 0.020825545614
1600.0 0.0208254656754
1616.0 0.0208253862026
1632.0 0.0208253075058
1648.0 0.0208252275673
1664.0 0.0208251488705
1680.0 0.0208250680007
1696.0 0.020824987907
1712.0 0.0208249101415
1728.0 0.0208248292717
1744.0 0.0208247508854
1760.0 0.0208246720334
1776.0 0.0208245913188
1792.0 0.0208245124668
1808.0 0.0208244317522
1824.0 0.0208243530554
1840.0 0.0208242754452
1856.0 0.0208241944201
1872.0 0.0208241149473
1888.0 0.0208240350087
1904.0 0.0208239553807
1920.0 0.0208238776152
1936.0 0.0208237965902
1952.0 0.0208237172725
1968.0 0.0208236393519
1984.0 0.0208235591029
2000.0 0.0208234797853
2016.0 0.0208233990707
2032.0 0.0208233199082
2048.0 0.0208232415219
2064.0 0.0208231601864
2080.0 0.0208230825762
2096.0 0.0208230020168
2112.0 0.0208229228544
2128.0 0.0208228441576
2144.0 0.0208227635982
2160.0 0.0208226849015
2176.0 0.020822603566
2192.0 0.0208225256453
2208.0 0.0208224463277
2224.0 0.0208223660787
2240.0 0.0208222876924
2256.0 0.0208222083747
2272.0 0.0208221270392
2288.0 0.0208220502051
2304.0 0.0208219679383
2320.0 0.0208218898624
2336.0 0.0208218103896
2352.0 0.0208217301406
2368.0 0.0208216525304
2384.0 0.0208215711949
2400.0 0.0208214938951
2416.0 0.0208214117835
2432.0 0.0208213327763
2448.0 0.0208212540795
2464.0 0.0208211742962
2480.0 0.0208210949786
2496.0 0.0208210155057
2512.0 0.0208209364985
2528.0 0.0208208570257
2544.0 0.0208207763111
2560.0 0.0208206971486
2576.0 0.0208206198489
2592.0 0.0208205372716
2608.0 0.0208204584196
2624.0 0.0208203809646
2640.0 0.0208203005604
2656.0 0.0208202218637
2672.0 0.0208201402177
2688.0 0.0208200618314
2704.0 0.0208199834451
2720.0 0.0208199014887
2736.0 0.0208198237233
2752.0 0.0208197444056
2768.0 0.020819665088
2784.0 0.020819582666
2800.0 0.0208195036588
2816.0 0.0208194266694
2832.0 0.0208193464205
2848.0 0.0208192677237
2864.0 0.0208191871643
2880.0 0.0208191042766
2896.0 0.0208190291499
2912.0 0.0208189493666
2928.0 0.0208188691176
2944.0 0.0208187894896
2960.0 0.0208187089302
2976.0 0.0208186316304
2992.0 0.0208185543306
3008.0 0.0208184714429
3024.0 0.0208183927462
3040.0 0.0208183135837
3056.0 0.02081823349
3072.0 0.0208181533962
3088.0 0.0208180734577
3104.0 0.0208179964684
3120.0 0.0208179165299
3136.0 0.0208178358153
3152.0 0.0208177563424
3168.0 0.0208176759382
3184.0 0.0208175994145
3200.0 0.0208175205626
3216.0 0.0208174387614
3232.0 0.0208173597542
3248.0 0.0208172777978
3264.0 0.0208172023607
3280.0 0.0208171213356
3296.0 0.0208170407762
3312.0 0.0208169597511
3328.0 0.0208168808992
3344.0 0.0208168023576
3360.0 0.0208167250579
3376.0 0.0208166431015
3392.0 0.0208165639391
3408.0 0.0208164871049
3424.0 0.0208164065455
3440.0 0.0208163273831
3456.0 0.0208162465133
3472.0 0.0208161685926
3488.0 0.0208160884989
3504.0 0.020816007629
3520.0 0.0208159300188
3536.0 0.0208158479072
3552.0 0.0208157715388
3568.0 0.0208156923763
3584.0 0.0208156111961
3600.0 0.0208155304814
3616.0 0.020815449922
3632.0 0.0208153727775
3648.0 0.0208152939255
3664.0 0.0208152130557
3680.0 0.0208151340485
3696.0 0.020815054886
3712.0 0.0208149769654
3728.0 0.020814896406
3744.0 0.0208148160018
3760.0 0.0208147346663
3776.0 0.0208146569009
3792.0 0.0208145800668
3808.0 0.0208145018357
3824.0 0.0208144184823
3840.0 0.0208143399407
3856.0 0.0208142615544
3872.0 0.0208141828577
3888.0 0.0208141022983
3904.0 0.0208140218941
3920.0 0.0208139416451
3936.0 0.0208138624827
3952.0 0.0208137816129
3968.0 0.0208137038474
3984.0 0.0208136211149
4000.0 0.0208135431943
4016.0 0.020813464808
4032.0 0.0208133862664
4048.0 0.0208133052414
4064.0 0.0208132280968
4080.0 0.0208131470717
4096.0 0.0208130652706
4112.0 0.0208129887469
4128.0 0.0208129084979
4144.0 0.0208128274729
4160.0 0.0208127500179
4176.0 0.0208126714764
4192.0 0.0208125907617
4208.0 0.0208125103575
4224.0 0.0208124305742
4240.0 0.0208123537401
4256.0 0.0208122731807
4272.0 0.0208121937079
4288.0 0.0208121109754
4304.0 0.0208120363144
4320.0 0.0208119517192
4336.0 0.0208118764373
4352.0 0.0208117949466
4368.0 0.0208117170259
4384.0 0.0208116364665
4400.0 0.0208115571489
4416.0 0.0208114782969
4432.0 0.0208113982032
4448.0 0.0208113184199
4464.0 0.0208112364635
4480.0 0.0208111605607
4496.0 0.0208110823296
4512.0 0.0208109982001
4528.0 0.0208109210556
4544.0 0.0208108406514
4560.0 0.0208107653695
4576.0 0.0208106835683
4592.0 0.0208106025433
4608.0 0.0208105240017
4624.0 0.0208104451497
4640.0 0.0208103675395
4656.0 0.0208102849623
4672.0 0.0208102040924
4688.0 0.0208101269479
4704.0 0.0208100470093
4720.0 0.0208099684678
4736.0 0.0208098857353
4752.0 0.0208098075042
4768.0 0.0208097258583
4784.0 0.0208096515077
4800.0 0.0208095689304
4816.0 0.0208094919411
4832.0 0.0208094110712
4848.0 0.0208093322193
4864.0 0.020809254609
4880.0 0.0208091723422
4896.0 0.0208090928694
4912.0 0.0208090155696
4928.0 0.0208089367176
4944.0 0.0208088550717
4960.0 0.0208087737362
4976.0 0.0208086986095
4992.0 0.0208086192918
5008.0 0.0208085351624
5024.0 0.0208084591043
5040.0 0.0208083773032
5056.0 0.0208082975199
5072.0 0.0208082189783
5088.0 0.0208081395055
5104.0 0.0208080612744
5120.0 0.020807977921
5136.0 0.0208079017078
5152.0 0.0208078233215
5168.0 0.0208077408994
5184.0 0.020807664531
5200.0 0.0208075831955
5216.0 0.0208075037226
5232.0 0.0208074245602
5248.0 0.0208073464843
5264.0 0.0208072657697
5280.0 0.0208071841237
5296.0 0.0208071086866
5312.0 0.0208070256437
5328.0 0.0208069481887
5344.0 0.0208068729068
5360.0 0.0208067876908
5376.0 0.0208067091492
5392.0 0.0208066279689
5408.0 0.0208065516005
5424.0 0.0208064732142
5440.0 0.02080639281
5456.0 0.0208063111641
5472.0 0.0208062296733
5488.0 0.0208061515975
5504.0 0.020806075229
5520.0 0.0208059952905
5536.0 0.0208059134893
5552.0 0.020805833706
5568.0 0.0208057542332
5584.0 0.0208056736737
5600.0 0.020805599944
5616.0 0.0208055158146
5632.0 0.0208054361865
5648.0 0.0208053545405
5664.0 0.0208052809661
5680.0 0.0208051954396
5696.0 0.0208051187607
5712.0 0.0208050383565
5728.0 0.020804959815
5744.0 0.0208048767721
5760.0 0.0208047969888
5776.0 0.0208047234143
5792.0 0.0208046464249
5808.0 0.0208045616746
5824.0 0.0208044835987
5840.0 0.0208044058333
5856.0 0.0208043224799
5872.0 0.0208042430071
5888.0 0.0208041664834
5904.0 0.0208040853031
5920.0 0.0208040100212
5936.0 0.0208039280648
5952.0 0.0208038445562
5968.0 0.0208037624446
5984.0 0.0208036876284
6000.0 0.0208036103286
6016.0 0.0208035297692
6032.0 0.0208034515381
6048.0 0.0208033660116
6064.0 0.0208032882462
6080.0 0.0208032107912
6096.0 0.0208031327153
6112.0 0.0208030484306
6128.0 0.0208029686473
6144.0 0.0208028915028
6160.0 0.0208028100121
6176.0 0.0208027347301
6192.0 0.0208026549468
6208.0 0.020802581838
6224.0 0.0208024987951
6240.0 0.0208024145104
6256.0 0.0208023369002
6272.0 0.020802257893
6288.0 0.0208021796619
6304.0 0.020802096619
6320.0 0.0208020165252
6336.0 0.0208019378285
6352.0 0.0208018634779
6368.0 0.0208017815215
6384.0 0.0208017026695
6400.0 0.0208016219549
6416.0 0.0208015387567
6432.0 0.0208014634748
6448.0 0.020801381208
6464.0 0.0208013026665
6480.0 0.0208012231936
6496.0 0.0208011448073
6512.0 0.0208010658001
6528.0 0.0208009860168
6544.0 0.0208009071648
6560.0 0.0208008256741
6576.0 0.0208007475982
6592.0 0.0208006689015
6608.0 0.0208005909808
6624.0 0.020800510111
6640.0 0.0208004290859
6656.0 0.0208003493026
6672.0 0.0208002716924
6688.0 0.0208001950135
6704.0 0.0208001091766
6720.0 0.0208000331186
6736.0 0.0207999534905
6752.0 0.0207998754146
6768.0 0.0207997976492
6784.0 0.0207997104153
6800.0 0.0207996324946
6816.0 0.0207995522457
6832.0 0.0207994791369
6848.0 0.0207993909717
6864.0 0.0207993155345
6880.0 0.0207992362169
6896.0 0.0207991576754
6912.0 0.0207990799099
6928.0 0.0207990013684
6944.0 0.0207989187911
6960.0 0.02079884056
6976.0 0.0207987601558
6992.0 0.0207986811486
7008.0 0.0207985974848
7024.0 0.0207985231342
7040.0 0.0207984449031
7056.0 0.0207983662064
7072.0 0.0207982853365
7088.0 0.0207982035354
7104.0 0.0207981256147
7120.0 0.0207980458314
7136.0 0.0207979676003
7152.0 0.0207978857992
7168.0 0.0207978109829
7184.0 0.0207977316653
7200.0 0.0207976461388
7216.0 0.0207975705465
7232.0 0.0207974909184
7248.0 0.0207974139291
7264.0 0.0207973294891
7280.0 0.0207972524998
7296.0 0.0207971719404
7312.0 0.0207970929332
7328.0 0.0207970162543
7344.0 0.0207969344531
7360.0 0.0207968577743
7376.0 0.0207967742657
7392.0 0.0207966974316
7408.0 0.0207966146991
7424.0 0.02079653088
7440.0 0.0207964618069
7456.0 0.0207963748835
7472.0 0.0207962923062
7488.0 0.02079621749
7504.0 0.020796137241
7520.0 0.0207960618039
7536.0 0.0207959728626
7552.0 0.020795901306
7568.0 0.0207958165556
7584.0 0.0207957456199
7600.0 0.0207956658366
7616.0 0.0207955810862
7632.0 0.0207954992851
7648.0 0.0207954184152
7664.0 0.0207953437542
7680.0 0.020795260556
7696.0 0.0207951821697
7712.0 0.0207951008342
7728.0 0.0207950275702
7744.0 0.0207949403363
7760.0 0.0207948678484
7776.0 0.0207947812354
7792.0 0.0207947012968
7808.0 0.0207946239971
7824.0 0.0207945510435
7840.0 0.0207944681558
7856.0 0.0207943838711
7872.0 0.0207943082787
7888.0 0.0207942238388
7904.0 0.0207941513509
7920.0 0.0207940717228
7936.0 0.0207939965961
7952.0 0.0207939118457
7968.0 0.0207938322177
7984.0 0.0207937552283
8000.0 0.0207936746689
8016.0 0.02079359442
8032.0 0.0207935185172
8048.0 0.0207934350086
8064.0 0.0207933494821
8080.0 0.0207932745107
8096.0 0.0207932049719
8112.0 0.0207931196007
8128.0 0.020793031125
8144.0 0.0207929606549
8160.0 0.0207928816477
8176.0 0.0207928012436
8192.0 2.03450520833e-05
