0 1
0.0625 0.794642234465
0.125 0.794511472209
0.25 0.464223446544
0.5 0.125026152451
16.0 0.125026084346
32.0 0.0982634091246
80.0 0.0268584994377
96.0 0.0268582951217
112.0 0.0268580227003
128.0 0.026857750279
144.0 0.0268574778576
160.0 0.0268570011202
176.0 0.0268564562775
192.0 0.0268559114347
208.0 0.026855366592
224.0 0.0268546174332
240.0 0.0268538001691
256.0 0.026852982905
272.0 0.0268521656409
288.0 0.0268511440608
304.0 0.0268500543753
320.0 0.0268489646898
336.0 0.0268478750044
352.0 0.0268465810029
368.0 0.026845218896
384.0 0.0268438567892
400.0 0.0268424946823
416.0 0.0268409282595
432.0 0.0268392937313
448.0 0.026837659203
464.0 0.0268360246748
480.0 0.0268341858306
496.0 0.026832278881
512.0 0.0268303719314
528.0 0.0268284649819
544.0 0.0268262856109
560.0 0.0268239700293
576.0 0.0268215863423
592.0 0.0268192707607
608.0 0.0268168870737
624.0 0.0268143671761
640.0 0.0268118472784
656.0 0.0268093954861
672.0 0.0268066712724
688.0 0.0268038789534
704.0 0.0268010866344
720.0 0.02679822621
736.0 0.0267952976803
752.0 0.0267920967292
768.0 0.0267888957781
784.0 0.026785694827
800.0 0.0267823576653
816.0 0.0267789523982
832.0 0.0267754109204
848.0 0.026772141864
864.0 0.0267686003862
880.0 0.0267649226977
896.0 0.0267613131146
912.0 0.0267574992154
928.0 0.0267534128949
944.0 0.0267493265744
960.0 0.0267453083592
976.0 0.026741290144
992.0 0.0267370676128
1008.0 0.0267327769763
1024.0 0.0267286225504
1040.0 0.0267242638085
1056.0 0.0267194964345
1072.0 0.0267148652713
1088.0 0.0267101660027
1104.0 0.0267056710501
1120.0 0.0267006312548
1136.0 0.0266958638808
1152.0 0.0266909602962
1168.0 0.0266858523956
1184.0 0.0266805401789
1200.0 0.0266752279622
1216.0 0.0266701200615
1232.0 0.0266648078449
1248.0 0.0266592913122
1264.0 0.0266537747794
1280.0 0.0266479858254
1296.0 0.0266424011873
1312.0 0.0266366803386
1328.0 0.0266307551738
1344.0 0.0266247619037
1360.0 0.0266185643176
1376.0 0.0266125029422
1392.0 0.026606305356
1408.0 0.0266001077699
1424.0 0.0265939101838
1440.0 0.0265873039656
1456.0 0.0265808339581
1472.0 0.0265745001613
1488.0 0.0265677577324
1504.0 0.0265610153035
1520.0 0.0265540685587
1536.0 0.0265470537084
1552.0 0.0265403112796
1568.0 0.026533228324
1584.0 0.0265260091577
1600.0 0.0265187218861
1616.0 0.0265112302985
1632.0 0.0265038749215
1648.0 0.0264963833339
1664.0 0.0264887555356
1680.0 0.0264809915266
1696.0 0.026473499939
1712.0 0.0264656678246
1728.0 0.0264576994996
1744.0 0.0264497311746
1760.0 0.0264416266389
1776.0 0.0264334539978
1792.0 0.0264247365141
1808.0 0.026416768189
1824.0 0.0264079825999
1840.0 0.0263995375375
1856.0 0.026390888159
1872.0 0.0263823749913
1888.0 0.0263735212968
1904.0 0.0263648719184
1920.0 0.0263553371705
1936.0 0.0263464153707
1952.0 0.0263374935709
1968.0 0.026328163139
1984.0 0.0263188327071
2000.0 0.0263096384859
2016.0 0.026299899422
2032.0 0.0262900922528
2048.0 0.0262804893995
2064.0 0.026270818441
2080.0 0.0262609431664
2096.0 0.0262511359971
2112.0 0.0262409201958
2128.0 0.0262306362891
2144.0 0.0262203523825
2160.0 0.0262100003705
2176.0 0.0261997164638
2192.0 0.0261893644518
2208.0 0.0261786038078
2224.0 0.0261677750584
2240.0 0.0261570144144
2256.0 0.0261463218757
2272.0 0.0261353569156
2288.0 0.0261242557448
2304.0 0.0261130183634
2320.0 0.0261019171926
2336.0 0.0260904073898
2352.0 0.026078897587
2368.0 0.0260672515735
2384.0 0.0260557417707
2400.0 0.0260439595465
2416.0 0.0260317686903
2432.0 0.0260203269928
2448.0 0.0260081361366
2464.0 0.0259957409643
2480.0 0.0259838906348
2496.0 0.0259714273572
2512.0 0.0259591683956
2528.0 0.0259468413287
2544.0 0.0259339013137
2560.0 0.0259215061415
2576.0 0.0259084299158
2592.0 0.0258953536901
2608.0 0.0258826179911
2624.0 0.0258696098708
2640.0 0.0258563293291
2656.0 0.0258429806821
2672.0 0.025829632035
2688.0 0.0258158747559
2704.0 0.0258025942142
2720.0 0.0257891093565
2736.0 0.025775079656
2752.0 0.0257611180609
2768.0 0.0257474288871
2784.0 0.0257329905546
2800.0 0.0257189608541
2816.0 0.0257043863109
2832.0 0.0256904247158
2848.0 0.0256757139619
2864.0 0.025661003208
2880.0 0.0256463605595
2896.0 0.0256317179109
2912.0 0.025616598525
2928.0 0.0256014110337
2944.0 0.0255862916478
2960.0 0.0255713084725
2976.0 0.0255557123492
2992.0 0.0255402524365
3008.0 0.0255246563132
3024.0 0.0255090601899
3040.0 0.0254932597505
3056.0 0.0254775274165
3072.0 0.0254613183451
3088.0 0.0254450411683
3104.0 0.0254290364129
3120.0 0.0254126230255
3136.0 0.0253966182701
3152.0 0.025379864356
3168.0 0.0253630423365
3184.0 0.0253461522116
3200.0 0.0253294664028
3216.0 0.0253124400673
3232.0 0.0252953456264
3248.0 0.0252784555016
3264.0 0.0252609524287
3280.0 0.0252435174611
3296.0 0.0252260143882
3312.0 0.0252080345779
3328.0 0.0251899866622
3344.0 0.0251727560107
3360.0 0.025154503779
3376.0 0.0251364558634
3392.0 0.0251181355264
3408.0 0.0251000195054
3424.0 0.0250815629577
3440.0 0.0250628339886
3456.0 0.0250439688088
3472.0 0.0250253079451
3488.0 0.0250064427654
3504.0 0.0249874413749
3520.0 0.0249678270364
3536.0 0.0249489618566
3552.0 0.0249294837288
3568.0 0.0249096650743
3584.0 0.0248902550518
3600.0 0.0248707769239
3616.0 0.0248505496374
3632.0 0.0248305947721
3648.0 0.0248105036962
3664.0 0.024790344515
3680.0 0.0247697085963
3696.0 0.0247496175204
3712.0 0.0247285048644
3728.0 0.0247080051564
3744.0 0.0246873692377
3760.0 0.0246664608977
3776.0 0.024645212031
3792.0 0.024624303691
3808.0 0.0246026461922
3824.0 0.0245811249041
3840.0 0.0245594674053
3856.0 0.0245379461172
3872.0 0.0245160843024
3888.0 0.0244936776449
3904.0 0.0244719520408
3920.0 0.0244496134886
3936.0 0.024427411147
3952.0 0.0244045958575
3968.0 0.0243817805679
3984.0 0.0243593739103
4000.0 0.0243362861994
4016.0 0.0243131984884
4032.0 0.0242901107774
4048.0 0.0242667506451
4064.0 0.0242435948288
4080.0 0.0242194174324
4096.0 0.0241959891947
4112.0 0.0241722885356
4128.0 0.0241479068232
4144.0 0.0241237294267
4160.0 0.0241002330837
4176.0 0.0240753746339
4192.0 0.0240512653428
4208.0 0.0240263387876
4224.0 0.024001139811
4240.0 0.0239765537825
4256.0 0.023951559122
4272.0 0.0239260196187
4288.0 0.0239008206421
4304.0 0.0238750768228
4320.0 0.0238497416356
4336.0 0.0238237935002
4352.0 0.0237980496809
4368.0 0.023772169651
4384.0 0.0237454723569
4400.0 0.0237187750628
4416.0 0.0236930993488
4432.0 0.023666061528
4448.0 0.0236395685499
4464.0 0.0236121902024
4480.0 0.0235852885923
4496.0 0.0235583869822
4512.0 0.0235314172667
4528.0 0.0235028811284
4544.0 0.0234750941488
4560.0 0.0234481244334
4576.0 0.0234197926111
4592.0 0.0233919375262
4608.0 0.0233629927558
4624.0 0.0233346609335
4640.0 0.0233066696379
4656.0 0.0232776567622
4672.0 0.0232485076757
4688.0 0.0232192223787
4704.0 0.0231898689762
4720.0 0.0231610604165
4736.0 0.02313088975
4752.0 0.0231020811903
4768.0 0.0230717743131
4784.0 0.0230411269091
4800.0 0.0230110924533
4816.0 0.0229808536814
4832.0 0.0229506149095
4848.0 0.0229203080323
4864.0 0.022889592523
4880.0 0.0228575149069
4896.0 0.022826867503
4912.0 0.0227959476777
4928.0 0.0227638700615
4944.0 0.0227324053935
4960.0 0.0227011450415
4976.0 0.0226683182666
4992.0 0.0226364449665
5008.0 0.022603686297
5024.0 0.0225713362595
5040.0 0.0225386456953
5056.0 0.0225058870258
5072.0 0.0224726516188
5088.0 0.0224396205279
5104.0 0.0224056359622
5120.0 0.0223720600286
5136.0 0.0223386203056
5152.0 0.022304840056
5168.0 0.0222702425422
5184.0 0.0222362579765
5200.0 0.0222018647788
5216.0 0.0221669267383
5232.0 0.0221311033283
5248.0 0.0220967782359
5264.0 0.0220625893542
5280.0 0.0220266297336
5296.0 0.0219908063237
5312.0 0.0219539613336
5328.0 0.0219190913985
5344.0 0.0218828593565
5360.0 0.0218458781557
5376.0 0.0218097142191
5392.0 0.0217729373344
5408.0 0.0217358880283
5424.0 0.0216987706168
5440.0 0.0216602910986
5456.0 0.0216239228459
5472.0 0.0215857838543
5488.0 0.0215480534948
5504.0 0.0215101869246
5520.0 0.0214717074064
5536.0 0.021432819256
5552.0 0.0213940673164
5568.0 0.0213551110607
5584.0 0.0213163591211
5600.0 0.0212769942334
5616.0 0.0212367439762
5632.0 0.0211971747725
5648.0 0.0211569926206
5664.0 0.0211168104688
5680.0 0.0210754024208
5696.0 0.0210355607957
5712.0 0.0209946975905
5728.0 0.0209533576478
5744.0 0.0209114728625
5760.0 0.0208688389183
5776.0 0.0208280438184
5792.0 0.0207860228224
5808.0 0.0207433207729
5824.0 0.0207012316715
5840.0 0.0206588701487
5856.0 0.0206154870458
5872.0 0.0205717634162
5888.0 0.0205291975774
5904.0 0.0204859506852
5920.0 0.0204411373701
5936.0 0.0203969370031
5952.0 0.0203527366361
5968.0 0.020307923321
5984.0 0.0202631781113
6000.0 0.0202176837428
6016.0 0.0201719169529
6032.0 0.0201264906897
6048.0 0.0200814730586
6064.0 0.0200337993192
6080.0 0.0199876238972
6096.0 0.0199411760539
6112.0 0.0198947282106
6128.0 0.0198468501552
6144.0 0.019798835889
6160.0 0.0197517750976
6176.0 0.0197049186223
6192.0 0.0196557465653
6208.0 0.0196067788244
6224.0 0.0195578791888
6240.0 0.0195089795531
6256.0 0.0194597393908
6272.0 0.0194093414377
6288.0 0.0193601012754
6304.0 0.0193095671115
6320.0 0.019258692421
6336.0 0.0192083625732
6352.0 0.0191572154613
6368.0 0.0191055235067
6384.0 0.0190540358681
6400.0 0.0190020033867
6416.0 0.0189495622733
6432.0 0.0188979384241
6448.0 0.0188437265718
6464.0 0.0187901957729
6480.0 0.0187375503435
6496.0 0.0186831341752
6512.0 0.0186283093748
6528.0 0.0185743018385
6544.0 0.0185195451435
6560.0 0.0184645160271
6576.0 0.0184090101733
6592.0 0.0183529594768
6608.0 0.018297453623
6624.0 0.0182392916609
6640.0 0.0181822193842
6656.0 0.0181263730037
6672.0 0.0180674618828
6688.0 0.0180113430809
6704.0 0.0179514784853
6720.0 0.017892703575
6736.0 0.0178343372969
6752.0 0.0177752899653
6768.0 0.0177149486322
6784.0 0.0176541986671
6800.0 0.0175939935447
6816.0 0.017533720317
6832.0 0.017471812561
6848.0 0.0174102453318
6864.0 0.0173480651545
6880.0 0.0172845228703
6896.0 0.0172215935342
6912.0 0.0171580512501
6928.0 0.017095121914
6944.0 0.0170307623658
6960.0 0.016965108816
6976.0 0.0169001363197
6992.0 0.0168345508752
7008.0 0.0167697145896
7024.0 0.0167018135635
7040.0 0.0166351384336
7056.0 0.016567918461
7072.0 0.016500221751
7088.0 0.0164313672502
7104.0 0.0163630575921
7120.0 0.0162932496164
7136.0 0.0162239864835
7152.0 0.016152612085
7168.0 0.0160817825293
7184.0 0.0160105443415
7200.0 0.0159395104697
7216.0 0.0158677274392
7232.0 0.0157932883003
7248.0 0.0157194621095
7264.0 0.015646112656
7280.0 0.0155707200424
7296.0 0.0154958722714
7312.0 0.0154195942883
7328.0 0.0153436568319
7344.0 0.0152659486366
7360.0 0.0151878999146
7376.0 0.0151097149819
7392.0 0.0150320067866
7408.0 0.0149512338509
7424.0 0.0148712781793
7440.0 0.0147904371382
7456.0 0.0147089831491
7472.0 0.0146254859997
7488.0 0.014542125061
7504.0 0.0144576063315
7520.0 0.0143728151806
7536.0 0.0142885688725
7552.0 0.0142007129812
7568.0 0.014113674354
7584.0 0.0140281340444
7600.0 0.0139380306768
7616.0 0.0138480635199
7632.0 0.0137577558364
7648.0 0.0136658136246
7664.0 0.0135726455166
7680.0 0.01347974983
7696.0 0.0133856282473
7712.0 0.0132904850844
7728.0 0.0131930944452
7744.0 0.0130955675954
7760.0 0.0129966786387
7776.0 0.0128990155781
7792.0 0.0127961765116
7808.0 0.0126929969184
7824.0 0.0125902259572
7840.0 0.0124841178342
7856.0 0.0123756941296
7872.0 0.0122672023197
7888.0 0.0121589829312
7904.0 0.0120487203823
7920.0 0.0119326007741
7936.0 0.0118190691689
7952.0 0.0117039030354
7968.0 0.0115854678456
7984.0 0.0114592005414
8000.0 0.0113387221912
8016.0 0.0112142256259
8032.0 0.0110893204286
8048.0 0.0109554934314
8064.0 0.0108196913793
8080.0 0.0106859324874
8096.0 0.0105465889576
8112.0 0.010396961521
8128.0 0.0102427710266
8144.0 0.0100964126465
8160.0 0.00993295982548
8176.0 0.00975731614827
8192.0 0.0095770413078
8208.0 0.0093965621513
8224.0 0.00915621839912
8240.0 0.00899644326662
