0 1
0.0625 0.999721137796
0.125 0.999598863255
0.25 0.571406221214
64.0 0.571406219087
80.0 0.57133596101
96.0 0.571265700807
112.0 0.571195440603
128.0 0.49970636675
144.0 0.0182189028347
160.0 0.0181583782987
176.0 0.0180978550924
192.0 0.0180373305564
208.0 0.0180327039335
224.0 0.0180326358519
240.0 0.0180325677703
256.0 0.0180324996887
272.0 0.0180264406929
288.0 0.0180263726113
304.0 0.0180263045297
320.0 0.0180262364481
336.0 0.0180179988413
352.0 0.0180179307597
368.0 0.0180178626781
384.0 0.0180177945965
400.0 0.0180073783788
416.0 0.0180073102972
432.0 0.0180072422156
448.0 0.018007174134
464.0 0.0179945793053
480.0 0.0179945112237
496.0 0.0179944431421
512.0 0.0179943750605
528.0 0.0179796016208
544.0 0.0179795335392
560.0 0.0179794654576
576.0 0.017979397376
592.0 0.0179624453254
608.0 0.0179623772438
624.0 0.0179623091622
640.0 0.0179622410806
656.0 0.017943110419
672.0 0.0179430423374
688.0 0.0179429742558
704.0 0.0179429061742
720.0 0.0179215969016
736.0 0.01792152882
752.0 0.0179214607384
768.0 0.0179213926568
784.0 0.0178979047732
800.0 0.0178978366916
816.0 0.0178977686101
832.0 0.0178977005285
848.0 0.0178720340339
864.0 0.0178719659523
880.0 0.0178718978707
896.0 0.0178718297891
912.0 0.0178439846836
928.0 0.017843916602
944.0 0.0178438485204
960.0 0.0178437804389
976.0 0.0178137567224
992.0 0.0178136886408
1008.0 0.0178136205592
1024.0 0.0178135524776
1040.0 0.0177813501502
1056.0 0.0177812820686
1072.0 0.017781213987
1088.0 0.0177811459054
1104.0 0.017746764967
1120.0 0.0177466968854
1136.0 0.0177466288038
1152.0 0.0177465607222
1168.0 0.0177100011728
1184.0 0.0177099330912
1200.0 0.0177098650096
1216.0 0.017709796928
1232.0 0.0176710587677
1248.0 0.0176709906861
1264.0 0.0176709226045
1280.0 0.0176708545229
1296.0 0.0176299380175
1312.0 0.0176298704678
1328.0 0.0176298015884
1344.0 0.0176297340387
1360.0 0.0175866381245
1376.0 0.0175865700429
1392.0 0.0175865019613
1408.0 0.0175864338797
1424.0 0.0175411598864
1440.0 0.0175410918048
1456.0 0.0175410237233
1472.0 0.0175409556417
1488.0 0.0174935030374
1504.0 0.0174934349558
1520.0 0.0174933668742
1536.0 0.0174932987926
1552.0 0.0174436675774
1568.0 0.0174435994959
1584.0 0.0174435314143
1600.0 0.0174434633327
1616.0 0.0173916535065
1632.0 0.0173915854249
1648.0 0.0173915173433
1664.0 0.0173914492617
1680.0 0.0173374608246
1696.0 0.017337392743
1712.0 0.0173373246614
1728.0 0.0173372565798
1744.0 0.0172810895317
1760.0 0.0172810214501
1776.0 0.0172809533685
1792.0 0.0172808852869
1808.0 0.0172225396278
1824.0 0.0172224715462
1840.0 0.0172224034646
1856.0 0.017222335383
1872.0 0.017161811113
1888.0 0.0171617430314
1904.0 0.0171616749498
1920.0 0.0171616068682
1936.0 0.0170989039872
1952.0 0.0170988359056
1968.0 0.017098767824
1984.0 0.0170986997424
2000.0 0.0170338182504
2016.0 0.0170337501688
2032.0 0.0170336820872
2048.0 0.0170336140057
2064.0 0.0169665539027
2080.0 0.0169664858211
2096.0 0.0169664177395
2112.0 0.0169663496579
2128.0 0.016897110944
2144.0 0.0168970428624
2160.0 0.0168969747808
2176.0 0.0168969066992
2192.0 0.0168254893743
2208.0 0.0168254212927
2224.0 0.0168253532111
2240.0 0.0168252851295
2256.0 0.0167516891937
2272.0 0.0167516211121
2288.0 0.0167515530305
2304.0 0.0167514849489
2320.0 0.0166757104021
2336.0 0.0166756423205
2352.0 0.0166755742389
2368.0 0.0166755061573
2384.0 0.0165975529995
2400.0 0.0165974849179
2416.0 0.0165974168363
2432.0 0.0165973487547
2448.0 0.0165172169859
2464.0 0.0165171489043
2480.0 0.0165170808227
2496.0 0.0165170127411
2512.0 0.0164347023614
2528.0 0.0164346342798
2544.0 0.0164345661982
2560.0 0.0164344981166
2576.0 0.0163500091259
2592.0 0.0163499410443
2608.0 0.0163498729627
2624.0 0.0163498048811
2640.0 0.0162631372795
2656.0 0.0162630691979
2672.0 0.0162630011163
2688.0 0.0162629330347
2704.0 0.016174086822
2720.0 0.0161740187404
2736.0 0.0161739506588
2752.0 0.0161738825772
2768.0 0.0160828577536
2784.0 0.016082789672
2800.0 0.0160827215904
2816.0 0.0160826535088
2832.0 0.0159894500743
2848.0 0.0159893819927
2864.0 0.0159893139111
2880.0 0.0159892458295
2896.0 0.0158938637839
2912.0 0.0158937957023
2928.0 0.0158937276207
2944.0 0.0158936595391
2960.0 0.0157960988826
2976.0 0.015796030801
2992.0 0.0157959627194
3008.0 0.0157958946378
3024.0 0.0156961553703
3040.0 0.0156960872887
3056.0 0.0156960192071
3072.0 0.0156959511256
3088.0 0.0155940332471
3104.0 0.0155939651655
3120.0 0.0155938970839
3136.0 0.0155938290023
3152.0 0.0154897325129
3168.0 0.0154896644313
3184.0 0.0154895963497
3200.0 0.0154895282681
3216.0 0.0153832531677
3232.0 0.0153831850861
3248.0 0.0153831170045
3264.0 0.0153830489229
3280.0 0.0152745952115
3296.0 0.0152745271299
3312.0 0.0152744590483
3328.0 0.0152743909668
3344.0 0.0151637586444
3360.0 0.0151636905628
3376.0 0.0151636224812
3392.0 0.0151635543996
3408.0 0.0150507434663
3424.0 0.0150506753847
3440.0 0.0150506073031
3456.0 0.0150505392215
3472.0 0.0149355496772
3488.0 0.0149354815957
3504.0 0.0149354135141
3520.0 0.0149353454325
3536.0 0.0148181772772
3552.0 0.0148181091956
3568.0 0.014818041114
3584.0 0.0148179730324
3600.0 0.0146986262662
3616.0 0.0146985581846
3632.0 0.014698490103
3648.0 0.0146984220214
3664.0 0.0145768966442
3680.0 0.0145768285627
3696.0 0.0145767604811
3712.0 0.0145766923995
3728.0 0.0144529884113
3744.0 0.0144529203297
3760.0 0.0144528522481
3776.0 0.0144527841665
3792.0 0.0143269015674
3808.0 0.0143268334858
3824.0 0.0143267654042
3840.0 0.0143266973226
3856.0 0.0141986361125
3872.0 0.0141985680309
3888.0 0.0141984999493
3904.0 0.0141984318677
3920.0 0.0140681920467
3936.0 0.0140681239651
3952.0 0.0140680558835
3968.0 0.0140679878019
3984.0 0.0139355693698
4000.0 0.0139355012883
4016.0 0.0139354332067
4032.0 0.0139353651251
4048.0 0.0138007680821
4064.0 0.0138007000005
4080.0 0.0138006319189
4096.0 0.0138005638373
4112.0 0.0136637881833
4128.0 0.0136637201017
4144.0 0.0136636520201
4160.0 0.0136635839385
4176.0 0.0135246296736
4192.0 0.013524561592
4208.0 0.0135244935104
4224.0 0.0135244254288
4240.0 0.0133832925529
4256.0 0.0133832244713
4272.0 0.0133831563897
4288.0 0.0133830883081
4304.0 0.0132397768212
4320.0 0.0132397087396
4336.0 0.013239640658
4352.0 0.0132395725764
4368.0 0.0130940824786
4384.0 0.013094014397
4400.0 0.0130939463154
4416.0 0.0130938782338
4432.0 0.012946209525
4448.0 0.0129461414434
4464.0 0.0129460733618
4480.0 0.0129460052802
4496.0 0.0127961579604
4512.0 0.0127960898788
4528.0 0.0127960217972
4544.0 0.0127959537156
4560.0 0.0126439277849
4576.0 0.0126438597033
4592.0 0.0126437916217
4608.0 0.0126437235401
4624.0 0.0124895189984
4640.0 0.0124894509168
4656.0 0.0124893828352
4672.0 0.0124893147536
4688.0 0.0123329316009
4704.0 0.0123328635193
4720.0 0.0123327954377
4736.0 0.0123327273561
4752.0 0.0121741655924
4768.0 0.0121740975108
4784.0 0.0121740294292
4800.0 0.0121739613476
4816.0 0.012013220973
4832.0 0.0120131528914
4848.0 0.0120130848098
4864.0 0.0120130167282
4880.0 0.0118500977426
4896.0 0.011850029661
4912.0 0.0118499615794
4928.0 0.0118498934978
4944.0 0.0116847959013
4960.0 0.0116847278197
4976.0 0.0116846597381
4992.0 0.0116845916565
5008.0 0.0115173154489
5024.0 0.0115172473673
5040.0 0.0115171792857
5056.0 0.0115171112042
5072.0 0.0113476563856
5088.0 0.011347588304
5104.0 0.0113475202224
5120.0 0.0113474521409
5136.0 0.0111758187114
5152.0 0.0111757506298
5168.0 0.0111756825482
5184.0 0.0111756144666
5200.0 0.0110018024261
5216.0 0.0110017343445
5232.0 0.0110016662629
5248.0 0.0110015981814
5264.0 0.0108256075299
5280.0 0.0108255394483
5296.0 0.0108254713667
5312.0 0.0108254032851
5328.0 0.0106472340227
5344.0 0.0106471659412
5360.0 0.0106470978596
5376.0 0.010647029778
5392.0 0.0104666819046
5408.0 0.010466613823
5424.0 0.0104665457414
5440.0 0.0104664776598
5456.0 0.0102839511755
5472.0 0.0102838830939
5488.0 0.0102838150123
5504.0 0.0102837469307
5520.0 0.0100990418354
5536.0 0.0100989737538
5552.0 0.0100989056722
5568.0 0.0100988375906
5584.0 0.00991195388435
5600.0 0.00991188580276
5616.0 0.00991181772117
5632.0 0.00991174963958
5648.0 0.00972268732233
5664.0 0.00972261924074
5680.0 0.00972255115915
5696.0 0.00972248307755
5712.0 0.00953124214934
5728.0 0.00953117406775
5744.0 0.00953110598616
5760.0 0.00953103790456
5776.0 0.00933761836538
5792.0 0.00933755028379
5808.0 0.0093374822022
5824.0 0.0093374141206
5840.0 0.00914181597045
5856.0 0.00914174788886
5872.0 0.00914167980727
5888.0 0.00914161172567
5904.0 0.00894383496455
5920.0 0.00894376688296
5936.0 0.00894369880137
5952.0 0.00894363071977
5968.0 0.00874367534768
5984.0 0.00874360726609
6000.0 0.0087435391845
6016.0 0.0087434711029
6032.0 0.00854133711984
6048.0 0.00854126903825
6064.0 0.00854120095666
6080.0 0.00854113287507
6096.0 0.00833682028104
6112.0 0.00833675219944
6128.0 0.00833668411785
6144.0 0.00833661603626
6160.0 0.00813012483126
6176.0 0.00813005674967
6192.0 0.00812998866807
6208.0 0.00812992058648
6224.0 0.00792125077051
6240.0 0.00792118268892
6256.0 0.00792111460733
6272.0 0.00792104652574
6288.0 0.0077101980988
6304.0 0.0077101300172
6320.0 0.00771006193561
6336.0 0.00770999385402
6352.0 0.00749696681611
6368.0 0.00749689873452
6384.0 0.00749683065293
6400.0 0.00749676257133
6416.0 0.00728155692246
6432.0 0.00728148884087
6448.0 0.00728142075927
6464.0 0.00728135267768
6480.0 0.00706396841783
6496.0 0.00706390033624
6512.0 0.00706383225465
6528.0 0.00706376417306
6544.0 0.00684420130224
6560.0 0.00684413322065
6576.0 0.00684406513906
6592.0 0.00684399705746
6608.0 0.00662225557568
6624.0 0.00662218749409
6640.0 0.00662211941249
6656.0 0.0066220513309
6672.0 0.00639813123815
6688.0 0.00639806315655
6704.0 0.00639799507496
6720.0 0.00639792699337
6736.0 0.00617182828964
6752.0 0.00617176020805
6768.0 0.00617169212646
6784.0 0.00617162404487
6800.0 0.00594334673017
6816.0 0.00594327864858
6832.0 0.00594321056699
6848.0 0.0059431424854
6864.0 0.00571268655973
6880.0 0.00571261847814
6896.0 0.00571255039655
6912.0 0.00571248231496
6928.0 0.00547984777832
6944.0 0.00547977969673
6960.0 0.00547971161514
6976.0 0.00547964353355
6992.0 0.00524483038595
7008.0 0.00524476230435
7024.0 0.00524469422276
7040.0 0.00524462614117
7056.0 0.0050076343826
7072.0 0.005007566301
7088.0 0.00500749821941
7104.0 0.00500743013782
7120.0 0.00476825976828
7136.0 0.00476819168669
7152.0 0.00476812360509
7168.0 0.0047680555235
7184.0 0.00452670654299
7200.0 0.0045266384614
7216.0 0.00452657037981
7232.0 0.00452650229821
7248.0 0.00428297470674
7264.0 0.00428290662514
7280.0 0.00428283854355
7296.0 0.00428277046196
7312.0 0.00403706425951
7328.0 0.00403699617792
7344.0 0.00403692809632
7360.0 0.00403686001473
7376.0 0.00378897520131
7392.0 0.00378890711972
7408.0 0.00378883903813
7424.0 0.00378877095654
7440.0 0.00353870753215
7456.0 0.00353863945056
7472.0 0.00353857136896
7488.0 0.00353850328737
7504.0 0.00328626125202
7520.0 0.00328619317042
7536.0 0.00328612508883
7552.0 0.00328605700724
7568.0 0.00303163636091
7584.0 0.00303156827932
7600.0 0.00303150019773
7616.0 0.00303143211613
7632.0 0.00277483285884
7648.0 0.00277476477725
7664.0 0.00277469669565
7680.0 0.00277462861406
7696.0 0.0025158507458
7712.0 0.0025157826642
7728.0 0.00251571458261
7744.0 0.00251564650102
7760.0 0.00225469002178
7776.0 0.00225462194019
7792.0 0.0022545538586
7808.0 0.00225448577701
7824.0 0.00199135281435
7840.0 0.0019912831371
7856.0 0.00199121532145
7872.0 0.00199114830363
7888.0 0.00172583274085
7904.0 0.00172576465926
7920.0 0.00172569710956
7936.0 0.00172563009174
7952.0 0.00145813325855
7968.0 0.00145806757045
7984.0 0.00145799895697
8000.0 0.00145792848189
8016.0 0.00118826314359
8032.0 0.0011881993171
8048.0 0.00118812565069
8064.0 0.0011880509205
8080.0 0.000916210694454
8096.0 0.000916138889649
8112.0 0.000916073999381
8128.0 0.00091600458807
8144.0 0.00064197218792
8160.0 0.000641905170103
8176.0 0.000641838152285
8192.0 0.000641770070692
8208.0 0.000365561187123
8224.0 0.000365489116374
8240.0 0.0003654223645
8256.0 0.000365367048206
8272.0 8.72806019611e-05
