0 1
0.0625 0.748623075373
0.125 0.746972370707
0.25 0.28138384802
0.5 0.281351333867
1.0 0.281238134556
2.0 0.280812928087
4.0 0.2791536379
8.0 0.272841602613
16.0 0.249801815435
32.0 0.176840431443
48.0 0.0962195111269
64.0 0.0399471446151
80.0 0.0315085647975
96.0 0.0315066690935
112.0 0.0315044100405
128.0 0.0315018002158
144.0 0.0314988011884
160.0 0.0314954395106
176.0 0.0314917144838
192.0 0.0314876379866
208.0 0.0314831527216
224.0 0.0314783020114
240.0 0.031473085157
256.0 0.0314675245186
272.0 0.0314615544136
288.0 0.0314551937084
304.0 0.0314484640642
320.0 0.0314413654808
336.0 0.0314338700085
352.0 0.0314259804422
368.0 0.0314177142505
384.0 0.0314090763248
400.0 0.0313999842128
416.0 0.0313904595755
432.0 0.0313806309829
448.0 0.0313704432336
464.0 0.031359781733
480.0 0.0313487436071
496.0 0.0313373330484
512.0 0.0313255633331
528.0 0.0313133037953
544.0 0.0313005104138
560.0 0.0312874389305
576.0 0.0312739775457
592.0 0.0312600836358
608.0 0.0312458117031
624.0 0.0312311519651
640.0 0.031216001007
656.0 0.0312001499033
672.0 0.0311842093598
688.0 0.0311678879985
704.0 0.0311510523584
720.0 0.0311338282144
736.0 0.0311161380053
752.0 0.0310977735041
768.0 0.0310792371109
784.0 0.0310603045275
800.0 0.0310409855362
816.0 0.0310210292866
832.0 0.0310004965696
848.0 0.0309798366805
864.0 0.0309587778062
880.0 0.0309372507705
896.0 0.030914651855
912.0 0.0308922346141
928.0 0.0308693317431
944.0 0.0308458293462
960.0 0.0308213955178
976.0 0.0307971929752
992.0 0.0307724516976
1008.0 0.0307467468462
1024.0 0.0307209448688
1040.0 0.0306948396347
1056.0 0.0306682361931
1072.0 0.0306404525657
1088.0 0.0306130099275
1104.0 0.0305845541043
1120.0 0.0305553338505
1136.0 0.0305264448034
1152.0 0.0304971441936
1168.0 0.0304662644128
1184.0 0.0304357388973
1200.0 0.0304049904811
1216.0 0.0303724903032
1232.0 0.0303407056434
1248.0 0.0303076618393
1264.0 0.0302738668808
1280.0 0.0302406330172
1296.0 0.03020580461
1312.0 0.0301717175748
1328.0 0.030135969615
1344.0 0.0300999156035
1360.0 0.0300642298323
1376.0 0.030025727407
1392.0 0.0299889760447
1408.0 0.0299503925646
1424.0 0.0299126419923
1440.0 0.0298727197106
1456.0 0.0298335457882
1472.0 0.029793502623
1488.0 0.0297516923235
1504.0 0.0297110370549
1520.0 0.0296689989634
1536.0 0.0296264766395
1552.0 0.0295831444663
1568.0 0.0295388019032
1584.0 0.0294947325507
1600.0 0.0294496234608
1616.0 0.0294048141339
1632.0 0.0293580657806
1648.0 0.0293115004993
1664.0 0.0292637906685
1680.0 0.0292169794279
1696.0 0.0291678022257
1712.0 0.0291175042314
1728.0 0.0290689642876
1744.0 0.0290175559824
1760.0 0.0289682257544
1776.0 0.028914786188
1792.0 0.0288620621398
1808.0 0.0288108424965
1824.0 0.0287564805824
1840.0 0.0287004500576
1856.0 0.0286480949485
1872.0 0.0285913964203
1888.0 0.0285340284913
1904.0 0.0284788553305
1920.0 0.0284203945593
1936.0 0.0283600352891
1952.0 0.0283028916583
1968.0 0.0282435777155
1984.0 0.0281827377065
2000.0 0.0281203038529
2016.0 0.0280593212992
2032.0 0.0279978684881
2048.0 0.0279334145532
2064.0 0.0278685749093
2080.0 0.0278019751187
2096.0 0.0277385064188
2112.0 0.0276726864312
2128.0 0.0276052579251
2144.0 0.0275369434062
2160.0 0.0274665710738
2176.0 0.0273972384788
2192.0 0.0273258333965
2208.0 0.0272560186651
2224.0 0.0271852312763
2240.0 0.0271121883281
2256.0 0.0270392306272
2272.0 0.0269639712496
2288.0 0.026889228247
2304.0 0.0268122485513
2320.0 0.0267360619348
2336.0 0.026656803621
2352.0 0.0265793264165
2368.0 0.026498521773
2384.0 0.0264187980929
2400.0 0.0263362556624
2416.0 0.0262541646233
2432.0 0.0261694441946
2448.0 0.0260858683155
2464.0 0.0260003296526
2480.0 0.0259127240925
2496.0 0.0258276682646
2512.0 0.0257392954789
2528.0 0.0256509115132
2544.0 0.0255591162586
2560.0 0.0254662861578
2576.0 0.0253765459218
2592.0 0.0252838912068
2608.0 0.0251877259808
2624.0 0.025091826279
2640.0 0.0249971088593
2656.0 0.0248995356555
2672.0 0.0247987398249
2688.0 0.0246998103508
2704.0 0.0245976722248
2720.0 0.0244931450786
2736.0 0.0243938955778
2752.0 0.0242866859371
2768.0 0.0241827205844
2784.0 0.0240747479106
2800.0 0.0239678289492
2816.0 0.0238569550727
2832.0 0.0237464382566
2848.0 0.0236316646663
2864.0 0.0235207376849
2880.0 0.0234033437887
2896.0 0.0232871419569
2912.0 0.0231693232217
2928.0 0.0230500441028
2944.0 0.0229321960201
2960.0 0.0228105732996
2976.0 0.0226860906024
2992.0 0.0225588059249
3008.0 0.0224349346325
3024.0 0.0223075898626
3040.0 0.0221743756075
3056.0 0.0220437341434
3072.0 0.0219101341793
3088.0 0.0217752401335
3104.0 0.0216393231202
3120.0 0.0215011924726
3136.0 0.0213593759279
3152.0 0.0212197122266
3168.0 0.0210755402017
3184.0 0.0209292341997
3200.0 0.0207842076056
3216.0 0.0206316883343
3232.0 0.0204834530883
3248.0 0.0203259531396
3264.0 0.0201717939061
3280.0 0.0200123863746
3296.0 0.0198502753862
3312.0 0.0196902131276
3328.0 0.0195213326663
3344.0 0.0193578933575
3360.0 0.0191849720351
3376.0 0.0190131645174
3392.0 0.0188383817297
3408.0 0.018660149222
3424.0 0.0184784879567
3440.0 0.0182942483103
3456.0 0.0181102588159
3472.0 0.0179186920956
3488.0 0.0177250319255
3504.0 0.0175291224849
3520.0 0.0173292860792
3536.0 0.0171268824725
3552.0 0.0169218075512
3568.0 0.0167110084844
3584.0 0.016497771485
3600.0 0.0162807584502
3616.0 0.016050096766
3632.0 0.0158251864786
3648.0 0.0155980415943
3664.0 0.01535950362
3680.0 0.015117853421
3696.0 0.0148655647802
3712.0 0.0146189828162
3728.0 0.0143576929006
3744.0 0.0140899982586
3760.0 0.013827201143
3776.0 0.013549723327
3792.0 0.0132640876253
3808.0 0.0129613004494
3824.0 0.0126641409918
3840.0 0.0123551286678
3856.0 0.0120310799806
3872.0 0.0117052452928
3888.0 0.0113665725037
3904.0 0.0110088944613
3920.0 0.0106396234869
3936.0 0.0102568177592
3952.0 0.00985523596761
3968.0 0.00944230231216
3984.0 0.00899963761798
4000.0 0.00852887625721
4016.0 0.00803767371552
4032.0 0.00750617506177
4048.0 0.00692943385719
4064.0 0.00627210182598
4080.0 0.00556656245517
4096.0 0.00477528318198
4112.0 0.00378892318358
4128.0 0.00245584431013
4144.0 9.21537124483e-05
4160.0 9.15863288801e-05
