0 1
0.0625 0.998712182113
0.125 0.562166461802
0.25 0.561502272131
0.5 0.561431955322
1.0 0.56118507165
2.0 0.560295264439
4.0 0.556904355075
8.0 0.544168876532
16.0 0.497934673596
32.0 0.352379713824
48.0 0.191730299674
64.0 0.0796591483984
80.0 0.0628565346974
96.0 0.0628527598579
112.0 0.0628482609053
128.0 0.0628430656366
144.0 0.06283709622
160.0 0.06283040547
176.0 0.0628229919967
192.0 0.0628148794275
208.0 0.0628059551845
224.0 0.0627963012689
240.0 0.0627859204604
256.0 0.0627748558445
272.0 0.0627629781649
288.0 0.0627503221678
304.0 0.0627369323286
320.0 0.0627228100372
336.0 0.0627078983095
352.0 0.0626922013151
368.0 0.0626757551903
384.0 0.0626585696639
400.0 0.062640483513
416.0 0.0626215342638
432.0 0.0626019804287
448.0 0.0625817108195
464.0 0.0625605044498
480.0 0.0625385461698
496.0 0.0625158457086
512.0 0.0624924294733
528.0 0.0624680417312
544.0 0.0624425935315
560.0 0.062416588001
576.0 0.0623898083227
592.0 0.0623621711053
608.0 0.062333779198
624.0 0.0623046159226
640.0 0.0622744769707
656.0 0.0622429453866
672.0 0.0622112359013
688.0 0.0621787675566
704.0 0.0621452762804
720.0 0.062111015026
736.0 0.06207582535
752.0 0.0620392930765
768.0 0.0620024188993
784.0 0.0619647580656
800.0 0.0619263286434
816.0 0.0618866316757
832.0 0.0618457866899
848.0 0.0618046901407
864.0 0.0617627999858
880.0 0.0617199772398
896.0 0.0616750238499
912.0 0.0616304318216
928.0 0.061584872456
944.0 0.0615381233767
960.0 0.0614895174543
976.0 0.0614413757427
992.0 0.061392161065
1008.0 0.0613410283908
1024.0 0.0612897025271
1040.0 0.0612377762471
1056.0 0.0611848562225
1072.0 0.0611295901269
1088.0 0.0610750008895
1104.0 0.0610183991456
1120.0 0.0609602741234
1136.0 0.0609028092811
1152.0 0.0608445244258
1168.0 0.0607831012836
1184.0 0.0607223800168
1200.0 0.0606612181668
1216.0 0.0605965691769
1232.0 0.0605333447857
1248.0 0.0604676172702
1264.0 0.0604003914937
1280.0 0.0603342845484
1296.0 0.0602650059597
1312.0 0.0601972020045
1328.0 0.0601260943699
1344.0 0.0600543779798
1360.0 0.0599833940421
1376.0 0.059906806219
1392.0 0.0598337027561
1408.0 0.0597569537101
1424.0 0.059681864148
1440.0 0.0596024521446
1456.0 0.0595245300631
1472.0 0.0594448803949
1488.0 0.0593617130099
1504.0 0.0592808458309
1520.0 0.0591972239642
1536.0 0.0591126430992
1552.0 0.0590264486155
1568.0 0.0589382471847
1584.0 0.0588505864066
1600.0 0.0587608589177
1616.0 0.0586717290655
1632.0 0.0585787423725
1648.0 0.0584861142614
1664.0 0.0583912137415
1680.0 0.058298100572
1696.0 0.0582002813617
1712.0 0.0581002342179
1728.0 0.0580036797735
1744.0 0.0579014241541
1760.0 0.0578032991763
1776.0 0.0576970018657
1792.0 0.0575921277641
1808.0 0.057490246015
1824.0 0.057382115489
1840.0 0.0572706646052
1856.0 0.0571665229559
1872.0 0.0570537433732
1888.0 0.0569396309219
1904.0 0.0568298867771
1920.0 0.0567136005964
1936.0 0.0565935395763
1952.0 0.0564798760474
1968.0 0.0563618942467
1984.0 0.0562408742284
2000.0 0.056116688126
2016.0 0.0559953887473
2032.0 0.0558731512182
2048.0 0.0557449442725
2064.0 0.0556159729079
2080.0 0.0554834977251
2096.0 0.0553572532511
2112.0 0.0552263291438
2128.0 0.0550922069857
2144.0 0.0549563224947
2160.0 0.0548163434982
2176.0 0.054678433992
2192.0 0.054536404963
2208.0 0.0543975350688
2224.0 0.0542567318897
2240.0 0.0541114422666
2256.0 0.0539663222056
2272.0 0.0538166239704
2288.0 0.0536679528362
2304.0 0.0535148313942
2320.0 0.0533632902145
2336.0 0.0532056378534
2352.0 0.0530515268364
2368.0 0.0528907987316
2384.0 0.0527322221184
2400.0 0.0525680360606
2416.0 0.0524047492372
2432.0 0.0522362323989
2448.0 0.0520699893593
2464.0 0.0518998463935
2480.0 0.0517255908541
2496.0 0.0515564068866
2512.0 0.0513806266789
2528.0 0.0512048228438
2544.0 0.0510222323589
2560.0 0.0508375848922
2576.0 0.0506590847432
2592.0 0.0504747861295
2608.0 0.0502835035069
2624.0 0.0500927476384
2640.0 0.0499043503496
2656.0 0.0497102671741
2672.0 0.0495097739989
2688.0 0.0493129945095
2704.0 0.0491098342073
2720.0 0.0489019206094
2736.0 0.0487045059575
2752.0 0.0484912539361
2768.0 0.0482844605593
2784.0 0.0480696935987
2800.0 0.0478570211458
2816.0 0.0476364821276
2832.0 0.0474166561038
2848.0 0.0471883617086
2864.0 0.0469677170616
2880.0 0.0467342093296
2896.0 0.0465030782454
2912.0 0.0462687240931
2928.0 0.046031466539
2944.0 0.0457970567927
2960.0 0.0455551446225
2976.0 0.0453075354468
2992.0 0.0450543543524
3008.0 0.0448079640773
3024.0 0.0445546662353
3040.0 0.0442896908523
3056.0 0.0440298342962
3072.0 0.0437640931046
3088.0 0.0434957792959
3104.0 0.0432254293532
3120.0 0.0429506735781
3136.0 0.0426685891107
3152.0 0.0423907895585
3168.0 0.0421040171185
3184.0 0.0418130028486
3200.0 0.0415245347886
3216.0 0.0412211633399
3232.0 0.0409263102974
3248.0 0.0406130278104
3264.0 0.0403063943779
3280.0 0.0399893231529
3296.0 0.039666870419
3312.0 0.0393484927327
3328.0 0.0390125764975
3344.0 0.0386874844337
3360.0 0.0383435306813
3376.0 0.038001790964
3392.0 0.0376541360343
3408.0 0.0372996207926
3424.0 0.0369382785954
3440.0 0.0365718120119
3456.0 0.0362058416057
3472.0 0.035824807978
3488.0 0.0354395978434
3504.0 0.035049919333
3520.0 0.0346524284615
3536.0 0.0342498340516
3552.0 0.0338419248457
3568.0 0.0334226313577
3584.0 0.0329984872845
3600.0 0.0325668338381
3616.0 0.0321080296228
3632.0 0.0316606666733
3648.0 0.0312088575857
3664.0 0.0307343911223
3680.0 0.0302537300862
3696.0 0.0297519085455
3712.0 0.0292614420999
3728.0 0.0287417192587
3744.0 0.0282092556395
3760.0 0.0276865279371
3776.0 0.0271346077725
3792.0 0.0265664610797
3808.0 0.0259641948974
3824.0 0.0253731267568
3840.0 0.0247584755986
3856.0 0.0241139245432
3872.0 0.0234658126857
3888.0 0.022792172017
3904.0 0.0220807245802
3920.0 0.0213462222697
3936.0 0.0205847943463
3952.0 0.0197860196959
3968.0 0.0189646655014
3984.0 0.0180841800315
4000.0 0.0171478044222
4016.0 0.0161707714571
4032.0 0.0151135829175
4048.0 0.0139664069866
4064.0 0.0126587364462
4080.0 0.011255578868
4096.0 0.00968166678897
4112.0 0.00773391912837
4128.0 0.00514294355197
4144.0 0.000366324818541
4160.0 0.000364078816869
4176.0 0.000363998205422
4192.0 0.000363931492501
4208.0 0.00036382586371
4224.0 0.000363752201526
4240.0 0.000363709116098
4256.0 0.00036366047126
4272.0 0.000363561791731
4288.0 0.000363481180285
4304.0 0.000363417247069
4320.0 0.000363353313853
4336.0 0.000363237956094
4352.0 0.000363150395385
4368.0 0.000363071173792
4384.0 0.000362997511608
4400.0 0.000362869645176
4416.0 0.000362764016385
4432.0 0.000362677845528
4448.0 0.000362600013787
4464.0 0.000362445740158
4480.0 0.000362345670776
4496.0 0.000362246991247
4512.0 0.000362144142161
4528.0 0.000361984309121
4544.0 0.000361875900624
4560.0 0.000361775831243
4576.0 0.000361646574959
4592.0 0.000361499250592
4608.0 0.000361372774012
4624.0 0.000361269924926
4640.0 0.000361111481738
4656.0 0.000360971106634
4672.0 0.00036084740976
4688.0 0.000360732052
4704.0 0.000360547201615
4720.0 0.000360408216363
4736.0 0.000360278960079
4752.0 0.000360145534237
4768.0 0.000359963463557
4784.0 0.000359813359485
4800.0 0.000359674374233
4816.0 0.000359503422373
4832.0 0.000359342199481
4848.0 0.000359190705556
4864.0 0.000359046160894
4880.0 0.000358852971393
4896.0 0.000358684799239
4912.0 0.000358534695166
4928.0 0.000358354014339
4944.0 0.000358164994396
4960.0 0.000358003771504
4976.0 0.000357853667432
4992.0 0.000357646579406
5008.0 0.000357463118874
5024.0 0.000357292167014
5040.0 0.000357126774564
5056.0 0.000356900228603
5072.0 0.000356733446301
5088.0 0.000356559714736
5104.0 0.000356345677447
5120.0 0.00035614831839
5136.0 0.000355970417267
5152.0 0.000355781397324
5168.0 0.000355556241216
5184.0 0.000355364441568
5200.0 0.000355192099856
5216.0 0.00035495721478
5232.0 0.00035474734705
5248.0 0.000354554157549
5264.0 0.000354330391294
5280.0 0.000354114964153
5296.0 0.000353913435538
5312.0 0.000353720246037
5328.0 0.000353472852289
5344.0 0.000353250475886
5360.0 0.000353055896533
5376.0 0.000352805723079
5392.0 0.000352583346676
5408.0 0.00035237069924
5424.0 0.000352139983722
5440.0 0.000351899539236
5456.0 0.000351686891801
5472.0 0.000351479803775
5488.0 0.000351207392681
5504.0 0.000350966948195
5520.0 0.000350762639875
5536.0 0.000350488838928
5552.0 0.000350245614737
5568.0 0.000350017678924
5584.0 0.000349764725765
5600.0 0.000349514552312
5616.0 0.000349272717973
5632.0 0.000349014205405
5648.0 0.000348757082688
5664.0 0.000348506909235
5680.0 0.000348273414011
5696.0 0.00034799127395
5712.0 0.000347736930939
5728.0 0.000347497876305
5744.0 0.000347197668161
5760.0 0.00034693776574
5776.0 0.000346701490811
5792.0 0.000346392943552
5808.0 0.000346134430983
5824.0 0.000345885647382
5840.0 0.000345579879828
5856.0 0.000345311638291
5872.0 0.000345055905428
5888.0 0.000344748748021
5904.0 0.000344473557222
5920.0 0.000344212264948
5936.0 0.000343899548131
5952.0 0.000343614628365
5968.0 0.000343346386828
5984.0 0.000343021161339
6000.0 0.000342730682162
6016.0 0.000342462440626
6032.0 0.000342145554251
6048.0 0.000341855075074
6064.0 0.00034156598575
6080.0 0.00034122964144
6096.0 0.000340941941969
6112.0 0.000340668141022
6128.0 0.000340309559072
6144.0 0.000340023249453
6160.0 0.000339713312341
6176.0 0.000339392256409
6192.0 0.000339085099002
6208.0 0.000338751534397
6224.0 0.00033842769876
6240.0 0.000338128880468
6256.0 0.000337786976748
6272.0 0.000337464530964
6288.0 0.000337160153262
6304.0 0.000336801571312
6320.0 0.000336474955969
6336.0 0.00033617752753
6352.0 0.000335799487645
6368.0 0.000335483991123
6384.0 0.000335121239615
6400.0 0.00033477655619
6416.0 0.000334463839373
6432.0 0.00033408162993
6448.0 0.000333755014588
6464.0 0.000333401992048
6480.0 0.000333032291278
6496.0 0.000332693167263
6512.0 0.00033231651723
6528.0 0.000331966274395
6544.0 0.00033164382861
6560.0 0.000331235211969
6576.0 0.000330886358987
6592.0 0.000330502759691
6608.0 0.000330119160396
6624.0 0.000329791155201
6640.0 0.000329389487823
6656.0 0.000329026736315
6672.0 0.000328644526872
6688.0 0.000328255368166
6704.0 0.000327906515184
6720.0 0.00032747983046
6736.0 0.00032710457028
6752.0 0.000326690394229
6768.0 0.000326315134048
6784.0 0.00032591902608
6800.0 0.000325511799292
6816.0 0.000325132369554
6832.0 0.000324704294978
6848.0 0.00032431930583
6864.0 0.000323889841401
6880.0 0.000323490953728
6896.0 0.000323068438562
6912.0 0.000322645923396
6928.0 0.000322252595133
6944.0 0.000321799503211
6960.0 0.000321404785095
6976.0 0.000320961422142
6992.0 0.000320544466386
7008.0 0.000320109442547
7024.0 0.000319671639003
7040.0 0.000319219936934
7056.0 0.0003187876928
7072.0 0.000318355448667
7088.0 0.00031789401763
7104.0 0.000317470112611
7120.0 0.000316990613492
7136.0 0.000316570878031
7152.0 0.000316084429649
7168.0 0.0003156438464
7184.0 0.000315144889346
7200.0 0.000314695966982
7216.0 0.000314219247567
7232.0 0.000313761986088
7248.0 0.000313265808739
7264.0 0.000312787699472
7280.0 0.000312298471385
7296.0 0.00031181619256
7312.0 0.000311320015211
7328.0 0.000310822448008
7344.0 0.000310331830069
7360.0 0.000309813415079
7376.0 0.000309317237729
7392.0 0.000308800212592
7408.0 0.000308304035242
7424.0 0.000307781450695
7440.0 0.000307274154525
7456.0 0.000306714043959
7472.0 0.000306201188379
7488.0 0.000305673044422
7504.0 0.000305125442529
7520.0 0.000304611197097
7536.0 0.000304058035794
7552.0 0.000303504874491
7568.0 0.00030295310304
7584.0 0.000302392992475
7600.0 0.000301850949992
7616.0 0.000301249143851
7632.0 0.000300657066677
7648.0 0.000300088616997
7664.0 0.000299509048496
7680.0 0.000298905852502
7696.0 0.000298298486951
7712.0 0.00029770779963
7728.0 0.000297112942751
7744.0 0.000296487509117
7760.0 0.000295903771059
7776.0 0.000295254709932
7792.0 0.000294626496593
7808.0 0.000293953807974
7824.0 0.000293315865667
7840.0 0.000292673753803
7856.0 0.000292021912971
7872.0 0.000291338105531
7888.0 0.000290655687944
7904.0 0.000289957981979
7920.0 0.000289278344096
7936.0 0.000288572299016
7952.0 0.000287867643789
7968.0 0.000287108784313
7984.0 0.00028637355233
8000.0 0.000285610523296
8016.0 0.00028486278264
8032.0 0.000284092804344
8048.0 0.000283286689883
8064.0 0.000282481965274
8080.0 0.000281650833467
8096.0 0.000280821091512
8112.0 0.000279924636637
8128.0 0.000279040690434
8144.0 0.000278058064703
8160.0 0.000277071269413
8176.0 0.000276017761203
8192.0 0.000272608452972
8208.0 0.000183531415114
8224.0 0.000182704452865
