0 1
0.0625 0.750030517578
0.25 0.171905517578
32.0 0.156295776367
80.0 0.0313110351562
96.0 0.0313107967377
112.0 0.0313105583191
128.0 0.0313103199005
144.0 0.0313100814819
160.0 0.0313096046448
176.0 0.0313091278076
192.0 0.0313086509705
208.0 0.0313081741333
224.0 0.0313074588776
240.0 0.0313067436218
256.0 0.0313060283661
272.0 0.0313053131104
288.0 0.031304359436
304.0 0.0313034057617
320.0 0.0313024520874
336.0 0.0313014984131
352.0 0.0313003063202
368.0 0.0312991142273
384.0 0.0312979221344
400.0 0.0312967300415
416.0 0.03129529953
432.0 0.0312938690186
448.0 0.0312924385071
464.0 0.0312910079956
480.0 0.0312893390656
496.0 0.0312876701355
512.0 0.0312860012054
528.0 0.0312843322754
544.0 0.0312823057175
560.0 0.0312802791595
576.0 0.0312782526016
592.0 0.0312762260437
608.0 0.0312740802765
624.0 0.0312718153
640.0 0.0312696695328
656.0 0.0312675237656
672.0 0.0312650203705
688.0 0.0312626361847
704.0 0.0312601327896
720.0 0.0312576293945
736.0 0.0312550067902
752.0 0.0312521457672
768.0 0.0312492847443
784.0 0.0312465429306
800.0 0.0312435626984
816.0 0.0312407016754
832.0 0.0312376022339
848.0 0.0312347412109
864.0 0.0312315225601
880.0 0.0312283039093
896.0 0.0312252044678
912.0 0.0312216281891
928.0 0.0312179327011
944.0 0.031214594841
960.0 0.031210899353
976.0 0.0312075614929
992.0 0.0312037467957
1008.0 0.0312000513077
1024.0 0.031196475029
1040.0 0.0311925411224
1056.0 0.0311881303787
1072.0 0.0311843156815
1088.0 0.0311801433563
1104.0 0.0311763286591
1120.0 0.0311717987061
1136.0 0.0311677455902
1152.0 0.0311630964279
1168.0 0.0311584472656
1184.0 0.0311540365219
1200.0 0.0311495065689
1216.0 0.0311450958252
1232.0 0.0311403274536
1248.0 0.0311352014542
1264.0 0.0311304330826
1280.0 0.0311253070831
1296.0 0.0311204195023
1312.0 0.0311156511307
1328.0 0.0311102867126
1344.0 0.0311049222946
1360.0 0.0310995578766
1376.0 0.0310943126678
1392.0 0.0310889482498
1408.0 0.0310835838318
1424.0 0.0310779809952
1440.0 0.03107213974
1456.0 0.0310665369034
1472.0 0.0310610532761
1488.0 0.0310550928116
1504.0 0.0310490131378
1520.0 0.0310431718826
1536.0 0.0310368537903
1552.0 0.0310311317444
1568.0 0.031024813652
1584.0 0.0310181379318
1600.0 0.0310118198395
1616.0 0.0310055017471
1632.0 0.0309989452362
1648.0 0.0309921503067
1664.0 0.0309855937958
1680.0 0.0309787988663
1696.0 0.0309723615646
1712.0 0.030965089798
1728.0 0.0309584140778
1744.0 0.030951499939
1760.0 0.0309437513351
1776.0 0.0309369564056
1792.0 0.0309294462204
1808.0 0.0309221744537
1824.0 0.0309147834778
1840.0 0.0309075117111
1856.0 0.0308998823166
1872.0 0.0308924913406
1888.0 0.0308846235275
1904.0 0.0308763980865
1920.0 0.0308685302734
1936.0 0.0308607816696
1952.0 0.0308526754379
1968.0 0.0308445692062
1984.0 0.0308364629745
2000.0 0.0308284759521
2016.0 0.030819773674
2032.0 0.0308111906052
2048.0 0.0308030843735
2064.0 0.030794262886
2080.0 0.0307855606079
2096.0 0.0307769775391
2112.0 0.0307681560516
2128.0 0.0307587385178
2144.0 0.0307503938675
2160.0 0.0307409763336
2176.0 0.030731678009
2192.0 0.0307228565216
2208.0 0.0307134389877
2224.0 0.0307039022446
2240.0 0.0306942462921
2256.0 0.0306853055954
2272.0 0.0306752920151
2288.0 0.0306657552719
2304.0 0.0306556224823
2320.0 0.0306460857391
2336.0 0.0306359529495
2352.0 0.0306258201599
2368.0 0.0306154489517
2384.0 0.03060567379
2400.0 0.0305948257446
2416.0 0.0305845737457
2432.0 0.0305744409561
2448.0 0.0305638313293
2464.0 0.0305532217026
2480.0 0.0305424928665
2496.0 0.0305318832397
2512.0 0.0305210351944
2528.0 0.0305103063583
2544.0 0.0304988622665
2560.0 0.0304877758026
2576.0 0.0304763317108
2592.0 0.0304650068283
2608.0 0.0304534435272
2624.0 0.0304423570633
2640.0 0.0304305553436
2656.0 0.0304188728333
2672.0 0.0304073095322
2688.0 0.0303956270218
2704.0 0.0303840637207
2720.0 0.0303713083267
2736.0 0.0303597450256
2752.0 0.0303473472595
2768.0 0.0303345918655
2784.0 0.0303225517273
2800.0 0.0303102731705
2816.0 0.0302975177765
2832.0 0.0302850008011
2848.0 0.0302723646164
2864.0 0.0302592515945
2880.0 0.030246257782
2896.0 0.0302333831787
2912.0 0.0302203893661
2928.0 0.0302069187164
2944.0 0.0301942825317
2960.0 0.030180811882
2976.0 0.030167222023
2992.0 0.0301532745361
3008.0 0.0301401615143
3024.0 0.0301262140274
3040.0 0.0301123857498
3056.0 0.0300980806351
3072.0 0.0300841331482
3088.0 0.0300703048706
3104.0 0.0300561189651
3120.0 0.0300415754318
3136.0 0.0300271511078
3152.0 0.0300123691559
3168.0 0.0299980640411
3184.0 0.0299835205078
3200.0 0.0299687385559
3216.0 0.029953956604
3232.0 0.0299384593964
3248.0 0.0299234390259
3264.0 0.0299080610275
3280.0 0.0298931598663
3296.0 0.0298779010773
3312.0 0.0298619270325
3328.0 0.0298467874527
3344.0 0.0298309326172
3360.0 0.0298150777817
3376.0 0.0297991037369
3392.0 0.0297832489014
3408.0 0.0297673940659
3424.0 0.0297503471375
3440.0 0.0297342538834
3456.0 0.02971804142
3472.0 0.0297018289566
3488.0 0.0296849012375
3504.0 0.0296683311462
3520.0 0.0296514034271
3536.0 0.0296348333359
3552.0 0.0296179056168
3568.0 0.0296002626419
3584.0 0.0295834541321
3600.0 0.0295661687851
3616.0 0.0295480489731
3632.0 0.0295312404633
3648.0 0.0295131206512
3664.0 0.0294953584671
3680.0 0.0294783115387
3696.0 0.0294594764709
3712.0 0.0294418334961
3728.0 0.0294232368469
3744.0 0.0294053554535
3760.0 0.0293867588043
3776.0 0.0293684005737
3792.0 0.029349565506
3808.0 0.0293310880661
3824.0 0.0293121337891
3840.0 0.0292932987213
3856.0 0.029274225235
3872.0 0.0292553901672
3888.0 0.0292357206345
3904.0 0.0292167663574
3920.0 0.0291967391968
3936.0 0.0291771888733
3952.0 0.0291576385498
3968.0 0.0291376113892
3984.0 0.0291177034378
4000.0 0.0290976762772
4016.0 0.0290772914886
4032.0 0.0290561914444
4048.0 0.0290366411209
4064.0 0.0290162563324
4080.0 0.0289951562881
4096.0 0.0289738178253
4112.0 0.0289534330368
4128.0 0.0289326906204
4144.0 0.028911948204
4160.0 0.0288897752762
4176.0 0.0288690328598
4192.0 0.028847694397
4208.0 0.0288257598877
4224.0 0.0288037061691
4240.0 0.0287821292877
4256.0 0.0287600755692
4272.0 0.0287379026413
4288.0 0.028715968132
4304.0 0.0286930799484
4320.0 0.0286717414856
4336.0 0.0286482572556
4352.0 0.0286257266998
4368.0 0.0286028385162
4384.0 0.0285800695419
4400.0 0.0285563468933
4416.0 0.0285332202911
4432.0 0.0285092592239
4448.0 0.0284863710403
4464.0 0.0284622907639
4480.0 0.0284399986267
4496.0 0.0284152030945
4512.0 0.0283920764923
4528.0 0.0283677577972
4544.0 0.0283435583115
4560.0 0.0283185243607
4576.0 0.0282937288284
4592.0 0.0282692909241
4608.0 0.028244137764
4624.0 0.0282192230225
4640.0 0.0281943082809
4656.0 0.0281695127487
4672.0 0.0281436443329
4688.0 0.0281184911728
4704.0 0.0280929803848
4720.0 0.0280673503876
4736.0 0.0280412435532
4752.0 0.0280150175095
4768.0 0.0279884338379
4784.0 0.0279628038406
4800.0 0.0279355049133
4816.0 0.027909040451
4832.0 0.0278825759888
4848.0 0.0278557538986
4864.0 0.0278284549713
4880.0 0.0278012752533
4896.0 0.0277737379074
4912.0 0.0277469158173
4928.0 0.0277193784714
4944.0 0.0276921987534
4960.0 0.0276629924774
4976.0 0.0276354551315
4992.0 0.0276064872742
5008.0 0.0275784730911
5024.0 0.0275502204895
5040.0 0.0275210142136
5056.0 0.0274926424026
5072.0 0.027463555336
5088.0 0.0274343490601
5104.0 0.0274047851562
5120.0 0.0273747444153
5136.0 0.0273462533951
5152.0 0.0273164510727
5168.0 0.027285695076
5184.0 0.0272554159164
5200.0 0.0272257328033
5216.0 0.0271950960159
5232.0 0.0271642208099
5248.0 0.0271334648132
5264.0 0.0271024703979
5280.0 0.0270718336105
5296.0 0.0270404815674
5312.0 0.0270087718964
5328.0 0.0269769430161
5344.0 0.0269460678101
5360.0 0.0269134044647
5376.0 0.0268821716309
5392.0 0.0268497467041
5408.0 0.0268170833588
5424.0 0.0267840623856
5440.0 0.0267515182495
5456.0 0.0267189741135
5472.0 0.0266846418381
5488.0 0.026652097702
5504.0 0.0266184806824
5520.0 0.0265853404999
5536.0 0.0265502929688
5552.0 0.0265175104141
5568.0 0.0264831781387
5584.0 0.0264488458633
5600.0 0.0264139175415
5616.0 0.0263797044754
5632.0 0.0263442993164
5648.0 0.0263090133667
5664.0 0.0262740850449
5680.0 0.0262384414673
5696.0 0.0262031555176
5712.0 0.0261667966843
5728.0 0.0261306762695
5744.0 0.0260939598083
5760.0 0.0260566473007
5776.0 0.026021361351
5792.0 0.0259833335876
5808.0 0.025946855545
5824.0 0.025908946991
5840.0 0.0258717536926
5856.0 0.0258353948593
5872.0 0.025795340538
5888.0 0.0257580280304
5904.0 0.0257197618484
5920.0 0.0256808996201
5936.0 0.0256425142288
5952.0 0.0256031751633
5968.0 0.0255641937256
5984.0 0.0255246162415
6000.0 0.0254844427109
6016.0 0.0254443883896
6032.0 0.0254056453705
6048.0 0.0253643989563
6064.0 0.0253236293793
6080.0 0.0252833366394
6096.0 0.0252422094345
6112.0 0.025200843811
6128.0 0.0251601934433
6144.0 0.0251173973083
6160.0 0.0250762701035
6176.0 0.0250338315964
6192.0 0.024992108345
6208.0 0.0249483585358
6224.0 0.0249066352844
6240.0 0.024863243103
6256.0 0.0248190164566
6272.0 0.0247757434845
6288.0 0.0247328281403
6304.0 0.0246874094009
6320.0 0.0246425867081
6336.0 0.0245990753174
6352.0 0.0245546102524
6368.0 0.0245087146759
6384.0 0.0244632959366
6400.0 0.024417757988
6416.0 0.0243718624115
6432.0 0.0243253707886
6448.0 0.0242781639099
6464.0 0.024231672287
6480.0 0.0241852998734
6496.0 0.0241385698318
6512.0 0.0240896940231
6528.0 0.0240430831909
6544.0 0.0239948034286
6560.0 0.0239459276199
6576.0 0.023897767067
6592.0 0.0238481760025
6608.0 0.0237995386124
6624.0 0.023748755455
6640.0 0.0236988067627
6656.0 0.0236492156982
6672.0 0.023598074913
6688.0 0.023549079895
6704.0 0.023496389389
6720.0 0.0234462022781
6736.0 0.0233942270279
6752.0 0.0233405828476
6768.0 0.0232884883881
6784.0 0.0232352018356
6800.0 0.0231823921204
6816.0 0.0231280326843
6832.0 0.0230752229691
6848.0 0.0230209827423
6864.0 0.0229661464691
6880.0 0.0229115486145
6896.0 0.022857427597
6912.0 0.0228010416031
6928.0 0.0227439403534
6944.0 0.0226883888245
6960.0 0.0226300954819
6976.0 0.0225735902786
6992.0 0.022518157959
7008.0 0.0224590301514
7024.0 0.022399187088
7040.0 0.0223405361176
7056.0 0.0222821235657
7072.0 0.0222237110138
7088.0 0.0221620798111
7104.0 0.022102355957
7120.0 0.0220410823822
7136.0 0.0219792127609
7152.0 0.0219173431396
7168.0 0.0218552350998
7184.0 0.021793961525
7200.0 0.0217307806015
7216.0 0.0216658115387
7232.0 0.0216007232666
7248.0 0.0215364694595
7264.0 0.0214715003967
7280.0 0.021407365799
7296.0 0.0213404893875
7312.0 0.0212761163712
7328.0 0.0212081670761
7344.0 0.0211398601532
7360.0 0.0210725069046
7376.0 0.0210030078888
7392.0 0.0209312438965
7408.0 0.0208609104156
7424.0 0.0207935571671
7440.0 0.0207204818726
7456.0 0.0206499099731
7472.0 0.0205762386322
7488.0 0.0205029249191
7504.0 0.020427942276
7520.0 0.0203540325165
7536.0 0.0202779769897
7552.0 0.0202040672302
7568.0 0.0201276540756
7584.0 0.0200501680374
7600.0 0.019972205162
7616.0 0.0198920965195
7632.0 0.0198125839233
7648.0 0.0197328329086
7664.0 0.0196498632431
7680.0 0.0195686817169
7696.0 0.0194876194
7712.0 0.0194034576416
7728.0 0.0193165540695
7744.0 0.0192302465439
7760.0 0.0191452503204
7776.0 0.019054889679
7792.0 0.0189683437347
7808.0 0.0188755989075
7824.0 0.018785238266
7840.0 0.0186946392059
7856.0 0.0185985565186
7872.0 0.0185029506683
7888.0 0.0184043645859
7904.0 0.0183087587357
7920.0 0.0182095766068
7936.0 0.0181064605713
7952.0 0.0180066823959
7968.0 0.0179017782211
7984.0 0.0177921056747
8000.0 0.0176832675934
8016.0 0.017574429512
8032.0 0.0174623727798
8048.0 0.0173400640488
8064.0 0.0172245502472
8080.0 0.017106294632
8096.0 0.0169807672501
8112.0 0.0168486833572
8128.0 0.01671397686
8144.0 0.0165790319443
8160.0 0.0164316892624
8176.0 0.0162746906281
8192.0 0.0161130428314
8208.0 0.0159568786621
8224.0 0.0156860351562
