0 1
0.0625 0.596784375918
0.125 0.593513559591
0.25 0.225049342024
0.5 0.225029079564
1.0 0.224939978551
2.0 0.224591143179
4.0 0.223254579055
8.0 0.218171754545
16.0 0.199770706469
32.0 0.141746250999
48.0 0.0771303160682
64.0 0.0321422718865
80.0 0.0251903305427
96.0 0.0251669352174
112.0 0.0251424881921
128.0 0.0251158554982
144.0 0.0250881399756
160.0 0.0250597952117
176.0 0.0250292014104
192.0 0.0249978649709
208.0 0.0249648920594
224.0 0.0249310075261
240.0 0.0248954698448
256.0 0.0248583712893
272.0 0.0248216529467
288.0 0.0247837639485
304.0 0.0247425986709
320.0 0.024703129899
336.0 0.0246618612301
352.0 0.0246189505305
368.0 0.0245750781812
384.0 0.0245319506935
400.0 0.0244853034567
416.0 0.0244401003621
432.0 0.0243928416717
448.0 0.024345200545
464.0 0.0242968512438
480.0 0.0242476370138
496.0 0.0241967240546
512.0 0.0241438044159
528.0 0.0240939320395
544.0 0.0240401886062
560.0 0.0239875980407
576.0 0.023931534419
592.0 0.0238781178354
608.0 0.0238227935166
624.0 0.0237650534004
640.0 0.0237067096127
656.0 0.0236494164135
672.0 0.0235914372745
688.0 0.0235323174967
704.0 0.0234732421882
720.0 0.0234122235692
736.0 0.023348629063
752.0 0.0232888055577
768.0 0.0232264350703
784.0 0.0231610184325
800.0 0.0230994550639
816.0 0.0230318460871
832.0 0.0229699636509
848.0 0.0229015164269
864.0 0.0228367223599
880.0 0.0227702273404
896.0 0.0227004126838
912.0 0.0226325013154
928.0 0.0225655082391
944.0 0.0224960259909
960.0 0.0224256621379
976.0 0.0223535639802
992.0 0.0222820072368
1008.0 0.0222089752227
1024.0 0.022136827037
1040.0 0.0220635571119
1056.0 0.0219914545073
1072.0 0.021917888861
1088.0 0.0218447390031
1104.0 0.0217699337737
1120.0 0.0216923736681
1136.0 0.0216153772114
1152.0 0.0215364229916
1168.0 0.0214593642779
1184.0 0.0213846679984
1200.0 0.0213053746998
1216.0 0.0212232898377
1232.0 0.0211481066188
1248.0 0.021067252446
1264.0 0.020985213165
1280.0 0.0209066847392
1296.0 0.0208203197022
1312.0 0.0207437279166
1328.0 0.0206573161868
1344.0 0.0205787910962
1360.0 0.0204904816368
1376.0 0.0204119543228
1392.0 0.0203221896039
1408.0 0.0202423615614
1424.0 0.0201557997475
1440.0 0.0200681751161
1456.0 0.0199856400019
1472.0 0.0198968658378
1488.0 0.0198084396463
1504.0 0.0197234587178
1520.0 0.0196347079001
1536.0 0.0195407930792
1552.0 0.0194569561247
1568.0 0.0193689913028
1584.0 0.0192769052838
1600.0 0.0191816975165
1616.0 0.0190929600396
1632.0 0.0190042959371
1648.0 0.0189132371602
1664.0 0.01881977815
1680.0 0.0187264625535
1696.0 0.0186306933606
1712.0 0.0185357134987
1728.0 0.0184415351968
1744.0 0.0183486320535
1760.0 0.0182550885516
1776.0 0.0181604110813
1792.0 0.0180653200459
1808.0 0.0179691661932
1824.0 0.0178723430767
1840.0 0.0177753854404
1856.0 0.0176774661544
1872.0 0.0175786641518
1888.0 0.0174795386347
1904.0 0.017379187987
1920.0 0.0172783092657
1936.0 0.0171794761346
1952.0 0.0170816113235
1968.0 0.0169841345076
1984.0 0.0168842919222
2000.0 0.0167831341557
2016.0 0.0166810280804
2032.0 0.0165762093747
2048.0 0.0164704868295
2064.0 0.0163705775401
2080.0 0.0162705459599
2096.0 0.0161671469382
2112.0 0.0160612932084
2128.0 0.0159526501386
2144.0 0.0158506174377
2160.0 0.0157494007494
2176.0 0.0156420528494
2192.0 0.0155302257741
2208.0 0.0154290880188
2224.0 0.0153246228445
2240.0 0.0152138574749
2256.0 0.0151042505319
2272.0 0.0150017464559
2288.0 0.0148916703613
2304.0 0.0147781868027
2320.0 0.0146757972352
2336.0 0.0145642191883
2352.0 0.0144510335743
2368.0 0.0143466640091
2384.0 0.0142310503686
2400.0 0.0141228342045
2416.0 0.0140133384349
2432.0 0.0138947264484
2448.0 0.0137904624979
2464.0 0.0136723974845
2480.0 0.013562412552
2496.0 0.0134502074872
2512.0 0.0133338189683
2528.0 0.0132239352036
2544.0 0.0131031408838
2560.0 0.0129961020458
2576.0 0.01287330327
2592.0 0.0127661943928
2608.0 0.0126430665438
2624.0 0.0125340743896
2640.0 0.0124109176355
2656.0 0.0123014318715
2672.0 0.0121764096282
2688.0 0.0120671395405
2704.0 0.0119413935586
2720.0 0.0118302046184
2736.0 0.0117066709867
2752.0 0.0115911840838
2768.0 0.0114726932764
2784.0 0.0113482457994
2800.0 0.0112354804208
2816.0 0.011107566558
2832.0 0.0109936872222
2848.0 0.0108707739378
2864.0 0.0107471702668
2880.0 0.0106307495076
2896.0 0.0105004620932
2912.0 0.0103854043196
2928.0 0.010262867913
2944.0 0.0101331708293
2960.0 0.0100179718655
2976.0 0.00989168446917
2992.0 0.00976206631853
3008.0 0.00964684734352
3024.0 0.00951895238019
3040.0 0.0093889573518
3056.0 0.00927111579686
3072.0 0.00914426586327
3088.0 0.00901255320622
3104.0 0.00889249040722
3120.0 0.0087678328126
3136.0 0.00863266822223
3152.0 0.00850839973443
3168.0 0.00838588778597
3184.0 0.00825584939996
3200.0 0.0081222857062
3216.0 0.00799854862713
3232.0 0.00787380431728
3248.0 0.00774076758532
3264.0 0.00760656464465
3280.0 0.00748085646163
3296.0 0.00735514383168
3312.0 0.00722254512282
3328.0 0.00708489691923
3344.0 0.00695522762883
3360.0 0.00683045330217
3376.0 0.00670005582616
3392.0 0.00656391291008
3408.0 0.00642760101047
3424.0 0.00629527801158
3440.0 0.00616838805558
3456.0 0.00603658090116
3472.0 0.00590228457485
3488.0 0.00576309662001
3504.0 0.00562713158133
3520.0 0.00549475299576
3536.0 0.00536489693409
3552.0 0.00523171567674
3568.0 0.00509505135753
3584.0 0.00495731643871
3600.0 0.00481557483142
3616.0 0.00467988661445
3632.0 0.00454392379924
3648.0 0.00441189318634
3664.0 0.00427735783727
3680.0 0.00414048340038
3696.0 0.00400126654046
3712.0 0.00386235763079
3728.0 0.00372065048725
3744.0 0.00357820959943
3760.0 0.00343942409221
3776.0 0.00330044514331
3792.0 0.00316223329071
3808.0 0.00302533217221
3824.0 0.00288796190206
3840.0 0.00274892069607
3856.0 0.0026089511924
3872.0 0.00246782659734
3888.0 0.00232737015428
3904.0 0.00218481698135
3920.0 0.00204196030511
3936.0 0.00189820201278
3952.0 0.00175597902478
3968.0 0.00161178604455
3984.0 0.0014673451477
4000.0 0.0013221782887
4016.0 0.00117912372385
4032.0 0.00103358999271
4048.0 0.000888383111298
4064.0 0.000742628145142
4080.0 0.000599166685731
4096.0 0.000452273304207
4112.0 0.000291468798161
4128.0 0.00014554040154
4144.0 7.37112833966e-05
