0 1
0.0625 0.999999666409
0.125 0.800311983411
0.25 0.424991739464
0.5 0.424988308992
1.0 0.424973441874
2.0 0.424906445276
4.0 0.424656990285
8.0 0.423675739646
16.0 0.419785784949
32.0 0.404273033328
48.0 0.37822989591
64.0 0.342052844686
80.0 0.295158768221
96.0 0.238308909348
112.0 0.170572107015
128.0 0.09304890399
144.0 0.0500406897815
160.0 0.0500398338388
176.0 0.0500388822122
192.0 0.050037835274
208.0 0.0500366930242
224.0 0.0500354554629
240.0 0.0500341225899
256.0 0.0500326944054
272.0 0.0500311828232
288.0 0.0500295651324
304.0 0.0500278577147
320.0 0.0500260430715
336.0 0.0500241390737
352.0 0.0500221468382
368.0 0.0500200451433
384.0 0.0500178634015
400.0 0.0500155703388
416.0 0.0500132169617
432.0 0.0500107332759
448.0 0.0500081721493
464.0 0.0500055164558
480.0 0.0500027356659
496.0 0.0499998900938
512.0 0.0499969276162
528.0 0.0499939040795
544.0 0.0499907628926
560.0 0.0499875386804
576.0 0.0499841942118
592.0 0.0499807924073
608.0 0.0499772703464
624.0 0.0499736254229
640.0 0.0499699406621
656.0 0.0499661036262
672.0 0.0499622598887
688.0 0.0499582311127
704.0 0.0499541684563
720.0 0.0499499483125
736.0 0.0499456965223
752.0 0.0499412838938
768.0 0.0499368429696
784.0 0.0499322735982
800.0 0.049927644657
816.0 0.049922885407
832.0 0.0499180490887
848.0 0.0499130802277
864.0 0.0499080532863
880.0 0.0499028941744
896.0 0.0498976773544
912.0 0.0498923678289
928.0 0.0498869622473
944.0 0.0498814620987
960.0 0.0498757597852
976.0 0.0498700913521
992.0 0.0498642389974
1008.0 0.0498583818026
1024.0 0.0498523369632
1040.0 0.0498463140901
1056.0 0.0498401020831
1072.0 0.0498338673651
1088.0 0.0498274394178
1104.0 0.0498210401384
1120.0 0.0498143951339
1136.0 0.0498078074652
1152.0 0.0498009696036
1168.0 0.0497941942902
1184.0 0.0497872171843
1200.0 0.0497802538539
1216.0 0.0497730861249
1232.0 0.0497658789309
1248.0 0.0497585198341
1264.0 0.0497511510572
1280.0 0.0497435722969
1296.0 0.0497360151307
1312.0 0.0497283038278
1328.0 0.0497205578999
1344.0 0.0497125956595
1360.0 0.0497046602254
1376.0 0.0496965058725
1392.0 0.0496883816768
1408.0 0.0496800348392
1424.0 0.049671754273
1440.0 0.049663248831
1456.0 0.0496547798754
1472.0 0.0496460841825
1488.0 0.0496373598217
1504.0 0.0496284723887
1520.0 0.0496195581493
1536.0 0.0496104793485
1552.0 0.0496014113448
1568.0 0.0495921772903
1584.0 0.0495828844108
1600.0 0.0495734236191
1616.0 0.0495639773474
1632.0 0.0495542883291
1648.0 0.0495446529236
1664.0 0.0495347717929
1680.0 0.049524947998
1696.0 0.0495149521955
1712.0 0.0495049396391
1728.0 0.049494753958
1744.0 0.0494844714762
1760.0 0.0494740966612
1776.0 0.0494636641381
1792.0 0.0494530581181
1808.0 0.0494424368333
1824.0 0.0494317224708
1840.0 0.0494209109352
1856.0 0.0494099218073
1872.0 0.0493986210552
1888.0 0.0493878270182
1904.0 0.0493762451714
1920.0 0.0493652664682
1936.0 0.0493534884135
1952.0 0.049342327278
1968.0 0.0493307569728
1984.0 0.0493190932176
2000.0 0.049306922375
2016.0 0.0492952999463
2032.0 0.0492833964229
2048.0 0.0492712144109
2064.0 0.0492591239874
2080.0 0.0492468436854
2096.0 0.049234564128
2112.0 0.0492219971466
2128.0 0.0492095284552
2144.0 0.0491967693614
2160.0 0.0491841115361
2176.0 0.0491711603299
2192.0 0.0491583141153
2208.0 0.0491452720653
2224.0 0.0491322367168
2240.0 0.0491189020303
2256.0 0.0491056779202
2272.0 0.049092150749
2288.0 0.0490787371327
2304.0 0.0490650182214
2320.0 0.0490514694562
2336.0 0.0490376124176
2352.0 0.0490238212781
2368.0 0.0490097188866
2384.0 0.0489957389854
2400.0 0.0489814441092
2416.0 0.0489672750741
2432.0 0.0489527880855
2448.0 0.0489384865077
2464.0 0.0489238647425
2480.0 0.0489093181842
2496.0 0.0488944477154
2512.0 0.048879769359
2528.0 0.0488646494418
2544.0 0.0488497830684
2560.0 0.048834469922
2576.0 0.0488194155316
2592.0 0.0488040290399
2608.0 0.0487887866325
2624.0 0.0487730885166
2640.0 0.0487576577199
2656.0 0.048741766747
2672.0 0.048726147561
2688.0 0.048710063731
2704.0 0.0486942569004
2720.0 0.0486781053098
2736.0 0.0486621100898
2752.0 0.0486456412904
2768.0 0.0486294576811
2784.0 0.0486127960247
2800.0 0.0485964240261
2816.0 0.0485795695126
2832.0 0.0485630750237
2848.0 0.0485460935522
2864.0 0.0485293455197
2880.0 0.0485121060367
2896.0 0.0484951699871
2912.0 0.0484777372749
2928.0 0.048460612836
2944.0 0.0484429872667
2960.0 0.0484257429437
2976.0 0.0484079937671
2992.0 0.0483904932943
3008.0 0.0483724827555
3024.0 0.0483548635155
3040.0 0.0483365904975
3056.0 0.0483187836128
3072.0 0.0483003169932
3088.0 0.0482823228361
3104.0 0.0482638059546
3120.0 0.0482456245251
3136.0 0.0482267714468
3152.0 0.0482084023727
3168.0 0.0481893556927
3184.0 0.0481707989739
3200.0 0.0481515586923
3216.0 0.0481328150734
3232.0 0.0481135301145
3248.0 0.0480945988509
3264.0 0.0480749721106
3280.0 0.0480558532024
3296.0 0.0480360328604
3312.0 0.0480167263075
3328.0 0.0479967119916
3344.0 0.0479772185386
3360.0 0.0479571658746
3376.0 0.0479374851493
3392.0 0.0479170843747
3408.0 0.0478972156323
3424.0 0.0478766216283
3440.0 0.0478565652413
3456.0 0.0478356179143
3472.0 0.0478155343486
3488.0 0.047794552769
3504.0 0.0477742026286
3520.0 0.0477529462836
3536.0 0.0477324092432
3552.0 0.0477109585519
3568.0 0.0476902346115
3584.0 0.0476685892016
3600.0 0.047647762131
3616.0 0.0476260065171
3632.0 0.0476049095212
3648.0 0.0475828765357
3664.0 0.047561593012
3680.0 0.0475393653079
3696.0 0.0475178948841
3712.0 0.0474953011984
3728.0 0.0474738158822
3744.0 0.0474511994856
3760.0 0.0474295287586
3776.0 0.0474065445188
3792.0 0.0473846883809
3808.0 0.0473615083056
3824.0 0.0473394667569
3840.0 0.0473160904738
3856.0 0.0472938642589
3872.0 0.0472704712218
3888.0 0.0472480599684
3904.0 0.0472242927589
3920.0 0.0472016957224
3936.0 0.0471777330496
3952.0 0.0471549506023
3968.0 0.0471306085447
3984.0 0.0471078249805
4000.0 0.0470834702643
4016.0 0.0470604104454
4032.0 0.047035766816
4048.0 0.0470125223309
4064.0 0.0469876821214
4080.0 0.0469642529701
4096.0 0.0469371926708
4112.0 0.0469157241086
4128.0 0.0468884858447
4144.0 0.0468669592019
4160.0 0.0468393925598
4176.0 0.0468177169928
4192.0 0.046790117215
4208.0 0.0467675261355
4224.0 0.0467399561426
4240.0 0.0467162455243
4256.0 0.0466894357902
4272.0 0.0466663082107
4288.0 0.0466383368667
4304.0 0.0466160481036
4320.0 0.0465874133016
4336.0 0.0465650672026
4352.0 0.0465364368684
4368.0 0.0465126030151
4384.0 0.0464843583949
4400.0 0.0464603387586
4416.0 0.0464315944972
4432.0 0.046408777425
4448.0 0.0463792442368
4464.0 0.0463563240345
4480.0 0.0463264710313
4496.0 0.0463016468311
4512.0 0.0462726497706
4528.0 0.0462492872629
4544.0 0.0462190798198
4560.0 0.046195498021
4576.0 0.046165072776
4592.0 0.0461400527403
4608.0 0.0461099391195
4624.0 0.0460865144359
4640.0 0.0460555050351
4656.0 0.0460299525949
4672.0 0.0459999845476
4688.0 0.0459757761496
4704.0 0.0459444871434
4720.0 0.0459190780428
4736.0 0.0458882767638
4752.0 0.0458634592652
4768.0 0.0458319636264
4784.0 0.0458067172257
4800.0 0.0457751508479
4816.0 0.0457499037025
4832.0 0.0457178804992
4848.0 0.0456917230538
4864.0 0.0456601242849
4880.0 0.0456350982922
4896.0 0.0456023066392
4912.0 0.0455756852945
4928.0 0.0455436773559
4944.0 0.0455187701304
4960.0 0.045485498941
4976.0 0.0454586262864
4992.0 0.0454258755876
5008.0 0.0453999117439
5024.0 0.0453666978903
5040.0 0.0453408152104
5056.0 0.0453070942694
5072.0 0.0452795239042
5088.0 0.0452461897943
5104.0 0.0452199761299
5120.0 0.0451857886835
5136.0 0.0451596029424
5152.0 0.0451253618832
5168.0 0.0450974497366
5184.0 0.0450633441985
5200.0 0.0450354324243
5216.0 0.0450013116214
5232.0 0.0449752584231
5248.0 0.0449395940194
5264.0 0.0449125102645
5280.0 0.0448774050717
5296.0 0.0448490476413
5312.0 0.0448140258461
5328.0 0.044785454337
5344.0 0.0447503621751
5360.0 0.0447226957537
5376.0 0.0446867647754
5392.0 0.0446598906315
5408.0 0.0446231923205
5424.0 0.0445956591864
5440.0 0.044558883807
5456.0 0.0445305085057
5472.0 0.0444940015624
5488.0 0.0444650223728
5504.0 0.0444286889265
5520.0 0.0443994662456
5536.0 0.0443628457475
5552.0 0.0443336360975
5568.0 0.04429689162
5584.0 0.0442673386993
5600.0 0.0442304162571
5616.0 0.044200727443
5632.0 0.0441635272569
5648.0 0.044133906948
5664.0 0.0440965876225
5680.0 0.0440667294069
5696.0 0.0440290597368
5712.0 0.0439990548308
5728.0 0.0439611833681
5744.0 0.0439310224638
5760.0 0.0438928646942
5776.0 0.0438627849536
5792.0 0.0438243956066
5808.0 0.0437942399147
5824.0 0.0437557466929
5840.0 0.0437252287424
5856.0 0.043686607818
5872.0 0.0436559569526
5888.0 0.043616438759
5904.0 0.0435866747381
5920.0 0.0435464588339
5936.0 0.0435168839469
5952.0 0.043475602489
5968.0 0.0434452438876
5984.0 0.0434042986264
6000.0 0.0433730870607
6016.0 0.0433330390687
6032.0 0.0433020918439
6048.0 0.0432621287387
6064.0 0.0432309320656
6080.0 0.0431898959605
6096.0 0.0431595913442
6112.0 0.0431171434363
6128.0 0.0430857371521
6144.0 0.0430439236619
6160.0 0.0430124671157
6176.0 0.0429715870089
6192.0 0.0429399457965
6208.0 0.0428978508393
6224.0 0.042866766604
6240.0 0.0428233037767
6256.0 0.0427911338828
6272.0 0.0427492935863
6288.0 0.0427174047872
6304.0 0.0426759699372
6320.0 0.0426389034107
6336.0 0.0426048406884
6352.0 0.0425619549428
6368.0 0.0425298338217
6384.0 0.0424855958431
6400.0 0.0424532196891
6416.0 0.0424103168173
6432.0 0.0423785114158
6448.0 0.0423334688734
6464.0 0.0423004125073
6480.0 0.0422571220599
6496.0 0.0422243858812
6512.0 0.0421794245026
6528.0 0.0421459827948
6544.0 0.0421022712638
6560.0 0.0420693116986
6576.0 0.0420240703421
6592.0 0.0419903881215
6608.0 0.0419460637668
6624.0 0.0419127099244
6640.0 0.0418667857498
6656.0 0.0418328957797
6672.0 0.0417882694808
6688.0 0.041755115197
6704.0 0.0417081671675
6720.0 0.0416743888907
6736.0 0.0416286601793
6752.0 0.0415949321645
6768.0 0.04154776745
6784.0 0.0415142881389
6800.0 0.0414676755614
6816.0 0.0414330409696
6832.0 0.0413871495584
6848.0 0.0413531043347
6864.0 0.0413048502386
6880.0 0.0412708560215
6896.0 0.0412233368671
6912.0 0.0411882618315
6928.0 0.0411417624365
6944.0 0.0411072313471
6960.0 0.0410584653236
6976.0 0.0410243445208
6992.0 0.0409757438033
7008.0 0.0409408050335
7024.0 0.0408925364172
7040.0 0.0408569799837
7056.0 0.040809703576
7072.0 0.0407742971837
7088.0 0.0407251893788
7104.0 0.0406894754577
7120.0 0.040644940375
7136.0 0.0405986751636
7152.0 0.0405624686753
7168.0 0.040513068234
7184.0 0.0404768312161
7200.0 0.0404279118005
7216.0 0.0403915817049
7232.0 0.0403428581248
7248.0 0.0403060607791
7264.0 0.0402562839315
7280.0 0.0402201783394
7296.0 0.0401689539471
7312.0 0.0401337180732
7328.0 0.0400819802643
7344.0 0.0400467313595
7360.0 0.0399946648
7376.0 0.039959088634
7392.0 0.0399069062858
7408.0 0.0398712068849
7424.0 0.0398189117265
7440.0 0.0397830544657
7456.0 0.0397307056946
7472.0 0.039694603081
7488.0 0.0396418216846
7504.0 0.0396056617351
7520.0 0.0395524827107
7536.0 0.0395163328136
7552.0 0.0394627706813
7568.0 0.0394267864626
7584.0 0.0393729875406
7600.0 0.0393369191795
7616.0 0.0392826671552
7632.0 0.039246403331
7648.0 0.0391922455013
7664.0 0.0391551424883
7680.0 0.0391019537838
7696.0 0.0390635264611
7712.0 0.0390109989807
7728.0 0.0389714383437
7744.0 0.0389182675101
7760.0 0.0388792426284
7776.0 0.0388252244153
7792.0 0.0387875536283
7808.0 0.0387324940616
7824.0 0.0386956952266
7840.0 0.0386396832888
7856.0 0.0386025892113
7872.0 0.0385475102845
7888.0 0.0385080457036
7904.0 0.0384533528632
7920.0 0.0384135826151
7936.0 0.0383582780679
7952.0 0.0383206314811
7968.0 0.0382638641244
7984.0 0.0382263154554
8000.0 0.0381703705334
8016.0 0.0381299338489
8032.0 0.0380738660644
8048.0 0.0380348828815
8064.0 0.0379776802934
8080.0 0.0379401271566
8096.0 0.0378832015678
8112.0 0.0378427712126
8128.0 0.03778584823
8144.0 0.0377466911779
8160.0 0.0376885753113
8176.0 0.0376502019736
8192.0 0.0375928441319
8208.0 0.037551584268
8224.0 0.0374939955935
8240.0 0.0374556408714
8256.0 0.0373968660145
8272.0 0.0373561724354
8288.0 0.0372976366021
8304.0 0.0372585219935
8320.0 0.0371993331269
8336.0 0.0371591965249
8352.0 0.0371004808654
8368.0 0.0370604734553
8384.0 0.0370007387809
8400.0 0.0369605158028
8416.0 0.0369008068179
8432.0 0.036860879827
8448.0 0.0368007776818
8464.0 0.036759775457
8480.0 0.0366997500078
8496.0 0.036660273513
8512.0 0.0365998664452
8528.0 0.0365576985151
8544.0 0.0364971819879
8560.0 0.036457304142
8576.0 0.0363965612498
8592.0 0.0363549037578
8608.0 0.0362940625755
8624.0 0.036252663095
8640.0 0.0361907165218
8656.0 0.036150923935
8672.0 0.0360892443086
8688.0 0.0360467599142
8704.0 0.0359849492344
8720.0 0.035943559434
8736.0 0.0358809870061
8752.0 0.0358407725912
8768.0 0.0357782161727
8784.0 0.0357360110114
8800.0 0.0356735070888
8816.0 0.0356305502319
8832.0 0.0355677804792
8848.0 0.0355264342392
8864.0 0.0354627195616
8880.0 0.0354216335668
8896.0 0.0353581586574
8912.0 0.0353156552751
8928.0 0.0352522544556
8944.0 0.035208883589
8960.0 0.0351455449453
8976.0 0.0351021658879
8992.0 0.0350384791335
9008.0 0.0349961265372
9024.0 0.034930674657
9040.0 0.0348892345946
9056.0 0.0348235980482
9072.0 0.0347816870126
9088.0 0.0347162749696
9104.0 0.0346737272824
9120.0 0.0346091175694
9136.0 0.034561985246
9152.0 0.0344999478288
9168.0 0.0344566830708
9184.0 0.0343908581351
9200.0 0.0343473193563
9216.0 0.0342813529425
9232.0 0.0342377791664
9248.0 0.0341719750801
9264.0 0.0341280543104
9280.0 0.0340616813331
9296.0 0.0340176983874
9312.0 0.0339510897373
9328.0 0.0339070662097
9344.0 0.0338400100419
9360.0 0.0337962396857
9376.0 0.0337291205974
9392.0 0.0336851484487
9408.0 0.0336172694739
9424.0 0.0335731971736
9440.0 0.03350500583
9456.0 0.0334609022556
9472.0 0.0333930616288
9488.0 0.0333436064578
9504.0 0.0332795440418
9520.0 0.0332356106134
9536.0 0.0331660789506
9552.0 0.0331218968186
9568.0 0.0330529310683
9584.0 0.0330079756466
9600.0 0.0329390754231
9616.0 0.032894171008
9632.0 0.0328250194745
9648.0 0.0327799717197
9664.0 0.0327097512818
9680.0 0.0326649794094
9696.0 0.0325945348403
9712.0 0.0325494148572
9728.0 0.0324795406683
9744.0 0.0324339202994
9760.0 0.0323638763368
9776.0 0.0323182384693
9792.0 0.0322471334207
9808.0 0.0322017137273
9824.0 0.0321309824788
9840.0 0.032084790985
9856.0 0.0320138091713
9872.0 0.0319676489516
9888.0 0.0318964653454
9904.0 0.0318503550154
9920.0 0.0317791997048
9936.0 0.0317324586802
9952.0 0.0316605438554
9968.0 0.0316140943502
9984.0 0.0315415305875
10000.0 0.031495644761
10016.0 0.031423583618
10032.0 0.031376799033
10048.0 0.0313038357808
10064.0 0.0312573308012
10080.0 0.0311845283873
10096.0 0.0311374910032
10112.0 0.031063940989
10128.0 0.0310174751021
10144.0 0.0309442828787
10160.0 0.0308971970942
10176.0 0.0308229374555
10192.0 0.0307762664253
10208.0 0.0307020965135
10224.0 0.0306548279243
10240.0 0.030579882489
10256.0 0.0305333160782
10272.0 0.0304587310398
10288.0 0.0304115194142
10304.0 0.0303357150577
10320.0 0.0302889111124
10336.0 0.0302131920151
10352.0 0.0301661509079
10368.0 0.0300899325417
10384.0 0.0300429379733
10400.0 0.0299667002469
10416.0 0.0299196729152
10432.0 0.0298432188762
10448.0 0.0297956174411
10464.0 0.0297180885406
10480.0 0.0296711494465
10496.0 0.0295936715526
10512.0 0.0295466256053
10528.0 0.0294694306677
10544.0 0.0294218202971
10560.0 0.0293436640528
10576.0 0.0292961690986
10592.0 0.0292174983206
10608.0 0.0291701973404
10624.0 0.0290922965013
10640.0 0.0290388918565
10656.0 0.0289657033562
10672.0 0.0289178751838
10688.0 0.0288385268
10704.0 0.0287906800121
10720.0 0.0287105412123
10736.0 0.0286631166249
10752.0 0.0285829450617
10768.0 0.0285355439299
10784.0 0.0284569811221
10800.0 0.0284008656818
10816.0 0.0283424865913
10832.0 0.0282628463158
10848.0 0.0282148829945
10864.0 0.0281339295786
10880.0 0.028085595808
10896.0 0.0280044744798
10912.0 0.027956491426
10928.0 0.0278745108044
10944.0 0.0278266051913
10960.0 0.0277439532931
10976.0 0.027696174638
10992.0 0.0276132375496
11008.0 0.0275654302266
11024.0 0.0274824019221
11040.0 0.0274348459089
11056.0 0.0273513246648
11072.0 0.0273034983539
11088.0 0.0272195050197
11104.0 0.0271716239791
11120.0 0.0270874120983
11136.0 0.0270393404345
11152.0 0.0269551680187
11168.0 0.0269072501194
11184.0 0.0268228282552
11200.0 0.0267743980561
11216.0 0.0266898901882
11232.0 0.0266411111338
11248.0 0.0265563530729
11264.0 0.0265074757284
11280.0 0.0264221837738
11296.0 0.0263737472454
11312.0 0.026287710669
11328.0 0.0262391877644
11344.0 0.0261527606339
11360.0 0.0261041554487
11376.0 0.0260175313657
11392.0 0.0259689533592
11408.0 0.0258822105091
11424.0 0.025833884557
11440.0 0.0257472463262
11456.0 0.025698214845
11472.0 0.0256102843232
11488.0 0.0255614646868
11504.0 0.0254734403427
11520.0 0.0254244464649
11536.0 0.0253363953143
11552.0 0.025287918204
11568.0 0.0251999750236
11584.0 0.0251505619237
11600.0 0.0250615911653
11616.0 0.0250123113528
11632.0 0.0249231488542
11648.0 0.0248741266808
11664.0 0.0247853901059
11680.0 0.0247361758201
11696.0 0.0246461387633
11712.0 0.024596837729
11728.0 0.0245065374484
11744.0 0.0244574869794
11760.0 0.0243671829757
11776.0 0.0243176008467
11792.0 0.0242270313853
11808.0 0.0241777694437
11824.0 0.024087051058
11840.0 0.0240376092902
11856.0 0.0239459485857
11872.0 0.0238962409879
11888.0 0.0238045169906
11904.0 0.0237550893706
11920.0 0.0236631587407
11936.0 0.0236135505499
11952.0 0.0235211675623
11968.0 0.0234717700995
11984.0 0.0233789842715
12000.0 0.0233290238746
12016.0 0.02323600982
12032.0 0.0231863926938
12048.0 0.0230932844446
12064.0 0.0230434171255
12080.0 0.0229500437909
12096.0 0.0229000305259
12112.0 0.0228057673683
12128.0 0.0227559197817
12144.0 0.0226615538663
12160.0 0.0226111288255
12176.0 0.0225167565808
12192.0 0.0224669938811
12208.0 0.0223723524556
12224.0 0.0223218451341
12240.0 0.0222271798808
12256.0 0.0221760139413
12272.0 0.022080376212
12288.0 0.0220302706139
12304.0 0.0219349683367
12320.0 0.021884657223
12336.0 0.0217886330349
12352.0 0.0217377753689
12368.0 0.0216414093995
12384.0 0.0215908365512
12400.0 0.0214936734642
12416.0 0.0214434885639
12432.0 0.0213466948093
12448.0 0.0212962887563
12464.0 0.0211987392106
12480.0 0.0211480159488
12496.0 0.0210503494975
12512.0 0.0209992021735
12528.0 0.020900858861
12544.0 0.0208501903289
12560.0 0.0207517896805
12576.0 0.0207013728305
12592.0 0.0206026114129
12608.0 0.0205519298499
12624.0 0.0204529066978
12640.0 0.0204018468669
12656.0 0.0203025567678
12672.0 0.0202512091406
12688.0 0.0201521282803
12704.0 0.0201007348589
12720.0 0.020001165899
12736.0 0.0199494347916
12752.0 0.019849661433
12768.0 0.0197976514648
12784.0 0.0196987534091
12800.0 0.0196383344273
12816.0 0.019545691939
12832.0 0.0194934083223
12848.0 0.0193932216986
12864.0 0.019340787296
12880.0 0.0192401892688
12896.0 0.0191877530046
12912.0 0.0190866728348
12928.0 0.0190343054482
12944.0 0.0189332390539
12960.0 0.0188810935645
12976.0 0.0187790573004
12992.0 0.0187269557437
13008.0 0.0186242612339
13024.0 0.0185720349531
13040.0 0.0184687153334
13056.0 0.018416563887
13072.0 0.0183131616143
13088.0 0.0182613992328
13104.0 0.0181576484771
13120.0 0.0181056433489
13136.0 0.0180019722677
13152.0 0.0179497679532
13168.0 0.0178461158599
13184.0 0.0177936862973
13200.0 0.0176892482557
13216.0 0.0176371690377
13232.0 0.01753157162
13248.0 0.0174792835355
13264.0 0.0173735327258
13280.0 0.0173216057829
13296.0 0.0172163791869
13312.0 0.017164037862
13328.0 0.0170582643412
13344.0 0.0170060745469
13360.0 0.0168988155057
13376.0 0.0168467038966
13392.0 0.0167440831045
13408.0 0.0166753660578
13424.0 0.0166076631861
13440.0 0.0165005661002
13456.0 0.0164484433218
13472.0 0.0163415305298
13488.0 0.0162887923214
13504.0 0.0161799282481
13520.0 0.0161273270502
13536.0 0.0160199846115
13552.0 0.0159671622609
13568.0 0.0158581470294
13584.0 0.0158051537881
13600.0 0.0156971840055
13616.0 0.0156440686463
13632.0 0.0155429977843
13648.0 0.0154637130657
13664.0 0.0154016726701
13680.0 0.0152909206083
13696.0 0.0152373391158
13712.0 0.0151297755244
13728.0 0.0150753675018
13744.0 0.014965318363
13760.0 0.0149112841405
13776.0 0.0148033504721
13792.0 0.0147477782333
13808.0 0.0146372745029
13824.0 0.0145831777322
13840.0 0.0144740355427
13856.0 0.0144188188608
13872.0 0.0143090534229
13888.0 0.0142541829902
13904.0 0.0141435340585
13920.0 0.0140881315935
13936.0 0.0139789354189
13952.0 0.013922697116
13968.0 0.013811938725
13984.0 0.0137569443127
14000.0 0.0136464547301
14016.0 0.0135899249078
14032.0 0.0134804521062
14048.0 0.0134232357426
14064.0 0.0133125842048
14080.0 0.0132560793273
14096.0 0.0131448577815
14112.0 0.0130884735328
14128.0 0.0129784772621
14144.0 0.012920124978
14160.0 0.0128131779334
14176.0 0.0127407537874
14192.0 0.0126678471265
14208.0 0.0125553690314
14224.0 0.0124986984756
14240.0 0.0123874058185
14256.0 0.012329497329
14272.0 0.0122186454879
14288.0 0.012159239564
14304.0 0.0120495109849
14320.0 0.0119889557373
14336.0 0.0118784542408
14352.0 0.0118185516542
14368.0 0.0117080322867
14384.0 0.0116480373671
14400.0 0.011536433458
14416.0 0.0114766585741
14432.0 0.0113648480325
14448.0 0.0113048415712
14464.0 0.0111927011621
14480.0 0.0111328830901
14496.0 0.0110212758303
14512.0 0.010960799885
14528.0 0.0108486639436
14544.0 0.0107878424938
14560.0 0.010675709531
14576.0 0.0106144826347
14592.0 0.0105021195837
14608.0 0.0104410490579
14624.0 0.0103292009129
14640.0 0.0102674203903
14656.0 0.0101549668678
14672.0 0.0100929093459
14688.0 0.00998034934245
14704.0 0.00991817305336
14720.0 0.00980541646981
14736.0 0.00974315492152
14752.0 0.00963106589138
14768.0 0.00956785234417
14784.0 0.00945596547883
14800.0 0.00939174445839
14816.0 0.00928065359371
14832.0 0.00921532569303
14848.0 0.00910383310491
14864.0 0.00903943337525
14880.0 0.00892724307654
14896.0 0.00886315162029
14912.0 0.00874917571861
14928.0 0.00868546737025
14944.0 0.00857177256328
14960.0 0.00850744394499
14976.0 0.00839572015182
14992.0 0.00832901842399
15008.0 0.00821719447919
15024.0 0.00815150580926
15040.0 0.00803883709108
15056.0 0.00797261527198
15072.0 0.00785844688557
15088.0 0.00779278092661
15104.0 0.00768026671744
15120.0 0.0076131915618
15136.0 0.00750006341199
15152.0 0.00743420534061
15168.0 0.00731887906737
15184.0 0.00725279723716
15200.0 0.00713857672723
15216.0 0.00707258611318
15232.0 0.00695704687812
15248.0 0.006891632229
15264.0 0.00677642658449
15280.0 0.00671022077475
15296.0 0.00659546599871
15312.0 0.00652823372788
15328.0 0.00641335236614
15344.0 0.00634568709776
15360.0 0.00623137388242
15376.0 0.00616265050652
15392.0 0.00604965378245
15408.0 0.00597952120988
15424.0 0.00586659001252
15440.0 0.00579562681438
15456.0 0.00568284119057
15472.0 0.00561155854969
15488.0 0.00549871596233
15504.0 0.00542722184887
15520.0 0.00531502149777
15536.0 0.00524280956893
15552.0 0.00513059953775
15568.0 0.005057822441
15584.0 0.00494468535573
15600.0 0.0048726517638
15616.0 0.00475933410776
15632.0 0.00468730423894
15648.0 0.00457540620427
15664.0 0.00450150994102
15680.0 0.00438817143557
15696.0 0.00431524727602
15712.0 0.0042007568407
15728.0 0.00412828206039
15744.0 0.00401252614039
15760.0 0.00394088459182
15776.0 0.00382578915133
15792.0 0.00375330580786
15808.0 0.0036382866911
15824.0 0.00356457621098
15840.0 0.00345085645918
15856.0 0.00337615600443
15872.0 0.00326330299236
15888.0 0.00318849009972
15904.0 0.00307473423377
15920.0 0.00299926421243
15936.0 0.00288409654363
15952.0 0.00280944225543
15968.0 0.00269387844785
15984.0 0.00261885780574
16000.0 0.00250522629162
16016.0 0.00242945656003
16032.0 0.00231610949142
16048.0 0.00223874999238
16064.0 0.00212340249742
16080.0 0.0020473617235
16096.0 0.00193253174066
16112.0 0.00185555646644
16128.0 0.00174123990031
16144.0 0.00166460119512
16160.0 0.00154906791703
16176.0 0.00147185399154
16192.0 0.00135768560513
16208.0 0.00127919874874
16224.0 0.00116538405767
16240.0 0.00108637931685
16256.0 0.000970312517275
16272.0 0.000892629480073
16288.0 0.000779109286908
16304.0 0.000699738564492
16320.0 0.000585257064638
16336.0 0.000504667768715
16352.0 0.000390653519013
16368.0 0.000310834161988
16384.0 0.000195528365848
16400.0 0.000122220726095
16416.0 0.000122189451981
