0 1
0.0625 0.832757534149
0.125 0.832107378981
0.25 0.83121336106
0.5 0.353640393526
1.0 0.353629104457
2.0 0.353576064246
4.0 0.353372889516
8.0 0.352564430663
16.0 0.34933752334
32.0 0.336457825596
48.0 0.314792698677
64.0 0.284699916674
80.0 0.245697223444
96.0 0.198370242109
112.0 0.142025740951
128.0 0.0774731693923
144.0 0.04167073704
160.0 0.0416700242647
176.0 0.04166923181
192.0 0.0416683630861
208.0 0.0416674153028
224.0 0.0416663782289
240.0 0.0416652723266
256.0 0.041664078994
272.0 0.0416628199334
288.0 0.0416614728224
304.0 0.0416600513025
320.0 0.0416585510331
336.0 0.0416569543422
352.0 0.0416552959539
368.0 0.0416535451746
384.0 0.0416517286675
400.0 0.0416498331008
416.0 0.0416478594049
432.0 0.0416458063394
448.0 0.0416436661536
464.0 0.0416414472183
480.0 0.0416391309314
496.0 0.0416367616281
512.0 0.0416342943532
528.0 0.0416317864633
544.0 0.0416291607594
560.0 0.0416264863797
576.0 0.041623711858
592.0 0.0416208582768
608.0 0.0416179253262
624.0 0.0416148897533
640.0 0.0416118445692
656.0 0.0416086502574
672.0 0.0416054497447
688.0 0.0416020703407
704.0 0.0415986878363
720.0 0.0415951996093
736.0 0.0415916326329
752.0 0.0415879856669
768.0 0.0415842739031
784.0 0.0415804545565
800.0 0.0415766147474
816.0 0.0415726366619
832.0 0.0415686095904
848.0 0.0415644715257
864.0 0.0415602857153
880.0 0.0415560220856
896.0 0.0415516617243
912.0 0.0415472235437
928.0 0.0415427397876
944.0 0.041538142558
960.0 0.0415333934102
976.0 0.041528673406
992.0 0.0415237996233
1008.0 0.0415189410324
1024.0 0.0415138883584
1040.0 0.0415088927311
1056.0 0.0415036999203
1072.0 0.0414985285021
1088.0 0.0414931961746
1104.0 0.0414878266427
1120.0 0.0414823349561
1136.0 0.0414768073053
1152.0 0.0414711562597
1168.0 0.0414655145152
1184.0 0.0414597053507
1200.0 0.0414538847148
1216.0 0.0414478932485
1232.0 0.0414419148038
1248.0 0.0414357633584
1264.0 0.0414296277249
1280.0 0.0414233159903
1296.0 0.0414170715337
1312.0 0.0414106013702
1328.0 0.0414041513591
1344.0 0.0413975714425
1360.0 0.0413909381994
1376.0 0.0413841741208
1392.0 0.0413773830689
1408.0 0.0413704593212
1424.0 0.0413635374336
1440.0 0.0413564822302
1456.0 0.0413493758706
1472.0 0.0413421340248
1488.0 0.0413348692363
1504.0 0.0413274680315
1520.0 0.0413200736474
1536.0 0.0413124845602
1552.0 0.0413049627509
1568.0 0.0412972437581
1584.0 0.0412895356166
1600.0 0.0412816876483
1616.0 0.0412737609307
1632.0 0.0412657542234
1648.0 0.0412576687668
1664.0 0.0412495033206
1680.0 0.0412413229926
1696.0 0.0412330000476
1712.0 0.041224630287
1728.0 0.0412161157391
1744.0 0.0412075866194
1760.0 0.0411989136425
1776.0 0.0411902264039
1792.0 0.041181394068
1808.0 0.0411726175388
1824.0 0.0411636270839
1840.0 0.0411546242276
1856.0 0.041145543552
1872.0 0.0411360623085
1888.0 0.041127074334
1904.0 0.0411174290809
1920.0 0.041108287328
1936.0 0.0410985524741
1952.0 0.0410892588031
1968.0 0.0410795868868
1984.0 0.0410698371512
2000.0 0.0410597014194
2016.0 0.0410500998815
2032.0 0.0410401107973
2048.0 0.0410300442038
2064.0 0.0410199760602
2080.0 0.0410097510378
2096.0 0.0409994463358
2112.0 0.0409890616443
2128.0 0.0409785982034
2144.0 0.0409680547729
2160.0 0.040957432593
2176.0 0.0409467304235
2192.0 0.0409360332146
2208.0 0.0409251735463
2224.0 0.0409142345086
2240.0 0.0409032154812
2256.0 0.0408921607996
2272.0 0.0408809399381
2288.0 0.0408697268276
2304.0 0.0408583469171
2320.0 0.040847020643
2336.0 0.0408355263288
2352.0 0.0408239976006
2368.0 0.040812299592
2384.0 0.0408006133649
2400.0 0.0407887553773
2416.0 0.0407769107212
2432.0 0.0407648936846
2448.0 0.0407529380352
2464.0 0.0407408093852
2480.0 0.0407286491115
2496.0 0.0407163139768
2512.0 0.0407039958941
2528.0 0.0406915010903
2544.0 0.0406790248888
2560.0 0.040666370726
2576.0 0.0406538346872
2592.0 0.0406410227155
2608.0 0.0406282308963
2624.0 0.0406152586354
2640.0 0.0406023086972
2656.0 0.0405891770773
2672.0 0.0405760690202
2688.0 0.0405627780412
2704.0 0.0405496154176
2720.0 0.0405361663198
2736.0 0.0405227426449
2752.0 0.0405091335679
2768.0 0.0404956044805
2784.0 0.0404817833382
2800.0 0.0404680967519
2816.0 0.0404541156304
2832.0 0.0404403264219
2848.0 0.0404262401979
2864.0 0.040412239234
2880.0 0.0403979387744
2896.0 0.0403837806217
2912.0 0.0403693198729
2928.0 0.0403550042215
2944.0 0.0403403834935
2960.0 0.0403259673901
2976.0 0.0403112443499
2992.0 0.0402966143208
3008.0 0.0402816742547
3024.0 0.0402668870369
3040.0 0.0402517866816
3056.0 0.0402368419649
3072.0 0.0402215816305
3088.0 0.0402065975391
3104.0 0.0401911787758
3120.0 0.0401759196815
3136.0 0.040160340009
3152.0 0.0401449234159
3168.0 0.0401291837642
3184.0 0.0401136096723
3200.0 0.0400977100414
3216.0 0.0400821018454
3232.0 0.0400660434756
3248.0 0.0400501550061
3264.0 0.0400339360371
3280.0 0.0400178900688
3296.0 0.0400015111207
3312.0 0.0399853076535
3328.0 0.0399686406809
3344.0 0.0399525358056
3360.0 0.0399357091639
3376.0 0.0399193206046
3392.0 0.0399023318136
3408.0 0.0398857869956
3424.0 0.0398686369853
3440.0 0.0398519359086
3456.0 0.039834624369
3472.0 0.0398178340017
3488.0 0.0398004291409
3504.0 0.039783416167
3520.0 0.0397657831189
3536.0 0.0397486141963
3552.0 0.0397308196189
3568.0 0.0397134944377
3584.0 0.0396954006745
3600.0 0.0396781263394
3616.0 0.0396599404952
3632.0 0.0396424420032
3648.0 0.0396240245614
3664.0 0.0396063713609
3680.0 0.0395877911496
3696.0 0.0395699829306
3712.0 0.0395512399498
3728.0 0.0395333486409
3744.0 0.0395145160594
3760.0 0.0394963264948
3776.0 0.0394773314539
3792.0 0.0394589862507
3808.0 0.0394398293705
3824.0 0.0394213285287
3840.0 0.0394018619214
3856.0 0.0393835012163
3872.0 0.0393638730798
3888.0 0.0393452107086
3904.0 0.0393254185624
3920.0 0.0393066017929
3936.0 0.0392866465672
3952.0 0.0392676753991
3968.0 0.0392475567839
3984.0 0.0392285081066
4000.0 0.0392083042312
4016.0 0.0391890251963
4032.0 0.0391685810422
4048.0 0.0391491476089
4064.0 0.0391285403753
4080.0 0.0391089525435
4096.0 0.0390864128488
4112.0 0.0390685376618
4128.0 0.0390458537999
4144.0 0.0390279342776
4160.0 0.0390049723124
4176.0 0.0389869222645
4192.0 0.0389639531685
4208.0 0.0389451605818
4224.0 0.0389221821847
4240.0 0.0389024198021
4256.0 0.0388801123252
4272.0 0.0388608425915
4288.0 0.0388375619082
4304.0 0.0388189894478
4320.0 0.0387951500778
4336.0 0.0387765376226
4352.0 0.0387527004228
4368.0 0.0387328651815
4384.0 0.0387093408091
4400.0 0.0386893223359
4416.0 0.0386653970856
4432.0 0.0386463887131
4448.0 0.0386217931626
4464.0 0.0386027305336
4480.0 0.0385778606004
4496.0 0.0385571702768
4512.0 0.0385330428823
4528.0 0.0385135747249
4544.0 0.0384884198676
4560.0 0.0384688097131
4576.0 0.0384434620128
4592.0 0.0384226095398
4608.0 0.0383975399427
4624.0 0.0383780339607
4640.0 0.0383521858605
4656.0 0.0383309306494
4672.0 0.0383059844471
4688.0 0.0382858140556
4704.0 0.038259761641
4720.0 0.0382386462566
4736.0 0.0382129671266
4752.0 0.0381922749429
4768.0 0.0381660681298
4784.0 0.0381450823409
4800.0 0.0381187676349
4816.0 0.0380977257293
4832.0 0.038071065642
4848.0 0.0380493391746
4864.0 0.0380229801333
4880.0 0.0380021205295
4896.0 0.037974839748
4912.0 0.0379526491551
4928.0 0.0379260054998
4944.0 0.0379052559592
4960.0 0.0378775628284
4976.0 0.0378551638906
4992.0 0.0378279032615
5008.0 0.0378063144505
5024.0 0.0377786358915
5040.0 0.0377570585519
5056.0 0.037728980045
5072.0 0.0377060233505
5088.0 0.0376782703826
5104.0 0.0376564679561
5120.0 0.0376279851609
5136.0 0.0376061638221
5152.0 0.0375776590143
5168.0 0.037554403134
5184.0 0.0375260071492
5200.0 0.0375028042853
5216.0 0.0374743645852
5232.0 0.0374526585802
5248.0 0.0374229669505
5264.0 0.0374003953221
5280.0 0.037371177429
5296.0 0.0373475572552
5312.0 0.0373184013695
5328.0 0.0372946047846
5344.0 0.0372653791406
5360.0 0.0372423815212
5376.0 0.0372124387615
5392.0 0.0371900553255
5408.0 0.0371594949719
5424.0 0.0371365519191
5440.0 0.0371059385492
5456.0 0.0370822886118
5472.0 0.0370519080797
5488.0 0.0370277614629
5504.0 0.0369974953346
5520.0 0.0369731735468
5536.0 0.0369426910126
5552.0 0.0369183593037
5568.0 0.0368877608156
5584.0 0.0368631485231
5600.0 0.0368324049377
5616.0 0.0368076878527
5632.0 0.0367767061588
5648.0 0.0367520436403
5664.0 0.0367209658349
5680.0 0.0366961002422
5696.0 0.0366647328621
5712.0 0.0366397488353
5728.0 0.0366082100047
5744.0 0.0365830948322
5760.0 0.0365513290545
5776.0 0.0365262668983
5792.0 0.0364943064173
5808.0 0.0364691924849
5824.0 0.0364371129497
5840.0 0.0364117246345
5856.0 0.0363795706904
5872.0 0.0363540360377
5888.0 0.0363211345943
5904.0 0.036296331629
5920.0 0.0362628628178
5936.0 0.0362382328532
5952.0 0.0362038677248
5968.0 0.0361786108653
5984.0 0.0361444888059
6000.0 0.0361184962285
6016.0 0.0360851517421
6032.0 0.036059363169
6048.0 0.0360260949517
6064.0 0.0360000936932
6080.0 0.0359659378398
6096.0 0.0359406936918
6112.0 0.0359053652782
6128.0 0.0358792424852
6144.0 0.0358443735465
6160.0 0.035818179755
6176.0 0.0357841463663
6192.0 0.0357577851547
6208.0 0.0357227487961
6224.0 0.0356968913948
6240.0 0.0356606784454
6256.0 0.0356338825619
6272.0 0.0355990126932
6288.0 0.0355724725902
6304.0 0.0355374368517
6320.0 0.035507444176
6336.0 0.0354787263727
6352.0 0.0354431353577
6368.0 0.0354163323434
6384.0 0.0353794472337
6400.0 0.0353524783495
6416.0 0.035316749368
6432.0 0.0352902681721
6448.0 0.0352527750798
6464.0 0.0352252416181
6480.0 0.0351891998092
6496.0 0.035161912517
6512.0 0.0351245133658
6528.0 0.0350966537451
6544.0 0.0350602172591
6560.0 0.0350327823892
6576.0 0.0349951265274
6592.0 0.0349670883253
6608.0 0.0349301467889
6624.0 0.0349023755288
6640.0 0.034864168111
6656.0 0.0348359193938
6672.0 0.0347987865645
6688.0 0.03477114552
6704.0 0.0347320758891
6720.0 0.0347039338247
6736.0 0.0346658467013
6752.0 0.0346377973379
6768.0 0.0345984855681
6784.0 0.034570605485
6800.0 0.034531793495
6816.0 0.0345029631483
6832.0 0.0344647675119
6848.0 0.0344364130721
6864.0 0.0343962198669
6880.0 0.03436789054
6896.0 0.0343283437622
6912.0 0.0342991286594
6928.0 0.0342604369638
6944.0 0.0342316726549
6960.0 0.0341910264856
6976.0 0.0341626140688
6992.0 0.0341221700437
7008.0 0.0340930510524
7024.0 0.0340528528867
7040.0 0.0340232648094
7056.0 0.0339838966128
7072.0 0.0339544294499
7088.0 0.0339130115984
7104.0 0.0338842612412
7120.0 0.0338427153443
7136.0 0.0338135073724
7152.0 0.0337721943134
7168.0 0.033742271396
7184.0 0.0337013341019
7200.0 0.033671189508
7216.0 0.033630662393
7232.0 0.0336001624966
7248.0 0.0335592453549
7264.0 0.0335288223478
7280.0 0.0334866201024
7296.0 0.0334569817991
7312.0 0.0334141176246
7328.0 0.0333848547762
7344.0 0.0333415649208
7360.0 0.0333120683044
7376.0 0.0332687431048
7392.0 0.0332390195413
7408.0 0.0331955346726
7424.0 0.0331656387284
7440.0 0.033122189824
7456.0 0.0330921968383
7472.0 0.0330483926314
7488.0 0.0330182697402
7504.0 0.0329742339356
7520.0 0.0329440698094
7536.0 0.0328996799425
7552.0 0.0328695337985
7568.0 0.0328248968321
7584.0 0.0327949488017
7600.0 0.0327498957655
7616.0 0.032719786826
7632.0 0.0326745589289
7648.0 0.0326441529738
7664.0 0.0325993588185
7680.0 0.0325679188898
7696.0 0.0325239875678
7712.0 0.0324915809435
7728.0 0.0324476328794
7744.0 0.0324146697386
7760.0 0.0323700160302
7776.0 0.0323381308882
7792.0 0.0322929405056
7808.0 0.0322617117122
7824.0 0.0322154572823
7840.0 0.0321849183214
7856.0 0.0321383792775
7872.0 0.03210669845
7888.0 0.0320612656184
7904.0 0.0320277447209
7920.0 0.0319818998501
7936.0 0.0319497837305
7952.0 0.0319032186436
7968.0 0.0318721969549
7984.0 0.0318248239113
8000.0 0.0317926039294
8016.0 0.0317462881122
8032.0 0.0317124460163
8048.0 0.0316655978656
8064.0 0.0316339641637
8080.0 0.0315860014296
8096.0 0.0315539904127
8112.0 0.031506984763
8128.0 0.0314728056569
8144.0 0.0314252376
8160.0 0.0313935214283
8176.0 0.0313450099286
8192.0 0.0313116924155
8208.0 0.0312638626873
8224.0 0.0312307959941
8240.0 0.0311820510366
8256.0 0.0311498477966
8272.0 0.0311014041951
8288.0 0.0310669181522
8304.0 0.0310181555225
8320.0 0.0309858043949
8336.0 0.0309370157221
8352.0 0.0309023402466
8368.0 0.0308532561085
8384.0 0.030820881108
8400.0 0.0307712897492
8416.0 0.0307364012782
8432.0 0.0306867996883
8448.0 0.0306540851972
8464.0 0.0306043757143
8480.0 0.0305695387095
8496.0 0.0305194066461
8512.0 0.0304861365686
8528.0 0.0304357738376
8544.0 0.0304016396868
8560.0 0.0303511551113
8576.0 0.0303162210649
8592.0 0.0302653948285
8608.0 0.0302325020661
8624.0 0.0301815856089
8640.0 0.0301463291239
8656.0 0.0300950899182
8672.0 0.0300607998187
8688.0 0.0300088394668
8704.0 0.0299754146808
8720.0 0.0299238809398
8736.0 0.0298885720586
8752.0 0.0298369369355
8768.0 0.0298018732936
8784.0 0.0297493325522
8800.0 0.0297156290429
8816.0 0.0296631220956
8832.0 0.0296281682068
8848.0 0.0295760026103
8864.0 0.0295402044905
8880.0 0.0294879917684
8896.0 0.0294522317832
8912.0 0.0293991937424
8928.0 0.0293645585717
8944.0 0.029310726836
8960.0 0.0292761508824
8976.0 0.0292229745651
8992.0 0.0291875391887
9008.0 0.0291341489458
9024.0 0.0290981741049
9040.0 0.0290447354962
9056.0 0.0290082655262
9072.0 0.0289547481681
9088.0 0.0289182961801
9104.0 0.0288644954482
9120.0 0.0288287912697
9136.0 0.028773939512
9152.0 0.0287387301527
9168.0 0.0286830738488
9184.0 0.0286481605749
9200.0 0.0285919592259
9216.0 0.0285570834664
9232.0 0.0285008408825
9248.0 0.0284660358115
9264.0 0.0284093486344
9280.0 0.0283744031166
9296.0 0.0283174077627
9312.0 0.0282822904844
9328.0 0.0282251001172
9344.0 0.0281898712255
9360.0 0.0281327856508
9376.0 0.0280973648462
9392.0 0.0280401989719
9408.0 0.0280041918871
9424.0 0.0279473673637
9440.0 0.0279105991379
9456.0 0.0278540657393
9472.0 0.027816907797
9488.0 0.0277605997952
9504.0 0.0277234750269
9520.0 0.0276666365517
9536.0 0.0276294894607
9552.0 0.0275720550943
9568.0 0.0275348801
9584.0 0.0274768234892
9600.0 0.0274399414799
9616.0 0.027381574212
9632.0 0.027344896207
9648.0 0.027286929197
9664.0 0.0272492435716
9680.0 0.0271913289578
9696.0 0.0271534188655
9712.0 0.0270950903522
9728.0 0.0270572782317
9744.0 0.0269983879313
9760.0 0.0269611010135
9776.0 0.0269024875762
9792.0 0.0268643086818
9808.0 0.026805431713
9824.0 0.0267670754774
9840.0 0.0267077743778
9856.0 0.0266695731608
9872.0 0.0266107340165
9888.0 0.0265721672657
9904.0 0.0265127830762
9920.0 0.0264740653375
9936.0 0.0264142247734
9952.0 0.0263757240606
9968.0 0.0263160537069
9984.0 0.0262770246909
10000.0 0.0262169968644
10016.0 0.0261784096512
10032.0 0.0261178963067
10048.0 0.0260791314423
10064.0 0.0260184323856
10080.0 0.0259794997912
10096.0 0.0259180535451
10112.0 0.0258794979557
10128.0 0.025818480801
10144.0 0.0257795695991
10160.0 0.0257177286759
10176.0 0.0256791337118
10192.0 0.0256172865878
10208.0 0.0255781766522
10224.0 0.0255156455865
10240.0 0.0254769604016
10256.0 0.0254147632458
10272.0 0.0253758514238
10288.0 0.0253130382243
10304.0 0.0252739596024
10320.0 0.025210912015
10336.0 0.0251718371135
10352.0 0.0251089026895
10368.0 0.0250692811927
10384.0 0.0250056947608
10400.0 0.0249668303745
10416.0 0.0249031577523
10432.0 0.0248639048896
10448.0 0.0247999389723
10464.0 0.0247603537498
10480.0 0.0246958130238
10496.0 0.0246565139656
10512.0 0.0245921546113
10528.0 0.0245529742972
10544.0 0.0244894873872
10560.0 0.0244431653693
10576.0 0.0243961916535
10592.0 0.024330701594
10608.0 0.0242912896823
10624.0 0.0242258120243
10640.0 0.0241864587095
10656.0 0.0241210312775
10672.0 0.0240812228284
10688.0 0.024015064639
10704.0 0.02397525774
10720.0 0.0239085613263
10736.0 0.023869036251
10752.0 0.0238023004626
10768.0 0.0237628178624
10784.0 0.0236976161374
10800.0 0.0236506864469
10816.0 0.0236022028506
10832.0 0.0235357327639
10848.0 0.0234957823178
10864.0 0.0234283703385
10880.0 0.0233881197765
10896.0 0.0233205543289
10912.0 0.0232806066731
10928.0 0.0232123039574
10944.0 0.0231724366011
10960.0 0.0231035891503
10976.0 0.0230638265866
10992.0 0.0229958971555
11008.0 0.0229491624783
11024.0 0.0229005216932
11040.0 0.0228314175316
11056.0 0.022791630785
11072.0 0.0227218181888
11088.0 0.022681970985
11104.0 0.0226119385725
11120.0 0.0225719676639
11136.0 0.022501689392
11152.0 0.0224619110164
11168.0 0.0223917527288
11184.0 0.0223516556351
11200.0 0.0222812183142
11216.0 0.0222407851403
11232.0 0.0221703540202
11248.0 0.0221296446033
11264.0 0.0220586954112
11280.0 0.0220183338558
11296.0 0.0219471322936
11312.0 0.0219067155517
11328.0 0.0218348176461
11344.0 0.0217943900529
11360.0 0.0217223355787
11376.0 0.0216818155944
11392.0 0.0216094030274
11408.0 0.0215693136846
11424.0 0.0214972691315
11440.0 0.021456638464
11456.0 0.0213839598852
11472.0 0.0213431924913
11488.0 0.0212699350733
11504.0 0.0212291661293
11520.0 0.0211557853164
11536.0 0.0211153167984
11552.0 0.0210421871156
11568.0 0.0210013496534
11584.0 0.0209275084355
11600.0 0.0208865320767
11616.0 0.0208124223667
11632.0 0.0207713409053
11648.0 0.0206969803754
11664.0 0.0206563959034
11680.0 0.0205821472969
11696.0 0.0205410670757
11712.0 0.0204659509854
11728.0 0.0204248794452
11744.0 0.020349948137
11760.0 0.0203088288511
11776.0 0.0202331246205
11792.0 0.0201921380305
11808.0 0.020116585098
11824.0 0.0200757153919
11840.0 0.0199997231369
11856.0 0.0199583341188
11872.0 0.0198820067137
11888.0 0.0198408452627
11904.0 0.019764470732
11920.0 0.0197230770633
11936.0 0.0196465177505
11952.0 0.0196052043814
11968.0 0.0195283319311
11984.0 0.0194866238849
12000.0 0.0194092395634
12016.0 0.0193679094523
12032.0 0.0192903189562
12048.0 0.0192487680987
12064.0 0.0191710523477
12080.0 0.0191298471815
12096.0 0.0190514859332
12112.0 0.0190097719963
12128.0 0.0189313943161
12144.0 0.0188898453188
12160.0 0.0188110841227
12176.0 0.0187694752883
12192.0 0.0186911093895
12208.0 0.0186487980111
12224.0 0.0185695392056
12240.0 0.0185278689838
12256.0 0.0184487345031
12272.0 0.0184065530302
12288.0 0.0183270945608
12304.0 0.0182848151162
12320.0 0.0182051445814
12336.0 0.0181633379434
12352.0 0.0180830789583
12368.0 0.0180412521678
12384.0 0.0179606682638
12400.0 0.017918470979
12416.0 0.0178378163866
12432.0 0.0177955155495
12448.0 0.0177162065179
12464.0 0.0176657796093
12480.0 0.0176109659862
12496.0 0.0175296392334
12512.0 0.0174870482016
12528.0 0.0174051584215
12544.0 0.017362946565
12560.0 0.0172810195805
12576.0 0.0172390250599
12592.0 0.0171568057104
12608.0 0.0171145966443
12624.0 0.0170321556183
12640.0 0.0169896203931
12656.0 0.0169069387783
12672.0 0.0168641803265
12688.0 0.0167816639615
12704.0 0.0167388732658
12720.0 0.016655957573
12736.0 0.016612896835
12752.0 0.0165298124821
12768.0 0.0164865046446
12784.0 0.0164032215579
12800.0 0.0163597258379
12816.0 0.0162793555495
12832.0 0.0162253312808
12848.0 0.0161575339255
12864.0 0.0160891843942
12880.0 0.0160420463587
12896.0 0.0159573671752
12912.0 0.0159142692327
12928.0 0.0158293569013
12944.0 0.0157864521119
12960.0 0.0157015205582
12976.0 0.0156584461786
12992.0 0.0155731401
13008.0 0.0155299417056
13024.0 0.0154444852591
13040.0 0.0154010205428
13056.0 0.0153156431558
13072.0 0.015272140615
13088.0 0.0151867511365
13104.0 0.0151431732566
13120.0 0.0150567110499
13136.0 0.0150131142578
13152.0 0.0149258068901
13168.0 0.0148824137923
13184.0 0.014795001012
13200.0 0.0147519672472
13216.0 0.0146651336161
13232.0 0.0146216276648
13248.0 0.0145348780537
13264.0 0.014491058345
13280.0 0.0144026655375
13296.0 0.0143590309209
13312.0 0.0142702183231
13328.0 0.0142271104595
13344.0 0.0141469385948
13360.0 0.0140957204716
13376.0 0.0140072042693
13392.0 0.0139635426795
13408.0 0.0138735367491
13424.0 0.0138300645919
13440.0 0.0137409320359
13456.0 0.0136975091746
13472.0 0.0136084776907
13488.0 0.0135645634207
13504.0 0.0134738933909
13520.0 0.013430105926
13536.0 0.0133407504534
13552.0 0.0132967540235
13568.0 0.013205943857
13584.0 0.0131618218621
13600.0 0.0130719489376
13616.0 0.0130277299012
13632.0 0.0129372778274
13648.0 0.0128924095733
13664.0 0.0128015835949
13680.0 0.0127572402336
13696.0 0.012669122739
13712.0 0.0126147050332
13728.0 0.0125476871111
13744.0 0.0124624297084
13760.0 0.0124174861153
13776.0 0.012327514289
13792.0 0.012281317216
13808.0 0.0121893192975
13824.0 0.0121442668814
13840.0 0.0120533599833
13856.0 0.0120074041192
13872.0 0.0119160547982
13888.0 0.0118703392128
13904.0 0.0117781490713
13920.0 0.0117320443894
13936.0 0.0116411238496
13952.0 0.0115942908907
13968.0 0.0115020874176
13984.0 0.0114562611489
14000.0 0.0113641872713
14016.0 0.0113171909228
14032.0 0.0112260449861
14048.0 0.0111783476438
14064.0 0.0110860613908
14080.0 0.0110390917055
14096.0 0.0109465053366
14112.0 0.0108996091301
14128.0 0.0108132138913
14144.0 0.0107594233906
14160.0 0.0106682207171
14176.0 0.0106193064793
14192.0 0.0105267008881
14208.0 0.0104787155214
14224.0 0.0103858606604
14240.0 0.0103381571174
14256.0 0.0102455636176
14272.0 0.0101967836259
14288.0 0.0101068731869
14304.0 0.0100516692272
14320.0 0.00998228479211
14336.0 0.00989141168805
14352.0 0.00984241808077
14368.0 0.00975009586346
14384.0 0.00970010765727
14400.0 0.00960728224981
14416.0 0.00955741340789
14432.0 0.00946430431651
14448.0 0.00941431363002
14464.0 0.00932100208444
14480.0 0.00927111650052
14496.0 0.0091782529585
14512.0 0.00912783039038
14528.0 0.00903446427827
14544.0 0.00898378933998
14560.0 0.0088905112784
14576.0 0.00883945406441
14592.0 0.00874589417914
14608.0 0.00869499942457
14624.0 0.00860203202013
14640.0 0.0085504207699
14656.0 0.00845702210391
14672.0 0.00840511693854
14688.0 0.00831144388974
14704.0 0.0082595967013
14720.0 0.00816580955886
14736.0 0.00811384424631
14752.0 0.00802060152895
14768.0 0.0079678415914
14784.0 0.00787479202714
14800.0 0.00782124335529
14816.0 0.00772883494768
14832.0 0.00767433849252
14848.0 0.00758144983749
14864.0 0.00752784938945
14880.0 0.00743440204763
14896.0 0.00738103381735
14912.0 0.0072863205942
14928.0 0.00723308629993
14944.0 0.00713840098011
14960.0 0.00708483990678
14976.0 0.0069913569107
14992.0 0.00693634641409
15008.0 0.00684313656066
15024.0 0.00678843889145
15040.0 0.00669369931514
15056.0 0.00663946143089
15072.0 0.00654418425032
15088.0 0.00648973771112
15104.0 0.00639585321704
15120.0 0.00634023442771
15136.0 0.00624678987622
15152.0 0.00619116426607
15168.0 0.00609622781623
15184.0 0.00604089705132
15200.0 0.00594466185621
15216.0 0.00589019857502
15232.0 0.00579424737386
15248.0 0.00573935438129
15264.0 0.0056440787509
15280.0 0.00558814186354
15296.0 0.00549364907673
15312.0 0.00543612510963
15328.0 0.00534291928669
15344.0 0.00528260932651
15360.0 0.00519062132916
15376.0 0.00513183954168
15392.0 0.0050375560299
15408.0 0.00497963521535
15424.0 0.00488484634315
15440.0 0.00482674973758
15456.0 0.00473169485358
15472.0 0.00467356507405
15488.0 0.00457878271263
15504.0 0.00452008122475
15520.0 0.00442553573165
15536.0 0.00436647026025
15552.0 0.00427372732265
15568.0 0.00421226588481
15584.0 0.00411889946267
15600.0 0.00405785533472
15616.0 0.00396438225983
15632.0 0.0039032404702
15648.0 0.00380973546149
15664.0 0.00374809668245
15680.0 0.00365480187887
15696.0 0.00359320402473
15712.0 0.0034990389471
15728.0 0.00343789746752
15744.0 0.00334324191126
15760.0 0.00328233792006
15776.0 0.00318745014604
15792.0 0.00312618558174
15808.0 0.00303045295671
15824.0 0.00296941347932
15840.0 0.00287344491609
15856.0 0.00281218562242
15872.0 0.00271680736975
15888.0 0.00265459037159
15904.0 0.00256066464258
15920.0 0.00249785175317
15936.0 0.00240331618126
15952.0 0.00234020317597
15968.0 0.0022442008187
15984.0 0.00218181206
16000.0 0.00208626359699
16016.0 0.00202273669222
16032.0 0.00192853223989
16048.0 0.00186472692183
16064.0 0.00176995045112
16080.0 0.00170567480683
16096.0 0.00160899873902
16112.0 0.00154569785127
16128.0 0.00145048670859
16144.0 0.00138642033932
16160.0 0.00129181438899
16176.0 0.00122634789234
16192.0 0.00113018338568
16208.0 0.00106538470887
16224.0 0.000970962920559
16240.0 0.000905279087926
16256.0 0.000809437639889
16272.0 0.00074424986656
16288.0 0.000648411518894
16304.0 0.000582532362909
16320.0 0.000488992009973
16336.0 0.000421048317168
16352.0 0.000325361887664
16368.0 0.000258387990801
16384.0 0.000165182477896
16400.0 0.000101775867509
16416.0 0.000101751684617
