0 1
0.0625 0.747685185185
0.125 0.745858175713
0.25 0.0625
4.0 0.062261986686
8.0 0.0314308895237
16.0 0.0314270822625
32.0 0.0314194974844
48.0 0.0314119127062
64.0 0.031404327928
80.0 0.0313967431498
96.0 0.0313891583716
112.0 0.0313815735934
128.0 0.0313739888152
144.0 0.031366404037
160.0 0.0313588192588
176.0 0.0313512344807
192.0 0.0313436497025
208.0 0.0313360797964
224.0 0.0313284801461
240.0 0.03132091024
256.0 0.0313133254618
272.0 0.0313057406836
288.0 0.0312981559054
304.0 0.0312905711273
320.0 0.0312829863491
336.0 0.0312754015709
352.0 0.0312678167927
368.0 0.0312602320145
384.0 0.0312526472363
400.0 0.0312450624581
416.0 0.0312374776799
432.0 0.0312299077739
448.0 0.0312223081236
464.0 0.0312147233454
480.0 0.0312071385672
496.0 0.0311995389169
512.0 0.0311919690108
528.0 0.000365482203909
544.0 0.000365467331795
560.0 0.000365452459681
576.0 0.000365437587567
592.0 0.000365422715453
608.0 0.000365407843339
624.0 0.000365392971225
640.0 0.000365378099111
656.0 0.000365363226997
672.0 0.000365348354882
688.0 0.000365333482768
704.0 0.000365318610654
720.0 0.00036530373854
736.0 0.000365288866426
752.0 0.000365273994312
768.0 0.000365259122198
784.0 0.000365244250084
800.0 0.00036522937797
816.0 0.000365214505856
832.0 0.000365199633741
848.0 0.000365184761627
864.0 0.000365169889513
880.0 0.000365155017399
896.0 0.000365140145285
912.0 0.000365125273171
928.0 0.000365110401057
944.0 0.000365095528943
960.0 0.000365080656829
976.0 0.000365065784715
992.0 0.000365050912601
1008.0 0.000365036040486
1024.0 0.000243664717349
