0 1
0.0625 0.74926763773
0.25 0.499571859837
0.5 0.499567389488
1.0 0.499547723215
2.0 0.49946547579
4.0 0.499129330739
8.0 0.497770439833
16.0 0.492306195665
32.0 0.470391917974
48.0 0.433829922229
64.0 0.382620207965
80.0 0.316762775183
96.0 0.236257623881
112.0 0.141104754061
128.0 0.0313041727059
144.0 0.03130222857
160.0 0.0313000567257
176.0 0.0312976501882
192.0 0.0312950140797
208.0 0.0312921432778
224.0 0.0312890228815
240.0 0.0312856836244
256.0 0.0312820971012
272.0 0.0312782898545
288.0 0.0312742567621
304.0 0.0312699489295
320.0 0.0312654562294
336.0 0.0312606859952
352.0 0.0312557173893
368.0 0.0312504759058
384.0 0.0312450509518
400.0 0.0312393601052
416.0 0.031233435031
432.0 0.0312272273004
448.0 0.0312208808027
464.0 0.0312142129987
480.0 0.0312073878013
496.0 0.0312002757564
512.0 0.0311929420568
528.0 0.0311854328029
544.0 0.0311775552109
560.0 0.0311695011333
576.0 0.0311612924561
592.0 0.0311533454806
608.0 0.0311440452933
624.0 0.031135069672
640.0 0.0311258053407
656.0 0.0311175649986
672.0 0.0311066778377
688.0 0.0310968398117
704.0 0.0310865715146
720.0 0.0310781747103
736.0 0.0310656898655
752.0 0.0310547091067
768.0 0.0310436845757
784.0 0.0310352738015
800.0 0.0310208937153
816.0 0.0310091027059
832.0 0.0309969112277
848.0 0.0309887030162
864.0 0.0309723215178
880.0 0.0309595419094
896.0 0.0309464740567
912.0 0.030938453041
928.0 0.0309199150652
944.0 0.0309062451124
960.0 0.0308924228884
976.0 0.0308844000101
992.0 0.0308638270944
1008.0 0.0308491028845
1024.0 0.0308344615623
1040.0 0.0308266864158
1056.0 0.0308038610965
1072.0 0.0307883718051
1088.0 0.0307725877501
1104.0 0.0307639869861
1120.0 0.0307402834296
1136.0 0.0307240211405
1152.0 0.0307073011063
1168.0 0.0306974719279
1184.0 0.0306731569581
1200.0 0.030655732844
1216.0 0.0306380740367
1232.0 0.0306271421723
1248.0 0.0306018386036
1264.0 0.030583653599
1280.0 0.0305651286617
1296.0 0.0305529977195
1312.0 0.0305268932134
1328.0 0.0305079291575
1344.0 0.0304883932695
1360.0 0.0304750385694
1376.0 0.0304482635111
1392.0 0.0304280589335
1408.0 0.0304077416658
1424.0 0.0303932647221
1440.0 0.0303662903607
1456.0 0.0303446957842
1472.0 0.0303234462626
1488.0 0.0303076761775
1504.0 0.0302797388285
1520.0 0.0302577912807
1536.0 0.030235612765
1552.0 0.0302182729356
1568.0 0.0301904249936
1584.0 0.030167282559
1600.0 0.0301436255686
1616.0 0.0301250549965
1632.0 0.0300976461731
1648.0 0.0300724781118
1664.0 0.0300485333428
1680.0 0.0300280223601
1696.0 0.0300023863092
1712.0 0.0299739488401
1728.0 0.0299492725171
1744.0 0.0299271750264
1760.0 0.0299032833427
1776.0 0.0298724141903
1792.0 0.0298456400633
1808.0 0.0298225129955
1824.0 0.0297998893075
1840.0 0.0297663728707
1856.0 0.0297395400703
1872.0 0.0297140362673
1888.0 0.0296932635829
1904.0 0.029656233266
1920.0 0.0296287406236
1936.0 0.0296017448418
1952.0 0.0295830625109
1968.0 0.0295430934057
1984.0 0.0295147364959
2000.0 0.0294856387191
2016.0 0.0294685405679
2032.0 0.0294256876223
2048.0 0.0293959961273
2064.0 0.0293661318719
2080.0 0.029350402765
2096.0 0.0293047470041
2112.0 0.029273939319
2128.0 0.0292428359389
2144.0 0.0292282281443
2160.0 0.0291807274334
2176.0 0.0291484864429
2192.0 0.0291174487211
2208.0 0.0291009130888
2224.0 0.0290527981706
2240.0 0.0290194144472
2256.0 0.0289872735739
2272.0 0.0289704659954
2288.0 0.0289194993675
2304.0 0.0288863377646
2320.0 0.0288528148085
2336.0 0.0288362125866
2352.0 0.028784875758
2368.0 0.0287501178682
2384.0 0.0287153273821
2400.0 0.0286978068762
2416.0 0.0286447647959
2432.0 0.0286089889705
2448.0 0.0285729747266
2464.0 0.0285555585288
2480.0 0.0285017983988
2496.0 0.0284643620253
2512.0 0.0284289149567
2528.0 0.0284096896648
2544.0 0.0283542959951
2560.0 0.028317142278
2576.0 0.0282789431512
2592.0 0.0282605751418
2608.0 0.0282046608627
2624.0 0.0281646279618
2640.0 0.0281269131228
2656.0 0.0281074214727
2672.0 0.0280502662063
2688.0 0.0280093299225
2704.0 0.0279699210078
2720.0 0.0279499702156
2736.0 0.0278960471042
2752.0 0.0278498958796
2768.0 0.0278091514483
2784.0 0.027788579464
2800.0 0.0277349050157
2816.0 0.0276872701943
2832.0 0.0276464782655
2848.0 0.0276247975416
2864.0 0.0275719324127
2880.0 0.0275205802172
2896.0 0.0274785305373
2912.0 0.0274561182596
2928.0 0.0274086031131
2944.0 0.027349379845
2960.0 0.0273072454147
2976.0 0.0272845220752
2992.0 0.0272371629253
3008.0 0.027174917981
3024.0 0.0271319532767
3040.0 0.0271084923297
3056.0 0.0270626433194
3072.0 0.0269979313016
3088.0 0.026950776577
3104.0 0.0269280658104
3120.0 0.0268841190264
3136.0 0.0268161543645
3152.0 0.0267686527222
3168.0 0.0267432960682
3184.0 0.0266984491609
3200.0 0.0266290628351
3216.0 0.0265824333765
3232.0 0.0265547106974
3248.0 0.0265111089684
3264.0 0.0264397519641
3280.0 0.02639162587
3296.0 0.0263623106293
3312.0 0.0263188052922
3328.0 0.0262468811125
3344.0 0.0261987755075
3360.0 0.026166095864
3376.0 0.0261245700531
3392.0 0.026049583219
3408.0 0.0259988852777
3424.0 0.0259660664015
3440.0 0.0259262272157
3456.0 0.0258492110297
3472.0 0.0257977591828
3488.0 0.0257622222416
3504.0 0.0257226559334
3520.0 0.0256435759366
3536.0 0.0255947276019
3552.0 0.0255545633845
3568.0 0.0255166408606
3584.0 0.0254368232563
3600.0 0.0253851260059
3616.0 0.0253430898301
3632.0 0.0253062662669
3648.0 0.0252264593728
3664.0 0.0251729101874
3680.0 0.0251278015785
3696.0 0.025092036929
3712.0 0.0250133578666
3728.0 0.0249562109821
3744.0 0.0249086986296
3760.0 0.0248710154556
3776.0 0.0247992943041
3792.0 0.0247360803187
3808.0 0.0246857809834
3824.0 0.0246490077116
3840.0 0.0245795762166
3856.0 0.0245119798928
3872.0 0.02445904864
3888.0 0.02442379063
3904.0 0.0243563200347
3920.0 0.0242835595272
3936.0 0.0242285015993
3952.0 0.0241946070455
3968.0 0.0241271499544
3984.0 0.0240499884821
4000.0 0.0239941463806
4016.0 0.0239603072405
4032.0 0.0238922005519
4048.0 0.0238105780445
4064.0 0.0237559694797
4080.0 0.023722759448
4096.0 0.0236585740931
4112.0 0.023571329657
4128.0 0.0235139722936
4144.0 0.0234868684784
4160.0 0.0234222030267
4176.0 0.023327883333
4192.0 0.0232682819478
4208.0 0.0232369243167
4224.0 0.0231794444844
4240.0 0.0230836155824
4256.0 0.0230191969313
4272.0 0.0229886858724
4288.0 0.0229248311371
4304.0 0.0228398786858
4320.0 0.0227694520727
4336.0 0.0227381377481
4352.0 0.0226740082726
4368.0 0.0225837044418
4384.0 0.0225143018179
4400.0 0.0224812282249
4416.0 0.0224237721413
4432.0 0.0223203115165
4448.0 0.0222555664368
4464.0 0.0222284714691
4480.0 0.0221563247032
4496.0 0.0220568613149
4512.0 0.021998540964
4528.0 0.0219610417262
4544.0 0.0218932591379
4560.0 0.0217903549783
4576.0 0.0217233356088
4592.0 0.0216983254068
4608.0 0.0216268310323
4624.0 0.0215245950967
4640.0 0.0214595799334
4656.0 0.0214201770723
4672.0 0.0213503264822
4688.0 0.0212500570342
4704.0 0.0211835079826
4720.0 0.0211452292278
4736.0 0.0210803551599
4752.0 0.0209773876704
4768.0 0.0209007435478
4784.0 0.0208664964885
4800.0 0.0207990217023
4816.0 0.0207006395794
4832.0 0.0206226250157
4848.0 0.0205876203254
4864.0 0.0205136160366
4880.0 0.0204188949428
4896.0 0.0203372593969
4912.0 0.0203060358763
4928.0 0.020226417575
4944.0 0.0201312717982
4960.0 0.0200476213358
4976.0 0.0200144951232
4992.0 0.0199435479008
5008.0 0.0198469674215
5024.0 0.0197583148256
5040.0 0.0197222833522
5056.0 0.0196453337558
5072.0 0.0195601978339
5088.0 0.0194619880058
5104.0 0.0194206945598
5120.0 0.0193499736488
5136.0 0.0192698030733
5152.0 0.0191577626392
5168.0 0.0191184766591
5184.0 0.0190436858684
5200.0 0.0189664852805
5216.0 0.0188522031531
5232.0 0.0188155546784
5248.0 0.0187366637401
5264.0 0.0186625635251
5280.0 0.0185455428436
5296.0 0.0185039001517
5312.0 0.0184308178723
5328.0 0.01834941376
5344.0 0.0182392620482
5360.0 0.0181912276894
5376.0 0.0181192285381
5392.0 0.0180357540958
5408.0 0.0179226226173
5424.0 0.0178729463369
5440.0 0.0177986584604
5456.0 0.0177239621989
5472.0 0.0175970499404
5488.0 0.0175508428365
5504.0 0.0174823375419
5520.0 0.0174011816271
5536.0 0.0172809395008
5552.0 0.0172249297611
5568.0 0.0171553879045
5584.0 0.0170723227784
5600.0 0.0169488773681
5616.0 0.0168951977976
5632.0 0.0168242030777
5648.0 0.0167409591377
5664.0 0.0166230439208
5680.0 0.0165616488084
5696.0 0.0164927165024
5712.0 0.0164086883888
5728.0 0.0162833454087
5744.0 0.0162242986262
5760.0 0.0161604983732
5776.0 0.0160773331299
5792.0 0.0159530038945
5808.0 0.0158831183799
5824.0 0.0158235589042
5840.0 0.0157354692928
5856.0 0.0156067484058
5872.0 0.0155381425284
5888.0 0.0154740395956
5904.0 0.0153887639754
5920.0 0.0152815035544
5936.0 0.0151893561706
5952.0 0.0151387052611
5968.0 0.0150441210717
5984.0 0.0149224544875
6000.0 0.0148367206566
6016.0 0.0147828687914
6032.0 0.0146993729286
6048.0 0.0145935090259
6064.0 0.0144805219024
6080.0 0.0144236087799
6096.0 0.0143394987099
6112.0 0.0142380865291
6128.0 0.014120311942
6144.0 0.0140647110529
6160.0 0.0139798168093
6176.0 0.0138813126832
6192.0 0.0137570770457
6208.0 0.0137051609345
6224.0 0.0136215635575
6240.0 0.0135133028962
6256.0 0.013388575986
6272.0 0.0133441747166
6288.0 0.0132510815747
6304.0 0.0131490677595
6320.0 0.0130189820193
6336.0 0.0129702538252
6352.0 0.0128755015321
6368.0 0.0127901057713
6384.0 0.0126484241337
6400.0 0.0125987585634
6416.0 0.0125072957017
6432.0 0.0124054611661
6448.0 0.0122645879164
6464.0 0.0122166629881
6480.0 0.0121277878061
6496.0 0.0120306331664
6512.0 0.0118841687217
6528.0 0.0118434214965
6544.0 0.0117421681061
6560.0 0.0116561274044
6576.0 0.0115093151107
6592.0 0.0114610530436
6608.0 0.0113563258201
6624.0 0.0112682664767
6640.0 0.0111230649054
6656.0 0.0110641322099
6672.0 0.0109677896835
6688.0 0.0108688944019
6704.0 0.0107212499715
6720.0 0.0106758805923
6736.0 0.0105793457478
6752.0 0.0104835717939
6768.0 0.010333894752
6784.0 0.0102771264501
6800.0 0.0101779703982
6816.0 0.0100753554143
6832.0 0.00994487060234
6848.0 0.00988579634577
6864.0 0.00977736897767
6880.0 0.00967449368909
6896.0 0.00953819137067
6912.0 0.00947394641116
6928.0 0.00937149021775
6944.0 0.00927588483319
6960.0 0.00914360349998
6976.0 0.00907119037583
6992.0 0.00896312436089
7008.0 0.00886073568836
7024.0 0.00873385276645
7040.0 0.0086667817086
7056.0 0.00855475477874
7072.0 0.00845036562532
7088.0 0.00833532912657
7104.0 0.00824470026419
7120.0 0.00813961634412
7136.0 0.00803245510906
7152.0 0.00791777903214
7168.0 0.00782683165744
7184.0 0.00772319035605
7200.0 0.00761412130669
7216.0 0.00748699251562
7232.0 0.00740356044844
7248.0 0.00730103207752
7264.0 0.00718947965652
7280.0 0.00708581134677
7296.0 0.00697377324104
7312.0 0.00688051618636
7328.0 0.0067599886097
7344.0 0.00665323296562
7360.0 0.00655039260164
7376.0 0.00643662177026
7392.0 0.00633982988074
7408.0 0.00621828762814
7424.0 0.0061117359437
7440.0 0.00600805319846
7456.0 0.00589822698385
7472.0 0.00578238954768
7488.0 0.00567231280729
7504.0 0.00556387845427
7520.0 0.00547025771812
7536.0 0.00534324767068
7552.0 0.00522850081325
7568.0 0.00512168556452
7584.0 0.00502804247662
7600.0 0.00489902682602
7616.0 0.00478114746511
7632.0 0.00469053536654
7648.0 0.00456381309777
7664.0 0.00445867050439
7680.0 0.00432953191921
7696.0 0.00422943476588
7712.0 0.00412576505914
7728.0 0.00400472152978
7744.0 0.00387493055314
7760.0 0.00378778669983
7776.0 0.00366093823686
7792.0 0.00354507099837
7808.0 0.00341464532539
7824.0 0.00333266565576
7840.0 0.00321256928146
7856.0 0.0030925096944
7872.0 0.00295152142644
7888.0 0.00285676587373
7904.0 0.00274035194889
7920.0 0.00262525817379
7936.0 0.00248827692121
7952.0 0.00240098126233
7968.0 0.00228973897174
7984.0 0.00217517092824
8000.0 0.00203724531457
8016.0 0.00193067220971
8032.0 0.00181939871982
8048.0 0.00170519109815
8064.0 0.00156619865447
8080.0 0.00147081632167
8096.0 0.00135465431958
8112.0 0.00123967509717
8128.0 0.00108791189268
8144.0 0.00101004261523
8160.0 0.00089455395937
8176.0 0.000776664819568
8192.0 0.000636521726847
8208.0 0.0005042408593
8224.0 0.000383561011404
8240.0 0.00026576872915
8256.0 0.000133340246975
8272.0 9.17315483093e-05
